
classError =

     0


cfMat =

        1413           0
           0          36


C =

   412    27
     9     1


rate =

    0.9198    0.9385    0.1000

classError =

     0


cfMat =

   431     0
     0    18


C =

   808   173
    23    10


rate =

    0.8067    0.8236    0.3030


classError =

     0


cfMat =

        1335           0
           0          84


C =

   229    20
     9     1


rate =

    0.8880    0.9197    0.1000


classError =

     0


cfMat =

   983     0
     0    76


C =

   621   354
    40    14


rate =

    0.6171    0.6369    0.2593


classError =

     0


cfMat =

        1127           0
           0          32


C =

   343    90
    11     5


rate =

    0.7751    0.7921    0.3125

>> 