
classError =

    0.0171


cfMat =

        8426         898
          39         309


C =

   439     0
    10     0


rate =

    0.9777    1.0000         0


classError =

    0.0174


cfMat =

        8427         897
          39         309


C =

   981     0
    33     0


rate =

    0.9675    1.0000         0


classError =

    0.0173


cfMat =

        8426         898
          39         309


C =

   249     0
    10     0


rate =

    0.9614    1.0000         0


classError =

    0.0176


cfMat =

        8421         903
          39         309


C =

   975     0
    54     0


rate =

    0.9475    1.0000         0


classError =

    0.0172


cfMat =

        8427         897
          39         309


C =

   433     0
    16     0


rate =

    0.9644    1.0000         0

>> 