classError =					

    0.1871				

Elapsed time is 34.034462 seconds.
----------------------------------------------------------------------------
S01

rate_cluster =

    0.1311    0.3573    0.3523    0.3548
	
221		4	2
1699	158	70
743		0	1


classError_cluster =

   3.4507e-04


rate_knn_cluster =

    0.1437    0.3460    0.3593    0.3526
	
82	693	55
1	47	0
1	19	0


rate_knn_LDA =

    0.1036    0.3519    0.3449    0.3483
	
46	778	6
0	47	1
0	20	0
--------------------------------------------------------------------
S02

rate_cluster =

    0.1617    0.3182    0.3484    0.3326

101	0	0
72	0	7
480	110	28

classError_cluster =

     0


rate_knn_cluster =

    0.4043    0.3864    0.4257    0.4051
	
696	414	604
35	95	126
8	21	29


rate_knn_LDA =

    0.8457         0    0.3346         0
	
1714	0	0
255		1	0
58		0	0
----------------------------------------------------------------------
S03

rate_cluster =

    0.0592    0.3335    0.3677    0.3497

1	0	0
1215	0	0
954	501	167

classError_cluster =

   3.5236e-04


rate_knn_cluster =

    0.0345         0    0.3333         0

0	600	1086
0	0	272
0	0	70

rate_knn_LDA =

    0.8333         0    0.3382         0

1686	0	0
268		4	0
70		0	0
-------------------------------------------------------------------------
S05

rate_cluster =

    0.1714    0.3820    0.3618    0.3716
	
208		0	0
96		0	0
1120	539	155


classError_cluster =

     0


rate_knn_cluster =

    0.2804    0.3567    0.4345    0.3917
	
468	32	1042
0	0	407
0	0	109


rate_knn_LDA =

    0.1978         0    0.3333         0
	
0	1542	0
0	407		0
0	109		0
---------------------------------------------------------------------------
S06

rate_cluster =

    0.3014    0.4065    0.3363    0.3681

976		2	4
1		0	0
2077	262	36

classError_cluster =

   2.9780e-04


rate_knn_cluster =

    0.0326         0    0.3335         0
	
1	0	1767
0	0	224
0	0	66


rate_knn_LDA =

    0.1093    0.3705    0.3335    0.3510
	
1	1721	46
0	224		0
0	66		0