A1,A2,A3,A4,A5,A6,A7,A8,A9,A10,A11,A12,A13,A14,A15,A16,A17,A18,A19,A20,A21,A22,A23,A24,A25,A26,A27,A28,A29,A30,A31,A32,A33,A34,A35,A36,A37,A38,A39,A40,A41,A42,A43,A44,A45,A46,A47,A48,A49,A50,A51,A52,A53,A54,A55,A56,A57,A58,A59,A60,A61,A62,A63,A64,A65,A66,A67,A68,A69,A70,A71,A72,A73,A74,A75,A76,A77,A78,A79,A80,A81,A82,A83,A84,A85,A86,A87,A88,A89,A90,A91,A92,A93,A94,A95,A96,A97,A98,A99,A100,A101,A102,A103,A104,A105,A106,A107,A108,A109,A110,A111,A112,A113,A114,A115,A116,A117,A118,A119,A120,A121,A122,A123,A124,A125,A126,A127,A128,A129,A130,A131,A132,A133,A134,A135,A136,A137,A138,A139,A140,A141,A142,A143,A144,A145,A146,A147,A148,A149,A150,A151,A152,A153,A154,A155,A156,A157,A158
620000,30,950,257,-336,833,151,-67,942,-184,141,1029,356,-81,1064,323,233,1066,-9,80,1000,306,-254,935,232,101.5,1009,-97,80.91,994.87,310.765,-243.705,935.315,234.04,91.815,1007.095,-94.62,72.910543597316,994.602111440592,309.952547733253,-226.322228110649,933.220809816808,229.466406361077,0,1006.45598978747,-78.0587044487411,84.5527054564193,995.003557782584,311.169158176063,249.258028957945,936.372449936456,236.345065529196,120.874335572114,1007.41470854857,100.376939582755,605.760703517588,267.098592964824,252.622889447236,2751.19394472361,1989.16158291457,1089.71698492462,6211.66912060302,647.292437185929,1128.22673366834,24.6122063927147,16.343151255643,15.8941149312328,52.4518249894473,44.6000177456755,33.0108616204519,78.8141428970906,25.4419424805955,33.5890865262564,2.73871869452052,2.65693581137303,3.25539225009664,4.23562559315748,2.98275733555181,2.93601010559057,1.85117708887783,2.41569582694374,2.30032571923234,0.315747305045951,-0.145095256808214,0.0325174507692554,1.07987558881395,0.308834939683389,0.347431971929862,0.00273021140628484,0.0671628594256124,0.0258311533652134,80,1000,306,-236,925,202,135,1009,-126,80.3444444444444,995.077777777778,310.738888888889,-247.133333333333,934.555555555556,233.338888888889,91.5944444444444,1006.93888888889,-94.6166666666667,0.798716268554975,0.798716268554975,0.798716268554975,0.798716268554975,0.798716268554975,0.798716268554975,0.798716268554975,0.798716268554975,0.798716268554975,111,79,99,255,231,172,300,124,175,627.508504442315,598.013388771239,611.496422434904,831.927,847.836,720,614.650087358334,4139.9985518689,6499.13200661837,656404.491,596869.152,623742.318,0,1285.03054221319,0,530.252507910967,0,489.905925963842,14.2921134378216,6474.19634986837,0,1366.65886966459,0,2044.31658208514,45.4072857163968,28054.0227933544,0,1844.23527578471,0,2383.27594094734,1
623125,40,950,297,-309,851,171,-67,942,-155,151,1029,356,-63,1055,323,233,1057,-19,101,990,326,-236,925,252,126,1000,-87,97.24,988.925,322.5,-225.99,932.875,249.525,115.405,1003.14,-85.005,92.4847289772035,988.651816966331,321.803691531198,-213.236301414658,931.636625414746,246.239380178811,0,1002.61422098724,-74.9122098587166,99.3067973504332,989.0616639017,322.846867725242,230.208905127495,933.510409690219,251.141364573819,133.25271104184,1003.40206796677,88.7606613314705,408.263718592965,271.677763819096,224.974874371859,1934.33155778894,1191.87876884422,813.326005025123,4460.27233668341,528.492864321608,655.884396984924,20.2055368301108,16.4826503881838,14.9991624556793,43.9810363428256,34.5235972755479,28.5188710334951,66.7852703571934,22.9889726678164,25.6102400805796,2.7819397877111,2.5233194172738,2.18497775516477,4.54903301251732,4.1104097455775,3.06401568011223,2.02118231144383,2.27273004355827,2.64358875708038,-0.163417518377475,0.0612896310040611,-0.0136153620596088,0.995757644661845,0.80751747123318,0.131003658687326,-0.253590707960074,-0.101993601247166,0.183154352768537,90,990,326,-245,925,242,184,980,-106,97.4888888888889,988.861111111111,322.444444444444,-228.405555555556,930.927777777778,249.338888888889,116.916666666667,1003.39444444444,-85.2833333333333,0.771170251528199,0.771170251528199,0.771170251528199,0.771170251528199,0.771170251528199,0.771170251528199,0.771170251528199,0.771170251528199,0.771170251528199,111,79,59,246,204,152,300,115,136,627.03562136642,595.964719797796,609.457806941319,845.199,845.034,723.096,448.760127297291,2689.86416353829,4676.51671964642,655400.949,592505.886,619470.27,0,824.457214707092,0,562.381316614388,0,436.743893704317,0,4059.46570146335,0,1438.76540206691,0,1580.18368217962,10.1886144508542,20235.4851740955,0,1428.97578454597,0,1644.27823584356,1
626250,-10,950,277,-345,842,171,-58,933,-155,161,1058,376,-27,1064,343,262,1066,-9,101,990,326,-236,925,252,126,1009,-87,95.645,989.8,325.67,-226.76,932.315,251.64,111.825,1006.045,-82.775,91.157860426168,989.40993005639,324.825081630697,-179.256369269952,930.504670713312,246.620435499491,0,1005.38306619226,-63.6528824872427,99.6912483621306,989.996292922352,326.092486880639,236.305480258076,933.243004259877,254.122824634073,141.734628796212,1006.37486306048,88.4961863585093,794.350728643215,390.572864321608,276.744824120603,4442.39437185929,1739.94550251256,1262.03055276382,7621.98429648241,667.158768844221,984.798366834171,28.1842283670001,19.762916392112,16.6356491944439,66.6512893488138,41.7126539854822,35.525069356214,87.3039764070481,25.8294167344952,31.3814972051075,3.21226853468503,2.96349395672007,3.09407983797879,4.42753029066802,3.43296211414281,2.93324634473298,1.67002884995448,3.11408207022843,2.45953181740563,-0.302980059518541,0.364787294704978,0.120326548373281,1.04166211909212,0.66465995140966,0.217015111152022,-0.158407083411868,-0.0691355037856661,0.191432766532669,101,980,316,-236,916,272,194,990,-77,96.1611111111111,989.283333333333,325.522222222222,-230.738888888889,930.922222222222,250.877777777778,112.55,1006.24444444444,-83.1388888888889,0.794115188684,0.794115188684,0.794115188684,0.794115188684,0.794115188684,0.794115188684,0.794115188684,0.794115188684,0.794115188684,171,108,99,318,222,172,320,133,146,628.161657516427,596.988477452353,611.841032160867,846.729,846.429,723.591,860.355427627199,5699.65808039315,7885.52898584293,657820.389,594816.717,624426.387,0,1326.60190451284,0,1153.65574105558,0,691.626304889175,7.40639442790822,7710.39481237582,0,2089.15437466817,0,2627.61927705115,31.0475928731157,35667.9261848976,0,1963.78074113202,0,2819.84564153405,1
629375,10,941,287,-390,842,90,-87,923,-145,191,1039,386,109,1083,353,281,1095,-9,101,990,336,-245,925,262,106,1000,-77,92.96,986.01,332.13,-227.75,931.59,258.78,110.345,1003.245,-78.91,71.8221456118551,985.718810806546,331.159781907619,-173.218598897807,928.825502818708,251.323465492778,0,1001.87581381221,-58.8209455299795,99.5651043287757,986.155286960426,332.618084294886,243.766835316045,933.033740011582,261.753892043652,156.427155570892,1003.92681257151,84.9267331292097,1278.03859296482,287.969748743718,326.08351758794,7590.15829145729,2705.55969849246,1555.79055276382,12355.2120351759,1375.39193467337,990.715477386935,35.749665634308,16.9696714388853,18.0577827428491,87.1215145154013,52.0149949388872,39.4435109081813,111.154001435737,37.0862769049869,31.4756330736482,2.71948599972092,2.82507505129298,3.11988709783792,4.8931597753924,3.47674569161604,4.86463134431921,1.55614843731435,2.05768566621734,2.16739568356894,-7.85523075542326e-05,-0.0877408205672065,0.236470708355248,1.26030032550483,0.904652700983191,-0.469940401748655,-0.0610796369532682,-0.0622528545575035,0.197991612039385,70,990,346,-245,907,232,233,1028,-77,92.7333333333333,986.116666666667,331.722222222222,-233.7,929.044444444444,259.638888888889,111.166666666667,1003.44444444444,-79.5833333333333,0.807736949392036,0.807736949392036,0.807736949392036,0.807736949392036,0.807736949392036,0.807736949392036,0.807736949392036,0.807736949392036,0.807736949392036,181,98,99,499,241,263,368,172,136,627.233593669856,598.892980445052,611.21548597106,846.66,852.342,725.256,1340.70579065166,9362.605611275,12978.907617126,655830.15,599093.598,623730.63,0,2367.6824134716,0,565.288110936812,0,903.990946553592,19.6291024058297,19528.7542741882,32.8322711652847,5667.2651361012,0,2271.92708144242,22.4116832781909,57763.0987361868,17.3397880533067,5317.18535240591,0,2899.41777852886,1
632500,0,931,287,-400,814,101,-116,923,-155,191,1029,386,181,1129,363,320,1085,38,95.5,980,336,-254,925,262,116,1009,-77,91.2,984.19,338.365,-232.21,928.295,260.22,113.045,1004.605,-74.335,0,983.859782115539,337.382956965268,-590.912839899433,925.196725092589,252.515273663227,0,1003.21994809438,0,99.882931474802,984.354529628426,338.853205680572,256.436931817552,929.927489108694,263.34209690059,164.665494260334,1005.29009992141,82.1047806159909,1667.49748743719,325.511457286432,332.283190954774,11897.9054271357,3048.77183417085,1642.82572864322,14407.5909296483,1383.89846733668,1221.61082914573,40.8350032133853,18.041936073671,18.2286365632423,109.077520264882,55.2156846753787,40.5317866450915,120.031624706359,37.2007858429991,34.9515497388274,2.57920751096595,2.75421847665649,2.61840187943661,6.40579424934566,4.65767069769062,4.6654573570595,1.5917430854475,2.20425116458269,2.69185034871389,-0.269272836988688,-0.155560403551178,-0.00506087781765438,1.69269949585107,1.06678774667008,-0.437122682100406,-0.0878595166246853,-0.238735111038937,0.494877482497572,111,980,336,-263,925,232,252,1028,-106,91.5555555555556,984.416666666667,338.444444444444,-242.455555555556,924.966666666667,261.111111111111,113.783333333333,1005.06666666667,-75.3944444444444,0.801447774959838,0.801447774959838,0.801447774959838,0.801447774959838,0.801447774959838,0.801447774959838,0.801447774959838,0.801447774959838,0.801447774959838,191,98,99,581,315,262,436,162,193,627.428811515598,599.235645211823,612.641133111407,848.253,859.599,728.127,1707.64576022065,14005.7879581841,14966.1404712349,656251.161,599924.457,626678.463,0,2384.17504127674,0,659.783951984475,0,852.661885865651,35.4887570064518,22755.3975867003,31.5259738993282,5959.44676236444,0,2440.4162355474,88.5958597638894,67857.7969828837,17.0004550782453,5264.38200763386,0,3738.78936589567,1
635625,-10,931,287,-381,833,70,-106,914,-165,191,1029,396,254,1120,353,359,1095,29,90,990,336,-254,916,262,126,1009,-87,89.13,985.02,339.88,-232.015,929.365,263.63,118.2,1003.23,-82.38,0,984.632053927082,338.799321749405,0,926.305034534108,252.261392133634,0,1001.45191968455,0,98.8952981693265,985.213560605009,340.422370005263,258.062443993697,930.993509644401,267.143931243066,171.902414177347,1004.11736365825,88.8915631542162,1845.34984924623,383.275979899498,370.829748743719,12829.4118341708,3044.83595477387,1874.47547738694,15657.4874371859,1790.19809045226,1120.84984924623,42.9575354186693,19.5774354781084,19.2569402747092,113.266993577877,55.1800322106998,43.2952131001447,125.129882271126,42.3107325681353,33.4790957053238,2.55421572574999,2.68337919952277,3.3515871477046,7.15869416033189,4.44386008058905,6.79984413911399,1.68966039192172,2.05218993162235,3.07558827551969,-0.303353723730341,-0.0688112250280761,0.211002643766606,1.86825188092758,1.21600480896,-1.00454706786949,-0.074006930723905,0.00953370375309901,0.452455316784335,101,990,336,-318,935,272,242,1028,-97,89.7555555555556,985.172222222222,339.722222222222,-244.422222222222,925.477777777778,265.538888888889,118.111111111111,1002.90555555556,-83.3277777777778,0.807736949392036,0.807736949392036,0.807736949392036,0.807736949392036,0.807736949392036,0.807736949392036,0.807736949392036,0.807736949392036,0.807736949392036,201,98,109,635,287,283,465,181,194,628.15897874851,600.66797712018,612.804490416274,848.538,862.884,736.026,1930.34343867534,15029.637800162,16458.1633938824,657788.058,602826.612,627422.298,0,3098.83432871542,0,656.309297364777,0,949.971345807662,37.1958345267004,31328.5466678257,17.4362533567988,7694.5355744404,0,3502.87597476232,62.1521170121092,73963.3098638909,49.0365318897987,7267.44259279274,0,2699.19079029837,1
638750,-30,941,267,-390,861,151,-58,895,-155,141,1058,386,27,1037,323,320,1085,29,70,990,326,-240.5,925,262,101.5,1014,-97,73.965,988.475,329.885,-236.9,930.24,254.24,104.34,1002.565,-92.395,0,988.081088301308,328.884441606509,0,928.750173966443,251.012154875997,0,1000.66996282726,0,81.6940328298218,988.674311894468,330.382740166613,251.450810298953,930.994409220593,255.753279548865,133.964062345093,1003.49494019651,97.0036854969954,1209.13947236181,396.049623115576,330.29324120603,7141.60804020101,1411.18834170854,775.640603015076,7095.00944723618,1874.89022613065,877.265301507539,34.7726828467665,19.9009955307662,18.1739715309018,84.5080353587812,37.565786850651,27.8503250073509,84.2318790437218,43.3000026112084,29.6186647488968,2.70191392584193,3.710217246503,3.9373993973244,3.32639734257187,2.8919196687908,3.51754193366903,2.20857412163197,2.10236016238855,3.77055544442948,-0.234131352258277,0.646162014534853,0.085917623619435,0.705217485486517,0.394747515115754,-0.239369643310972,0.277533077396785,-0.378029533267234,0.565949988712887,60,980,326,-236,925,262,19,1028,-97,74.6833333333333,987.583333333333,329.888888888889,-241.555555555556,928.95,254.344444444444,101.972222222222,1003.61111111111,-93.3444444444444,0.79039033594486,0.79039033594486,0.79039033594486,0.79039033594486,0.79039033594486,0.79039033594486,0.79039033594486,0.79039033594486,0.79039033594486,171,117,119,417,176,172,378,190,184,627.27767070823,598.411784287513,609.589413453811,835.815,852.99,722.208,1275.90437169693,8141.31217554656,7655.50221607068,655982.139,597232.704,620614.908,0,3935.16249800898,0,772.983858793673,0,902.789391024409,43.9239894142898,27744.0252973625,0,4091.15255008187,0,1861.92892993962,17.3768986697477,33289.3974906064,48.9189369941793,7298.27337469585,0,2374.34836015164,1
641875,10,941,297,-381,861,191,-48,933,-145,131,1049,376,-90,1000,333,252,1085,-19,70,990,336,-254,925,252,97,1009,-77,72.605,988.53,335.42,-244.27,928.575,255.745,94.01,1006.935,-78.575,62.5778543961098,988.195821085065,334.675840586398,-229.609424088804,927.719859535885,253.277738459041,0,1006.05465288679,-68.4713241677585,76.4173082488516,988.698629512553,335.78811771711,250.404892124735,929.005029588107,256.976137024433,116.530811376219,1007.37544887693,82.7615550844714,570.973844221105,335.094572864323,248.325226130653,3050.0272361809,802.828517587939,634.401984924624,4765.3767839196,891.65907035176,678.838567839195,23.8950589917896,18.3055885691863,15.7583383048675,55.2270516701816,28.3342287275998,25.1873377895446,69.0317085397689,29.8606609161914,26.0545306585859,2.36397313293656,3.57527952025372,2.89464025293929,2.7504714442766,2.63454216335241,2.71328682474746,2.11027579969322,3.26820542595414,2.3361612009709,0.0567323759692173,0.545285832144535,-0.127774116467709,0.2149284180605,0.244566920453543,0.16786165914073,0.0302702140521447,0.0953406146524712,-0.0575888143436574,60,990,336,-254,907,252,135,1019,-97,72.7277777777778,987.805555555556,335.611111111111,-245.044444444444,928.255555555556,255.444444444444,93.4055555555556,1006.76111111111,-78.3444444444444,0.787570871658769,0.787570871658769,0.787570871658769,0.787570871658769,0.787570871658769,0.787570871658769,0.787570871658769,0.787570871658769,0.787570871658769,121,108,79,291,139,142,300,152,126,628.100093225427,597.419202916088,610.180825216157,837.933,857.154,709.578,609.966282020835,3609.45725197869,4983.93767590305,657670.947,595073.814,621140.52,0,1821.15382190507,0,644.754742843987,0,516.157580077727,23.2683067660058,12975.2158741841,0,2633.59670833008,0,1960.42834238142,31.3333385918455,22097.566735415,0,2734.12672445071,0,1661.0545930209,1
645000,-30,941,277,-400,851,202,-67,895,-155,131,1058,386,-90,1000,333,271,1123,29,70,990,336,-245,925,262,106,1009,-77,67.26,986.405,339.125,-244.985,926.795,259.31,95.895,1007.525,-80.23,0,986.136212500689,338.128096324238,-221.664090122062,925.692751758793,256.161732075447,0,1005.64838814976,0,72.8921120561066,986.540336225539,339.609518417844,255.012048734957,927.345510044665,260.887044523104,134.977942642493,1008.46474157503,86.229925200014,793.318994974875,268.352738693467,330.511934673367,5038.6882160804,1025.8522361809,824.496381909548,9068.53665829146,1904.02952261306,1003.76592964824,28.1659190330242,16.3814754736399,18.1799872022333,70.9837179646178,32.0289281147669,28.7140450286884,95.2288646277559,43.6351867489193,31.6822652228063,3.12281022429829,5.08675276092215,3.36349239604423,2.05692601091153,2.49340238728116,2.50097699846105,1.71959059317115,2.71603523315533,3.01744081526656,-0.140019690579938,0.490238044739211,-0.385692035234093,0.0770525073913088,0.0278532708483797,0.204757346632204,-0.124470937220096,0.1190091824559,0.360379752984795,50,980,336,-218,916,242,184,1000,-77,67.5111111111111,985.994444444444,339.555555555556,-245.377777777778,926.827777777778,258.844444444444,95.9833333333333,1006.88333333333,-80.8333333333333,0.810396401746051,0.810396401746051,0.810396401746051,0.810396401746051,0.810396401746051,0.810396401746051,0.810396401746051,0.810396401746051,0.810396401746051,161,117,109,310,149,131,338,228,184,627.48481178991,597.813863854339,612.051680240365,835.914,858.654,719.916,912.069748091757,6018.65425999607,9570.93160470526,656345.832,595837.734,625593.468,0,2994.90407524636,0,497.200278749643,0,825.867144362648,30.5993850349971,22604.8466660709,0,3732.41662693588,0,3023.82296886603,62.0898614655946,42989.8486369362,35.877005206679,6916.26730815205,0,2557.39951152983,1
648125,-30,941,277,-409,861,181,-135,914,-165,141,1049,376,-54,1027,313,349,1104,58,70,990,326,-245,925,242,106,1009,-97,64.795,991.055,328.01,-244.005,930.07,250.055,98.6,1005.16,-93.415,0,990.669994135952,327.021647920116,-211.714790335508,928.995554188523,245.841469542602,0,1003.86568637016,0,73.3825251677809,991.248261032523,328.505829476434,256.212245999289,930.612207098102,252.150024786832,168.586861884312,1005.80592561388,101.434782003019,1192.5658040201,385.027110552764,327.15567839196,6136.95977386935,1013.9448241206,1057.41907035176,18793.5376884422,1305.46170854271,1570.50530150754,34.5335460678468,19.622107699041,18.0874453251961,78.3387501423743,31.8425002806093,32.5179807237743,137.08952435705,36.1311736391542,39.6296013291522,2.45100689747967,3.30296766126695,3.07394157813605,2.2362798643235,2.89818368063861,2.04803590775983,1.68825241633791,2.85692757271888,4.33762602587668,-0.100176928158133,0.248566388630354,0.186453002023302,0.123676356675594,0.340274320677327,0.131128686886767,-0.0487074079821052,0.0220721432216172,0.962862557305421,80,990,326,-272,916,242,-67,1028,-97,65.2166666666667,990.772222222222,327.733333333333,-244.611111111111,929.3,250.094444444444,97.7388888888889,1005.05555555556,-95.7833333333333,0.828418429937968,0.828418429937968,0.828418429937968,0.828418429937968,0.828418429937968,0.828418429937968,0.828418429937968,0.828418429937968,0.828418429937968,171,108,99,355,166,132,484,190,223,628.016708333192,598.432101265365,614.381502846567,830.616,854.478,745.023,1282.87758784069,6930.81309144773,19485.3562312224,657524.514,597158.058,630213.663,12.3192013517108,4352.74547328315,0,904.739772642092,0,807.520658236384,22.4874017790293,27134.1187032981,0,3776.79128979734,0,3577.90682291575,109.662804330244,87510.6282584662,17.8732012388933,5132.72707337762,0,3990.38051606305,1
651250,0,950,287,-345,851,171,-67,914,-155,141,1078,366,-118,1000,323,300,1095,0,80,990,326,-236,935,247,77,1004.5,-97,73.975,992.43,321.49,-233.995,933.935,246.11,85.37,1007.155,-94.185,0,991.987632422804,320.83478190163,-223.948423773252,933.33993767058,244.286090662658,0,1006.32257742517,0,77.5923643150536,992.656007889944,321.816360677949,238.558787304094,934.232018826159,247.003178117206,100.587822324574,1007.57155825281,96.6376996828877,551.029522613067,450.89959798995,211.004924623116,2167.47233668342,557.669120603015,442.651155778895,2844.0935678392,843.468316582914,470.382688442211,23.4740180329885,21.2343965770151,14.5260085578632,46.5561202924322,23.61501896258,21.0392765032188,53.3300437637098,29.0425260021045,21.6883076435717,3.41355945315667,4.58299340333539,3.01099968861175,2.52745542176008,3.68008079358013,5.63443909203492,6.06550404620558,3.33013498362264,5.20324644609959,-0.217943394327188,1.07782465994165,0.0160237978768717,0.0822955521434679,0.00667346746009077,0.182265452204074,0.9557035824398,0.104313086001084,0.260744453934247,80,980,326,-227,925,252,58,990,-97,74.3611111111111,991.105555555556,321.377777777778,-234.172222222222,933.833333333333,245.777777777778,82.8888888888889,1007.10555555556,-94.3,0.775094595804078,0.775094595804078,0.775094595804078,0.775094595804078,0.775094595804078,0.775094595804078,0.775094595804078,0.775094595804078,0.775094595804078,141,128,79,227,149,152,367,181,155,627.737246421091,597.065223268903,610.049013053512,832.737,848.424,713.454,728.305071690118,2267.00267301218,2868.63867677558,656971.377,594426.198,620794.32,0,1928.89535465364,0,1228.41518770031,0,391.93816357291,9.10404580980155,9234.59315379931,0,1489.66889298607,0,1162.70914174926,7.82593125480105,12241.160255004,0,2756.38053799832,0,804.557484219307,1
654375,10,950,297,-318,898,191,29,952,-145,101,1039,366,-181,972,292,145,1057,-48,60,990,331,-240.5,935,252,77,1009,-97,63.665,990.64,331.32,-242.635,931.035,252.695,76.905,1008.245,-93.305,58.8533992624596,990.403419544473,330.718484051173,-239.781585699927,930.781323755716,251.35345962413,68.4449053994602,1007.85887778568,-90.5083203535353,65.310910267734,990.758426661111,331.617942819746,244.036093641904,931.162088467953,253.349333924524,80.4085505403499,1008.43861241029,94.584010276579,213.349522613065,235.829547738694,198.510150753769,685.298266331658,237.853040201005,332.785904522613,553.925603015076,392.417060301507,241.519572864322,14.6064890583968,15.3567427450841,14.0893630357717,26.1782021218352,15.4224848906071,18.2424204677618,23.5356241263128,19.80951943641,15.5409000017477,3.53055928990335,3.33661500811432,2.71716194505265,2.8176675483908,2.59166940911289,2.73784346053795,2.59252839368707,2.83250947241675,3.12465143696335,-0.250396734541912,0.114259360795774,-0.137153853987103,-0.0536038553717106,0.149396886670814,-0.191794791705139,0.0209543551347271,0.185903843066298,0.105069966822608,60,990,326,-236,935,252,77,1009,-87,63.7777777777778,990.377777777778,331.5,-242.6,930.788888888889,252.833333333333,76.8666666666667,1007.85,-93.5333333333333,0.76420450650862,0.76420450650862,0.76420450650862,0.76420450650862,0.76420450650862,0.76420450650862,0.76420450650862,0.76420450650862,0.76420450650862,91,89,69,137,74,101,116,105,97,628.039797449388,597.186793987376,609.517206230309,831.375,855.819,707.073,295.799617364812,718.458658066454,585.144071987538,657502.941,594481.401,619416.063,0,534.644761883335,0,595.141728564134,0,366.837499242418,0,2755.15704290356,0,740.663668565934,0,911.143830462407,0,1625.98476375607,0,1348.09753005221,0,314.465172577575,1
657500,10,950,297,-327,898,212,9,942,-145,111,1029,366,-154,972,292,145,1066,-48,60,990,326,-254,925,252,77,1009,-87,64.015,989.975,330.31,-247.155,929.275,250.8,76.65,1007.86,-91.03,55.1327902083007,989.739052884117,329.803396111969,-240.443333927381,929.008424701738,249.888800356651,57.5086528928036,1007.33907548635,-88.1189043926546,67.1786052251757,990.092912306719,330.562444932875,250.311336139616,929.408578075326,251.245298463474,83.2931569818313,1008.11996309963,92.4593424160047,417.130427135679,234.647613065327,167.672261306533,1578.06128140704,249.527010050251,224.683417085427,1067.86683417085,526.713969849246,263.587035175879,20.4237711291446,15.3182118103037,12.9488324302438,39.7248194634921,15.7964239639942,14.9894435215397,32.6782318091241,22.9502498864227,16.2353637216996,2.71462472516184,2.54379088513901,2.82481490136496,2.07946588876364,2.51195966301203,2.93558420818749,2.06671442340246,2.69180643519633,3.25487702280006,0.0278548025481141,-0.00598869224255233,-0.00515816747518658,0.157060655686134,0.157800739310286,-0.252331390281286,0.0227886732344429,-0.0401889306356,-0.327132756179911,60,990,326,-254,916,252,67,1019,-87,63.9611111111111,989.916666666667,330.277777777778,-247.494444444444,929.083333333333,251.055555555556,76.6055555555556,1007.83333333333,-90.7388888888889,0.76420450650862,0.76420450650862,0.76420450650862,0.76420450650862,0.76420450650862,0.76420450650862,0.76420450650862,0.76420450650862,0.76420450650862,101,79,69,173,74,80,136,124,97,627.534557119452,596.824406130476,609.306066243779,830.58,856.338,705.324,450.753926546735,1705.36508594747,1077.84503123914,656441.082,593748.162,619075.404,0,1480.19049700211,0,450.694595978772,0,319.699623990789,20.6510026719929,7157.54047446385,0,855.279168607471,0,630.650125250926,7.90418752599055,4600.66415073119,0,1944.9558170518,0,447.357420157481,1
660625,-30,950,297,-409,888,212,-87,914,-165,111,1049,366,-145,972,303,271,1095,-9,60,990,326,-245,925,252,77,1009,-97,58.33,991.015,328.605,-247.365,928.745,250.305,77.54,1007.21,-97.015,0,990.685460136385,327.815628533551,-237.98768981756,928.420833629375,249.320998570699,0,1006.09988259208,-77.9707639865286,63.5069287558452,991.181106054792,329.001086624345,252.183296433368,928.906623401943,250.795185360485,112.387855215766,1007.75949511776,101.786713278306,633.910653266332,330.90932160804,261.777864321608,2419.06711055276,301.748718592965,246.866306532663,6651.8375879397,1112.77979899498,953.391733668343,25.1775823554672,18.1909131603677,16.1795508071642,49.1840127536658,17.370915882387,15.7119797139846,81.5587983478159,33.3583542608891,30.8770421781029,4.64360813992591,3.52381039547287,2.78130407055281,3.66243465269905,2.97855310570173,3.16653956971458,2.5265287185905,3.14973347789414,3.06323562884409,-0.997680968881556,0.488754151410743,0.170173561038187,-0.608323129062951,-0.110711618041831,0.088880433619429,0.147241872167925,-0.225630648697269,0.396459633834493,60,990,326,-227,925,252,48,1019,-97,59.9444444444444,990.35,328.45,-245.366666666667,928.972222222222,250.222222222222,76.3833333333333,1007.58888888889,-98.0777777777778,0.811278124459133,0.811278124459133,0.811278124459133,0.811278124459133,0.811278124459133,0.811278124459133,0.811278124459133,0.811278124459133,0.811278124459133,141,99,69,264,84,91,358,181,156,627.703021830572,596.715889557932,611.109914209925,827.49,855.849,717.795,744.619517463303,2495.66337664977,6666.88573118404,656828.898,593617.293,623142.459,0,2385.60362960588,0,1057.33130323631,0,729.297795630433,4.05439545352802,10840.0475511689,0,978.945670629473,0,702.046895811574,46.1470257286133,29080.7193441134,0,3346.81291603089,0,2240.47551029147,1
663750,30,950,287,-336,888,212,-77,933,-165,121,1029,366,-145,981,303,203,1066,-19,60,990,326,-245,935,252,77,1009,-97,64.92,989.785,329.88,-243.53,930.53,253.805,79.74,1006.76,-92.445,58.9658826315328,989.538012868562,329.230514716137,-235.995643492434,930.307585260228,252.37677516418,0,1005.94521567138,-82.122375641607,67.795796329861,989.908210391246,330.200529981404,247.016962980278,930.641370238826,254.517632002186,101.73627671583,1007.16575597068,96.5088856012751,383.581507537688,245.144497487437,212.638793969849,1719.11467336683,208.320703517588,364.067311557789,4011.86170854271,821.268743718593,771.745703517588,19.5852369793599,15.6570909650368,14.5821395539149,41.4622077724623,14.4333192134584,19.0805479889281,63.3392588253345,28.6577867903052,27.7803114366558,2.72311899322022,2.84359141241584,2.9653066782226,2.38607186606674,3.54825943101822,2.43302637797415,2.19442060695133,2.59893809420675,2.6987485239516,0.403495759272271,-0.112554818894447,-0.197390941419017,0.15205116724605,0.137280447566369,0.0987453820343936,0.0296034014091158,-0.08865831546286,-0.023424681970475,70,1000,326,-245,935,252,38,1009,-97,64.3,989.927777777778,330,-244.016666666667,930.377777777778,253.722222222222,79.7555555555556,1007.08888888889,-92.4222222222222,0.787570871658769,0.787570871658769,0.787570871658769,0.787570871658769,0.787570871658769,0.787570871658769,0.787570871658769,0.787570871658769,0.787570871658769,91,79,79,191,93,91,280,133,146,627.383875329034,597.505026648221,609.870635066623,830.751,856.719,710.385,461.344876823349,1829.57270425464,4087.75625379023,656128.155,595133.979,620428.257,0,1357.07101155728,0,736.455131316973,0,391.507339830667,19.4274528303163,7772.72154216704,0,638.095762061302,0,1159.95590195245,28.7541779488524,17964.3390405847,0,1381.702366823,0,2157.36403767659,1
666875,0,941,287,-363,879,222,-106,904,-165,111,1049,376,-154,972,303,242,1114,9,60,990,326,-245,925,252,77,1009,-97,63.295,991.59,328.98,-241.05,930.56,254.505,79.92,1006.84,-95.84,0,991.207800604476,328.17497793723,-235.992096180505,930.23123901527,253.547565566978,0,1004.79086014367,-89.4895650559769,66.407416754456,991.780857851169,329.381981899435,243.555845752057,930.724158921428,254.990244911448,111.970174600203,1007.85219650502,100.503582025717,405.716557788945,380.444120603015,265.979497487438,1220.44974874372,307.081809045226,248.472336683417,6181.01869346733,2049.511959799,920.265728643217,20.1424069512297,19.5049768162645,16.3088778733375,34.9349359344442,17.5237498568436,15.763005318892,78.6194549298539,45.2715358674631,30.3358818669116,3.47258575465194,2.91579199020742,2.77180719536424,3.74043755049922,2.71220171057597,2.98670348690905,1.9833075026078,2.25094648058371,3.87055933654236,-0.278043895442193,-0.022114762061717,0.0723750988773964,-0.334563666794173,-0.0345827502463643,0.348465896863194,0.0574688422923825,-0.203738110375101,0.626225073640174,70,980,336,-245,925,252,0,1000,-97,63.6111111111111,991.705555555556,328.888888888889,-240.261111111111,930.633333333333,254,79.8333333333333,1007.44444444444,-97.0388888888889,0.805952041954632,0.805952041954632,0.805952041954632,0.805952041954632,0.805952041954632,0.805952041954632,0.805952041954632,0.805952041954632,0.805952041954632,111,108,89,209,93,81,348,210,174,628.208583538876,597.070808876599,610.747014416533,830.319,855.669,715.506,488.470499757864,1243.03605772175,6206.08089652253,657919.023,594352.161,623042.604,0,1272.71854574434,0,1200.97847509667,0,562.089123467195,5.96571169076095,5098.51476076837,0,902.733318477357,0,645.462016293281,49.6300721764175,27869.5773446197,0,3666.92323416482,0,2267.62737406817,1
670000,-10,921,297,-345,861,202,-135,885,-174,131,1088,386,-136,990,313,291,1142,29,70,990,336,-236,925,262,87,1009,-92,67.545,986.99,336.075,-236.545,928.55,257.97,83.06,1006.785,-90.29,0,986.164279773752,335.071340105139,-225.942983983128,928.038294064356,256.516882052063,0,1003.32052075615,0,72.9537182054486,987.404162438057,336.576774302684,241.6560468931,928.805275609479,258.688229341808,125.394138618996,1008.51999732281,97.7800081816319,763.736658291457,821.829045226131,339.215452261306,2456.38992462311,476.520100502512,372.943819095477,8869.07175879396,3514.1193718593,1415.72452261307,27.635785827283,28.6675608524013,18.4178025904641,49.561980636604,21.8293403588499,19.311753392571,94.1757493136846,59.2800081971933,37.6261149019277,2.74049216834307,3.16530654671139,2.61755237499321,2.13688081173524,2.64140338625764,2.99919667840889,2.34685996455079,2.19219186689365,2.76822204198039,-0.289094807765219,0.176445225218833,0.0993552829852361,-0.123587990723246,-0.0516788893753667,0.014341572256453,0.0322689658030851,0.11019565357839,0.237787708211954,70,990,336,-209,916,252,87,1019,-116,67.9944444444444,986.505555555556,336,-236.105555555556,928.716666666667,257.944444444444,83.2777777777778,1006.01666666667,-90.9666666666667,0.805055995670782,0.805055995670782,0.805055995670782,0.805055995670782,0.805055995670782,0.805055995670782,0.805055995670782,0.805055995670782,0.805055995670782,141,167,89,209,129,111,426,257,203,627.26718608401,596.19602678032,611.507190890604,834.486,853.839,719.775,1237.46673423355,2478.95370937441,9478.98511159865,656143.89,592797.891,625438.323,0,3042.90571351759,0,2931.77463365146,0,878.11253146782,8.59509507168459,11117.4081127437,0,1421.01846749154,0,1176.99480550274,40.6295023296354,41100.2107422164,16.9737060719065,5439.73393358905,19.3743630652733,4583.82098164922,1
673125,-30,921,287,-336,851,212,-19,885,-174,121,1068,376,-136,1009,323,242,1123,9,80,990,336,-236,935,262,87,1000,-97,74.715,986.385,337.6,-233.485,930.5,259.125,91.695,1005.195,-91.665,56.8699672519587,985.695874503952,336.477233930743,-219.886192085526,929.77179853091,257.878517813421,0,1002.47277660753,-76.512103181556,79.9316270321079,986.730006131363,338.147231246982,239.811144444957,930.860403068043,259.755125069747,110.694331381512,1006.55300655256,97.6090928141431,810.78771356784,684.157562814071,371.648241206029,3009.18570351759,674.211055276382,328.602386934673,3864.58489949749,2745.69545226131,1130.71635678392,28.4743342954289,26.1564057701755,19.2781804433414,54.8560452777776,25.9655744260816,18.1273932746734,62.1657856018685,52.3993840828431,33.6261261043243,3.22411714227916,3.06767948533698,2.72114851480316,1.86280263514327,2.79122140610262,3.25509678529081,2.34827305558106,2.29518935989199,2.74609173474522,-0.485364693260504,0.109019801478619,-0.335160549288195,0.0322998452663404,-0.310839716812111,0.320887332228126,0.344952124417375,0.0376693500290884,0.238327256469801,80,1000,346,-200,953,262,58,971,-97,75.85,986.105555555556,338.111111111111,-233.405555555556,930.905555555556,258.666666666667,89.9166666666667,1005.45,-92.2333333333333,0.776069353118086,0.776069353118086,0.776069353118086,0.776069353118086,0.776069353118086,0.776069353118086,0.776069353118086,0.776069353118086,0.776069353118086,151,147,89,200,158,111,261,238,183,627.540148994289,597.271370912742,609.534941129948,839.4,853.866,713.697,1009.97639317478,3110.29809688769,3961.29410087665,656621.232,594889.92,620957.835,0,2789.58323506176,0,2217.82873116784,0,748.706655428687,13.7874752599798,13645.7866544073,0,2331.58348676853,0,815.506704800555,19.1975122394663,17314.6991459166,28.1157679056074,6728.95499589914,0,3410.15709921437,1
676250,-10,931,297,-381,870,212,0,942,-155,141,1058,386,-90,981,303,184,1076,-38,70,990,336,-236,925,262,87,1009,-97,67.305,986.54,338.115,-240.32,928.1,260.415,87.315,1007.525,-92.535,0,985.898547566106,337.358339014643,-224.438592244264,927.599436246945,259.511313539129,0,1006.65226990537,-86.715528934136,72.8742409909016,986.862954011346,338.492385438727,247.42303853926,928.349831690619,260.861409564543,96.4324374886376,1007.96379151237,95.0265489218671,784.615050251256,640.521005025125,256.624899497487,3481.86693467336,466.130653266332,233.872135678392,1683.72439698492,888.823492462311,469.667110552764,28.0109808869889,25.3085164524736,16.0195162067238,59.0073464466363,21.5900591306817,15.2928785935936,41.0332109026935,29.8131429484097,21.6718045061495,2.91801750788428,3.16994765140354,3.12415089211418,2.40361623333578,2.63588302966606,3.24222457926078,2.36752097017351,2.31808520669929,2.68243328932164,0.0368846898083251,0.330045238370292,0.058970103023603,-0.0404962241224554,-0.0334879313303533,-0.0579475346277155,-0.0363890931364364,0.233003889855515,0.126576719330606,40,990,336,-290,916,262,87,1000,-106,67.2833333333333,985.888888888889,338,-240.305555555556,928.305555555556,260.611111111111,87.1944444444444,1007.15,-92.7888888888889,0.769192829013014,0.769192829013014,0.769192829013014,0.769192829013014,0.769192829013014,0.769192829013014,0.769192829013014,0.769192829013014,0.769192829013014,151,127,89,291,111,91,184,134,117,627.375206333085,597.205886329589,609.97082951496,835.296,857.301,712.425,1042.98177366392,3569.68790667213,2022.89194947125,656271.744,594660.147,620592.159,0,3220.12979759947,0,2275.14874233737,0,835.876922597612,20.1605616146299,15906.8816127752,0,1618.23991375707,0,531.075148515264,16.4592287509779,7435.66496149187,0,3265.80003295578,0,1201.8087758504,1
679375,-181,725,89,-463,842,70,-38,923,-194,1151,1176,534,209,1074,424,252,1114,19,141,970,346,-209,935,282,126,1009,-77,160.535,979.725,342.64,-201.585,936.415,276.885,120.795,1004.565,-75.23,0,975.478249837216,330.98352266119,0,935.093588454073,260.273403715788,0,1003.4373589079,0,221.931915235281,981.754758073522,346.70031727704,223.974049836136,937.092996985891,282.542731281482,133.01061987676,1005.13108846558,86.6990196023,23600.2902261306,4001.33605527639,2813.00542713568,9575.74148241206,1276.61585427136,3180.99675879397,3115.97283919598,1143.38268844221,1866.49959798995,153.623859560065,63.2561147658975,53.037773587658,97.8557176786929,35.7297614639583,56.4003258748916,55.820899663083,33.8139422197739,43.2030045018856,18.3881360744914,5.92333520349098,6.13592846477089,5.11168228258437,4.46314065414697,3.83325633535502,2.93671149970058,3.78705871716641,2.74949246446493,3.1302404844966,-0.340107825468751,-0.866651538887365,0.60812091596114,0.801455583322954,-0.776482471307219,-0.256740323016947,0.217422471423409,-0.205978315991935,131,970,346,-227,925,262,126,1009,-48,145.716666666667,980.922222222222,345.25,-204.505555555556,934.855555555556,279.988888888889,121.772222222222,1003.97222222222,-74.4833333333333,0.771170251528199,0.771170251528199,0.771170251528199,0.771170251528199,0.771170251528199,0.771170251528199,0.771170251528199,0.771170251528199,0.771170251528199,1332,451,445,672,232,354,290,191,213,636.694875523447,602.081195134383,610.219251598676,894.318,852.243,721.086,23852.9242172848,9597.08088221994,3171.13668912585,679978.374,604882.833,621298.23,0.37917444525053,86382.0921531485,1.04307628816324,14712.6207127465,0.588348230090202,10579.6956313718,1.24970060259778,38071.4978854841,0.615183853480586,4863.84636601282,0.648334349877062,13756.1959063314,2.18743447953061,13179.9428498883,1.33713053758915,4155.43818593535,0.301693893538243,7972.11616137127,1
682500,-575,607,-287,-1118,750,30,-67,857,-194,1181,1607,544,354,1361,444,233,1333,9,161,990,346,-222.5,935,267,97,1000,-87,216.1,994.76,331.925,-204.57,939.19,247.25,93.33,1002.425,-87.795,353.584127929272,976.77202574301,407.679965044154,0,933.508423701288,213.316159359196,0,997.972348772181,0,382.683642190256,1003.59001091083,345.082519116805,289.420559048593,942.174951906492,258.917342022507,112.365564119974,1004.75650532853,100.762716319083,100248.804020101,17734.1230150754,8952.50188442211,42126.0051256282,5644.00391959799,5935.3040201005,3935.20713567839,4703.27072864322,2457.45022613065,316.620915323199,133.169527351701,94.6176615882157,205.246206117502,75.1265859706002,77.0409243201333,62.7312293493312,68.5803960957008,49.5726762050492,4.47811100695044,5.91360526322344,13.5359517855754,5.0819598396054,7.42699563990942,2.57164992856636,3.02610050707396,6.04035250411737,2.09388383524924,1.06168349508548,0.465802502390008,-2.07838942956333,-0.475649459809748,1.02080555939398,-0.228158265689084,-0.296090294953642,0.962896046493078,-0.0763194075526227,161,990,376,-209,916,282,97,1000,-116,199.722222222222,993.144444444444,337.083333333333,-199.322222222222,936.95,247.727777777778,94.2611111111111,998.938888888889,-87.3388888888889,0.79039033594486,0.79039033594486,0.79039033594486,0.79039033594486,0.79039033594486,0.79039033594486,0.79039033594486,0.79039033594486,0.79039033594486,1756,1000,831,1472,611,414,300,476,203,669.110038009131,608.380926255945,608.232267818371,964.743,854.706,713.688,102737.838859211,42506.6693814718,5639.87793211182,763632.975,623097.654,619388.868,0.368843101148964,426227.397330205,0.783046169528893,69100.4284309137,1.24392243514836,29866.5427873029,1.35008365803313,159364.594186718,0.768953777754694,19877.0927152465,1.11291553457842,24851.4625893995,0.625226517951635,17637.1508229245,1.85636709414737,18518.1823513788,0.13934848073663,10085.4398361914,1
685625,-373,578,-158,-836,768,40,-126,828,-203,1383,1519,584,281,1305,404,281,1409,29,171,990,346,-209,935,242,72,1000,-116,208.85,999.27,326.12,-216.62,943.755,237.49,75.125,1006.415,-103.11,0,977.420350970404,282.602738852874,-242.540124575199,937.744927635935,204.280028833048,0,1000.98074106991,0,368.78712016555,1009.56669418122,340.716700500577,295.654257537415,946.852736701965,249.420849168629,107.516626621188,1009.25402897388,117.675231038651,92849.8668341707,20788.3186934673,9782.52824120603,40690.6689447236,5886.03515075376,5838.45216080402,5945.78831658291,5751.29927135678,3231.94763819095,304.712761193506,144.181547687169,98.9066642911691,201.719282530758,76.720500198798,76.4097648262578,77.1089379811635,75.8373210982349,56.8502210918388,6.53920965457792,4.21789360214218,8.59272905349184,3.31573952297547,5.19382649045667,2.51224254892999,2.9354988965156,6.91794469535251,2.05438134203898,1.5052910723564,0.106438269848178,-1.50354119076643,-0.262162625666705,0.674837732516689,-0.193404394353051,0.038220557235441,0.942176825709287,0.383057020187519,202,970,356,-263,972,242,48,1000,-135,184.483333333333,999.127777777778,330.877777777778,-213.055555555556,941.772222222222,238.011111111111,75.2611111111111,1003.8,-104.438888888889,0.801447774959838,0.801447774959838,0.801447774959838,0.801447774959838,0.801447774959838,0.801447774959838,0.801447774959838,0.801447774959838,0.801447774959838,1756,941,742,1117,537,364,407,581,232,667.697954756934,610.88556758538,611.34433518131,954.768,854.571,719.244,94470.0152210766,41198.3067194647,7346.16331869431,762790.032,627691.383,626400.588,0.414550044044485,366664.185428852,0.504396025891982,83254.7857658893,1.34025499505174,34677.9420439496,1.06726116140003,172723.167605735,1.28143849446148,21390.5674961791,1.01472752758382,23247.0841862965,0.941979896436254,26244.8880680911,4.10058115660097,23888.4930847005,0.413205360865843,13031.0199981754,1
688750,-676,519,-49,-972,740,30,-184,838,-223,1232,1588,564,418,1296,545,271,1342,9,171,995,326,-245,935,232,67,990,-106,213.255,1006.12,318.61,-220.97,943.58,230.985,63.825,1005.47,-109.48,-52038.8923765172,968.305808063976,286.410543597132,0,936.056437275749,173.763062123495,0,998.827745672539,0,404.160927107013,1023.6586540444,331.269482445939,331.049966017216,947.481313799908,251.577512906062,104.719267568103,1009.04865095792,122.177534759873,118460.663291457,35778.4779899498,8268.48030150754,61071.6975879397,7414.69708542714,9987.11032663317,6927.13002512562,7245.48653266332,2956.26090452261,344.181148948424,189.151997055146,90.9311844281572,247.126885603205,86.1086353708334,99.9355308518105,83.2293819821199,85.1204237105486,54.3715082053332,4.48732060966755,3.93038669240005,5.61156608836174,3.49335000489987,4.33527813762667,2.74790903563745,3.12368168937287,5.57985868950206,2.07658177216338,1.04138866899979,0.224233613920983,-0.785063369117255,-0.233132690428064,0.674903517825455,0.228812497086918,-0.111259788033312,1.18706760936965,-0.0221017166484672,191,1009,306,-281,935,262,87,990,-58,193.566666666667,1003.7,322.155555555556,-216.588888888889,940.555555555556,228.755555555556,64.5111111111111,999.833333333333,-109.5,0.817383884071152,0.817383884071152,0.817383884071152,0.817383884071152,0.817383884071152,0.817383884071152,0.817383884071152,0.817383884071152,0.817383884071152,1908,1069,613,1390,556,515,455,504,232,677.577652773479,616.684073835672,610.98490876224,969.351,864.405,719.871,119849.599237202,61792.4154495099,7733.29260212121,792577.539,642363.699,626443.593,0.398933598476991,516882.005254012,0.840308957402738,148579.124116966,1.14380948673941,27176.4652541839,0.825829880406397,236088.042454867,1.68924213238122,25705.500713875,0.968439762913211,41780.5639380286,3.1917431734423,30282.7511634171,4.47694517139257,29948.9227824764,0.203381620643191,11615.6786669874,1
691875,-515,617,-237,-927,759,-20,-116,809,-233,1434,1362,544,327,1361,464,262,1266,9,161,1000,316,-240.5,944,232,77,1000,-126,210.245,1003.86,311.315,-226.925,947.52,225.63,68.83,1004.115,-118.465,0,981.00222515105,365.1589791855,0,941.961432098991,186.26416945385,0,999.361586039812,0,381.6112354216,1014.10112414887,324.211713236891,312.626302476295,950.404108787415,238.326226001252,96.215695185349,1006.5509102872,129.646114480921,101933.84419598,20770.0406030151,8237.39273869347,46472.6124371859,5501.32623115578,5920.0935678392,4542.60412060303,4922.41384422111,2788.09927135679,319.270800725622,144.118148069614,90.7600833995511,215.575073784484,74.1709257806304,76.9421442893243,67.3988436147314,70.1599162215941,52.8024551641,5.91170875612873,3.68981696050549,11.5534590896527,3.55469350171545,7.61514916970434,3.34099264641748,3.21543943766821,5.25961972231675,2.18120865705641,1.48783288490918,-0.312740534116078,-1.68468614106762,-0.388048172155632,0.891770081359882,-0.267646229996201,-0.213364576650602,0.633234007317365,0.208934843305196,161,980,336,-300,925,202,97,1028,-155,186.983333333333,1005.86666666667,314.95,-219.772222222222,946.111111111111,227.027777777778,69.4055555555556,1001.76666666667,-119.266666666667,0.798716268554975,0.798716268554975,0.798716268554975,0.798716268554975,0.798716268554975,0.798716268554975,0.798716268554975,0.798716268554975,0.798716268554975,1949,745,781,1254,602,484,378,457,242,669.471071677473,614.273560568424,610.27342435359,950.382,856.719,722.904,103432.953505172,46789.0545073501,5446.49536269895,767484.876,634681.539,623526.186,0.51187192521003,433394.108438213,0.753375239239873,89724.671411889,1.62367141217596,26435.0880979619,0.985283792741028,178302.625986868,1.29930489138523,15469.2393546431,2.07014793011015,23810.6186209196,1.78648658614348,20004.4616551819,4.94245050114478,20703.985403064,0.157825045842879,11224.8356012602,1
695000,-494,509,-89,-809,685,50,-77,780,-213,1656,1431,524,436,1194,444,262,1295,0,181,980,326,-209,944,242,67,1000,-116,211.355,987.28,303.575,-196.565,948.655,237.435,72.635,1004.67,-112.02,228.695416212542,962.327665822663,322.316069858309,0,943.539901633191,211.257470977845,0,1000.21253593368,0,374.569065727537,998.228310558261,314.956115990784,285.324157757453,951.18997313891,246.525830289647,92.136122123736,1006.93204338724,123.42880538999,96111.6070100502,21847.1975879397,7074.94912060302,42987.0108291457,4840.25726130653,4421.71434673367,3229.36861809046,4573.19708542713,2699.68804020101,310.018720418703,147.807975386782,84.1127167591383,207.333091495655,69.5719574347778,66.4959724098661,56.8275339786134,67.6254174510378,51.9585223057874,9.25755472672662,4.17536415658521,7.06189461304383,3.29464697972215,4.89611091677721,3.18580708135478,3.04990134174305,5.55627516476586,1.95143652247776,1.90194013478806,-0.296565513097005,-1.28772742714913,0.0914531604026704,0.197145316145122,-0.264780474013601,0.371677884393079,0.518625621540518,0.0359998746158557,191,970,326,-236,916,282,48,1019,-145,183.55,989.683333333333,307.688888888889,-196.827777777778,947.777777777778,238.844444444444,71.4166666666667,1002.6,-112.111111111111,0.777041587600888,0.777041587600888,0.777041587600888,0.777041587600888,0.777041587600888,0.777041587600888,0.777041587600888,0.777041587600888,0.777041587600888,2150,922,613,1245,509,394,339,515,213,655.767064519194,611.756397501936,609.881839428928,934.614,855.333,715.581,100562.300914864,43307.0390552345,4773.09148257817,741575.46,628168.335,622581.525,1.0932138874203,408617.64635082,0.659114500332169,90877.4126965628,1.66317797413733,25273.3637695349,1.00597716351084,161991.480264361,0.930721138532925,12842.4642021172,1.49747554896766,18083.582671289,1.28899340215785,14054.8015443862,4.74371072402492,17108.6530983505,0.153880572355806,10886.7058965568,1
698125,-252,568,-287,-945,712,20,-87,876,-213,1464,1323,594,363,1157,373,271,1238,-9,181,990,316,-209,944,242,58,1000,-121,241.07,992.115,306.625,-196.525,946.15,232.795,65.525,1005.48,-113.6,359.478641384887,976.524823879561,339.429705548953,0,941.911446942745,195.677343139166,0,1001.59740709859,-81.810719194207,375.735811442029,999.04233894265,326.596011916863,275.209783619696,948.234833783278,243.556061308275,92.6053724143475,1007.51279892615,124.090853812842,83480.0553768844,13862.7354522613,12709.6124371859,37304.8737437186,3969.32412060301,5151.80198492462,4303.74811557789,4112.57246231156,2506.11055276382,288.929152867765,117.740118278611,112.736916922479,193.144696390345,63.0025723332231,71.7760543978605,65.602958131306,64.1293416644173,50.0610682343457,7.94434832334421,4.56971694060595,11.5338128602189,4.09900843713871,4.59801973027623,2.53900170419575,3.11153052964736,4.44326781530643,1.83607989208523,2.02745138397323,-0.474030769807535,-1.83262201053308,-0.248571057736408,0.0256334371906615,-0.444487215126353,0.409390683466352,0.912215005205813,0.122880230637384,151,990,306,-309,962,303,19,1028,-155,211.233333333333,995.588888888889,312.405555555556,-194.111111111111,945.727777777778,234.694444444444,63.5777777777778,1001.37777777778,-113.972222222222,0.795040279384522,0.795040279384522,0.795040279384522,0.795040279384522,0.795040279384522,0.795040279384522,0.795040279384522,0.795040279384522,0.795040279384522,1716,755,881,1308,445,353,358,362,204,660.85727899107,608.113649114026,610.434505851389,945.234,843.798,715.875,84767.6017148224,37441.4826273156,4837.85467016594,747556.77,620525.568,623433.801,0.836597909313722,377740.695224861,0.525977347937263,55557.8416157844,2.9571269702728,50618.9465988212,1.09192757844732,139078.621905571,1.47111006777411,12523.1640185343,1.50590689900273,22856.4747982754,1.51904662990299,19380.4353017131,3.30251321470772,15915.8498966076,0.204215871325365,10490.2076070855,1
701250,-424,500,-79,-927,731,-111,-58,790,-233,2171,1627,742,781,1138,474,203,1285,29,202,980,316,-209,944,232,67,1009,-116,256.68,986.49,309.91,-180.395,947.035,234.39,71.295,1004.53,-115.255,0,963.093743098662,313.328351509738,0,942.089712630131,206.271513572931,0,1000.47096395055,0,438.006586708465,997.14073730843,327.157087650566,303.347037236232,949.453624459878,245.861221017061,91.897578858205,1006.60157957357,128.458144934449,126598.138291457,21233.2963819095,11042.7657286432,59775.9487185929,4609.94349246231,5536.75165829146,3379.0833919598,4187.15487437185,3233.94972361809,355.806321320262,145.716493170504,105.084564654583,244.491203765274,67.8965646587683,74.4093519545188,58.1298838116833,64.7082287995264,56.8678267882472,10.6032316735198,5.37731628798821,6.92845247036897,5.41376162538012,3.85727947195399,5.16962228925925,2.42769433333586,5.5869349387524,2.1336406951291,2.24414845660501,0.0532913854470063,-0.38762316689355,0.593573190702158,-0.0751577032554151,-0.42227348516489,0.0190572946551346,0.602055406416694,0.161188218015146,181,960,336,-218,953,222,48,1019,-77,223.205555555556,987.544444444444,312.355555555556,-185.277777777778,947.366666666667,235.344444444444,71.45,1002.49444444444,-115.755555555556,0.77897850522573,0.77897850522573,0.77897850522573,0.77897850522573,0.77897850522573,0.77897850522573,0.77897850522573,0.77897850522573,0.77897850522573,2595,1127,821,1708,407,585,261,495,262,668.088734178771,613.418388017346,610.164104835075,959.322,857.724,718.146,128594.741910909,60232.8014458613,4848.69926121701,775902.708,632357.61,622916.04,0.898739226626218,526391.571804132,1.1473992384372,76490.0493333369,1.99035587009449,37648.1619246593,1.87339854983765,210292.247866052,1.04027511064906,11510.184040535,2.81022164903669,20143.6052434978,1.73594077979012,14614.4792722029,4.67900485324301,13873.196157556,0.22421710254844,13707.5884671408,1
704375,-333,529,-59,-727,759,30,-58,847,-223,1575,1421,554,636,1092,424,184,1180,29,222,980,326,-200,944,252,77,1009,-106,254.275,971.475,312.43,-179.71,945.375,247.835,78.8,1006.585,-105.85,348.114440864194,957.720870712458,314.922602214406,0,943.118192166264,223.398406663615,0,1004.10860445433,0,385.992739569024,977.481219768441,321.870253363059,256.124559540861,946.49586105804,255.987177413245,95.4757037156574,1007.81565030515,119.042639419663,84758.4114321609,11764.6827889447,6018.04532663317,33471.4632160804,2131.18027638191,4127.88721105528,2920.77386934673,2491.4801758794,2981.83668341708,291.132978949759,108.465122453924,77.5760615565986,182.952079015464,46.1647081262506,64.2486358692173,54.0441844174443,49.9147290474405,54.6061963829846,10.6891998142785,7.82240794897659,8.23752373281343,6.86634436509346,4.01946917880894,3.14802600859024,2.5405615476424,3.86385173804702,2.26122276428163,2.1307651969033,-0.33330606030202,-1.21093962430145,0.953955025860965,0.0308576886774169,-0.186776678279779,-0.0954640249513589,0.0303643314505268,0.145000567386216,202,960,316,-281,925,272,48,990,-145,228.716666666667,974.177777777778,316.6,-186.638888888889,944.85,248.483333333333,79.7944444444445,1006.58888888889,-106.433333333333,0.77897850522573,0.77897850522573,0.77897850522573,0.77897850522573,0.77897850522573,0.77897850522573,0.77897850522573,0.77897850522573,0.77897850522573,1908,892,613,1363,333,394,242,333,252,650.469806206548,607.132839828468,610.901993375327,945.87,844.92,717.321,87006.2112350304,33709.7753439331,3329.44989812583,724836.234,616190.184,623387.487,1.04596350895212,335050.710768992,2.45976060337505,43026.0649462057,3.41419900214608,17844.6662469832,2.98441168101293,109734.302795686,2.93004323357433,5562.19016699661,1.99529588834025,14889.1286458286,3.95396937376689,12373.5171766156,4.80983861939244,9200.04793243515,0.335502771175146,12398.8243453135,1
707500,-494,568,-188,-927,722,-90,-106,819,-203,2151,1568,1019,1127,1203,515,242,1247,38,212,980,346,-209,944,282,77,1009,-77,249.9,978.855,340.58,-194.66,944.835,262.82,77.39,1006.8,-86.665,292.035695719549,957.587857840739,329.554815035442,0,941.389491076408,211.670267899993,0,1002.92289207246,0,447.533194299596,988.785206705683,358.114032118263,310.724315109069,946.596801705985,275.52275768074,96.3637379930853,1008.73776076838,101.23045490365,138528.592964824,19637.2602763819,12312.4860301508,58951.8436180905,3349.07314070352,6872.8016080402,3313.32452261307,3925.25628140704,2750.5354522613,372.194294643032,140.133009231879,110.961642156877,242.800007450763,57.8711771152404,82.9023618966323,57.5614847151554,62.6518657456187,52.4455474970116,11.6059296362575,5.29711903466498,14.0530463932423,8.76855485167286,7.94031700471103,4.75528571711581,3.8285358705852,4.97889938505777,2.1156940324813,2.44884073671936,0.150918189295865,0.420437304399192,1.05749290935822,0.77164544210061,-0.602292983356435,-0.0369288878940148,0.244675736423813,-0.183006974084882,232,970,346,-245,944,282,77,1038,-67,210.438888888889,978.077777777778,338.211111111111,-201.883333333333,943.116666666667,265.133333333333,77.4611111111111,1006.12777777778,-86.4388888888889,0.771170251528199,0.771170251528199,0.771170251528199,0.771170251528199,0.771170251528199,0.771170251528199,0.771170251528199,0.771170251528199,0.771170251528199,2645,1000,1207,2054,481,605,348,428,241,669.188879696302,617.781231583764,609.935534579648,976.395,875.385,706.239,141648.713091968,59805.236175205,4429.03728574301,783736.683,641104.737,622251.267,1.3875642206585,570043.741759815,1.57424029136314,57852.0632005381,2.28104373075814,34124.4620531627,1.95765375252498,187335.451104744,2.45838208004142,8136.35086885831,2.54006894705082,26110.1085141688,1.88770027504046,14253.1120223266,5.90204286515979,13125.4390759086,0.267800019021716,11403.1604366057,1
710625,-595,264,-326,-1081,722,-101,-77,828,-233,2707,1901,831,900,1212,474,281,1228,38,212,980,316,-195,939.5,252,87,1009,-106,262.555,979.5,318.125,-170.46,948.995,245.61,83.665,1002.36,-102.305,234.757033098838,927.816266677846,342.252787696894,0,944.198435726297,0,71.4492336507027,995.739215157289,0,539.99856944255,999.76185164268,342.424728955138,342.396831176925,951.468982678889,263.928039434994,106.230433492479,1005.65460770585,119.061475717379,223782.238165829,40305.0351758794,16131.8385678392,88622.0888442211,4725.34168341709,9380.64110552763,4306.60580402011,6648.86472361808,3727.9617839196,473.056273783394,200.761139605949,127.01117497228,297.694623472143,68.7411207605541,96.8537098180944,65.6247346967598,81.5405710282807,61.0570371367592,9.57072055489994,5.73407855898009,9.84919527950034,5.42061652637171,4.93231803387024,4.2924709154852,3.49635734086663,3.04402758236049,2.18160940426265,2.12892152663262,0.00385603140313138,-0.376060099981454,0.619625855857896,0.706156327822437,-0.66228596349891,0.245018461601846,0.121206677918417,0.246471159934062,242,1019,346,-227,898,292,38,1038,-77,214.338888888889,982.072222222222,318.811111111111,-178.583333333333,946.927777777778,249.127777777778,82.7666666666667,1001.13888888889,-103.638888888889,0.771170251528199,0.771170251528199,0.771170251528199,0.771170251528199,0.771170251528199,0.771170251528199,0.771170251528199,0.771170251528199,0.771170251528199,3302,1637,1157,1981,490,575,358,400,271,683.994561922722,623.579135034348,609.112968837612,994.08,881.073,717.99,231486.37609718,90583.9600562639,7108.75941477004,845026.146,655312.095,622081.038,1.40355895528024,941683.322870691,1.56159443080845,122248.922429135,2.92574690461726,44951.2082628812,2.23272301932496,289849.666847097,1.99557903314886,13796.9694872294,3.920652964068,38968.5714464912,1.74640401428428,18911.1950273367,12.1703800917653,25645.6485160487,0.24422231380958,15154.3775822926,1
713750,-535,460,-376,-909,731,-10,-106,828,-194,2191,1470,683,1054,1194,505,262,1238,9,202,975,346,-218,939.5,262,67,1000,-77,241.035,978.23,330.62,-200.52,944.995,254.42,72.14,1007.05,-90.15,0,949.002514055431,305.699275693735,0,940.465145761577,247.961094091918,0,1001.65472658969,0,449.028601538922,990.679155932939,356.234431238756,325.5637264807,947.318006268222,268.40081967088,103.995624907974,1009.77017187081,105.255308654718,144250.064095477,24634.4292462312,17681.7945728643,66114.039798995,4417.94469849246,7346.19457286432,5639.10592964824,5513.66582914573,2966.48994974875,379.802664676641,156.953589465903,132.972909168989,257.126505438461,66.4676214294784,85.7099444222449,75.0939806485729,74.2540627113812,54.4654932021068,9.43890272842522,4.78556507242868,15.7484429777916,6.27172043933976,4.41689477675501,4.04228141056112,2.71340342697963,3.53362325337535,1.85485514934867,2.01707701198935,-0.237430384776959,-2.4697247069835,0.776763478582137,0.597089834884696,-0.482075411645951,0.0942972442711445,0.308013217401208,-0.165455374489345,191,950,356,-118,925,252,58,990,-77,206.883333333333,980.711111111111,338.394444444444,-207.9,942.238888888889,256.65,71.5166666666667,1005.66111111111,-89.8944444444444,0.798716268554975,0.798716268554975,0.798716268554975,0.798716268554975,0.798716268554975,0.798716268554975,0.798716268554975,0.798716268554975,0.798716268554975,2726,1010,1059,1963,463,515,368,410,203,672.250475479403,619.503241458778,610.773668481293,975.927,878.571,709.35,146115.362005984,66841.1395313131,6621.0035127676,785984.907,645265.287,624917.742,0.966199143290393,629219.220957746,1.33966278208667,95381.6191430975,3.93979901399279,55806.462755262,2.01927058745936,228533.926016671,1.71895736844771,14650.1388087446,2.7021266553887,29682.2458705345,2.96235837370079,25285.5840754078,6.50437012196609,22741.6687936593,0.359084012225011,11979.2328142474,1
716875,-555,617,-297,-700,759,-90,-106,790,-233,1828,1372,534,318,1166,434,281,1266,38,202,990,336,-209,948.5,252,77,1009,-116,254.805,991.18,318.505,-196.95,950.25,239.93,69.62,1007.95,-104.945,302.809543825778,971.548054826913,344.526777717719,0,945.697408911502,205.432173437125,0,1002.06900527896,0,442.300514356472,1000.03991920323,332.335590931817,273.056038204615,952.523359293619,252.880347200015,101.437616296914,1010.91737051057,117.26514827518,131360.961783919,17730.7011055276,9046.74369346734,35950.0477386935,4347.42462311558,6414.13577889447,5469.99557788945,6020.83165829145,2751.41907035176,362.437528111976,133.156678786787,95.1143716452321,189.604978148501,65.9350030190003,80.0882998876519,73.9594184528884,77.5940181862716,52.453970968381,8.85237974634429,4.29104565686241,18.5626668309124,3.20349999919026,3.58439246731353,3.78515995456212,2.6211479628938,4.17082323243682,2.59650239589892,1.78878795486442,-0.244391381578044,-2.9667520520665,-0.0504394858720465,0.174066110345665,-0.529653242897126,0.0618521842509745,0.364565489520673,0.270302758287813,202,970,346,-236,925,252,87,1038,-116,228.005555555556,993.355555555556,325.483333333333,-194.844444444444,949.505555555556,241.722222222222,69.1388888888889,1006.17777777778,-105.677777777778,0.80235344282919,0.80235344282919,0.80235344282919,0.80235344282919,0.80235344282919,0.80235344282919,0.80235344282919,0.80235344282919,0.80235344282919,2383,755,831,1018,407,524,387,476,271,674.047337585282,611.499021769287,611.964236762572,978.888,851.832,718.179,132696.017309327,36116.9808244696,6919.547205774,783693.918,627485.292,627596.781,0.740556938807838,537124.437423809,0.747130401577125,62749.2485009009,1.42806934387562,24873.8117668475,1.06285485787981,125180.963173099,2.3257307633412,16024.5969984605,2.45387620331435,25577.7316194156,2.54462457537639,24109.1307584773,8.75474438297738,25061.4348370856,0.360083000286235,11199.1081364717,1
720000,-666,343,-277,-1018,777,-101,-116,761,-233,2060,1490,851,1000,1212,565,223,1285,19,222,980,326,-185.5,944,252,77,1000,-116,278.195,971.215,307.54,-163.135,950.355,245.355,79.62,1003.68,-108.24,312.773020211849,926.767647717156,279.631549406082,0,945.454272481151,224.949920681221,0,996.442834410453,0,567.032869417638,986.938840557002,331.033608565656,326.693763331962,952.893852955302,265.09919841448,103.518017755365,1007.34429069708,122.801099343613,245360.620075377,30944.420879397,15077.7873366834,80518.3786683417,4856.35072864322,10129.1547487437,4398.62874371859,7406.00763819096,3381.11798994975,495.338894167798,175.910263712488,122.791641965907,283.757605481054,69.6875220440734,100.643701982507,66.3221587685337,86.0581642738849,58.1473816259146,6.66146960446204,5.08427241157424,8.41216660563657,6.40399041129432,4.06482488207055,3.86633142275618,2.92510978934444,3.8511584540314,2.02427191604256,1.49364406622118,-0.921828752147218,-0.488922865421399,0.84174261819723,0.696216855970255,-0.413992219656784,-0.200149416140875,0.394899978685047,0.0673536333902246,212,970,326,-218,925,272,87,942,-155,237.95,979.611111111111,310.066666666667,-172.322222222222,947.633333333333,247.561111111111,80.8444444444444,1001.24444444444,-108.4,0.788513160537978,0.788513160537978,0.788513160537978,0.788513160537978,0.788513160537978,0.788513160537978,0.788513160537978,0.788513160537978,0.788513160537978,2726,1147,1128,2018,435,666,339,524,252,689.078974796777,621.502077023475,609.98415108271,1005.87,873.507,719.928,249002.275288475,81179.2201409459,7599.72284541957,843094.68,651007.857,624323.166,0.994857300616482,978603.978329273,2.08888766136378,108228.119424891,3.51202767818609,43888.2326657469,2.65214022554076,253379.2443896,1.89909620753435,17787.686257943,2.36903701880907,39772.7799297173,1.62074244118618,19109.125464217,4.58334243663067,32030.6099610763,0.315108570491198,13818.826845918,1
723125,-535,294,-9,-854,787,-121,-97,809,-233,2434,1470,782,1172,1203,505,291,1266,38,222,985,311,-218,944,247,77,1009,-106,277.12,967.25,312.855,-168.48,950.535,243.955,78.295,1005.955,-104.205,0,903.016551839593,0,-430.093371743553,945.451653845224,298.746615524869,0,1000.69509725566,0,521.491706549586,989.725088092648,333.524834157818,350.211478966638,953.134494706807,264.098759936506,104.957110287965,1008.53805332273,119.433182156384,196138.79959799,44204.2085427136,13427.7024874372,94736.2508542713,4973.44600502512,10285.540678392,4910.4401758794,5229.6914321608,3422.71655778895,442.875602848012,210.247969176193,115.877963769809,307.792545157077,70.5226630596514,101.417654668169,70.0745330050754,72.3166055077311,58.5039875375085,9.5510573259648,3.95067890822946,6.42508128786719,5.78773092171978,3.44175306129169,4.28369150942141,2.95671723851595,3.99545307862749,2.26073348283512,2.16024175111666,-0.721883908213427,1.07483015948016,1.11528558135851,0.483477184109549,-0.563496078906533,-0.0251880974527331,-0.0215322172258538,0.067804072466565,222,990,316,-236,944,202,58,1009,-97,232.594444444444,975.65,306.583333333333,-185.388888888889,948.327777777778,247.511111111111,78.1388888888889,1006.36111111111,-104.794444444444,0.783776947484701,0.783776947484701,0.783776947484701,0.783776947484701,0.783776947484701,0.783776947484701,0.783776947484701,0.783776947484701,0.783776947484701,2969,1176,791,2026,416,626,388,457,271,671.74081951085,626.361455729188,611.084788950288,978.243,892.734,719.745,209165.418249746,96766.1147710271,5957.20213590284,817648.899,660516.96,625457.571,2.84857823676255,765106.898061089,2.92426058415579,167374.421215483,3.84176771198274,48693.7081090517,3.19822531732661,387658.68708011,1.87486597545673,17954.3531663547,2.7433858361748,44522.9066722536,1.55275274279118,22391.9457127633,3.19692668004892,18869.2518673863,0.31385980195764,15112.0672503639,1
726250,-636,274,0,-863,750,-101,-48,876,-233,2151,1529,950,900,1138,414,310,1171,58,232,970,316,-172,944,252,97,1000,-97,260.025,971.715,310.805,-164.415,948.25,244.58,100.245,1002.915,-101.52,284.98650592951,939.998921425196,0,0,944.127094271789,257.531812589304,0,999.976675957922,0,401.813644616506,983.127766366102,326.493055056306,277.159331432301,950.331263297173,256.637156312176,125.436976207177,1004.4186253749,113.430639599713,94312.7682160809,22422.2751507538,10048.2080150754,50035.1786683417,3971.3040201005,6073.6217085427,5713.94469849246,3033.445,2573.06492462312,307.103839468153,149.740693035506,100.24075027191,223.685445812511,63.0182832208281,77.9334440952195,75.5906389607368,55.0767192196485,50.7253873777531,20.9035351770697,7.64031366047898,13.3739027046944,8.69642648772537,4.41846745116416,9.76072755079234,2.33884920745343,3.38547823127947,3.27785247672959,3.15897716266312,-0.509631883086921,1.6663746644693,1.12741115300358,0.383767145105111,-1.9604447248546,0.198043283171161,0.553908726659505,0.154055870217681,212,941,316,-163,935,252,29,980,-97,236.783333333333,974.627777777778,305.944444444444,-170.977777777778,946.822222222222,251.461111111111,99.4666666666667,1000.86111111111,-102.294444444444,0.767205192242709,0.767205192242709,0.767205192242709,0.767205192242709,0.767205192242709,0.767205192242709,0.767205192242709,0.767205192242709,0.767205192242709,2787,1255,950,1763,388,515,358,295,291,650.876726015743,611.408450924803,610.314697018503,946.473,849.501,726.354,104353.770546943,50459.596795689,6160.67793315557,740755.275,627485.661,622474.632,2.31364448792295,309974.364513321,2.77291756343936,76877.7433924386,2.94650214198112,30594.9023186681,2.84955227149645,172261.016043804,1.58035138738779,12393.2767432588,0.992517313213681,22894.9803223807,2.87003828898057,25393.1798519204,3.89394063920258,10550.0734559106,0.680059384387263,10545.4235952808,1
729375,-353,676,-49,-990,879,-90,-67,904,-203,1969,1588,534,363,1074,434,233,1104,-19,252,965,297,-145,953,247,116,1000,-116,250.125,967.415,296.18,-149.04,951.13,246.71,112.285,999.93,-116.325,268.941837299161,962.784051834719,315.332372217619,-142.446545805945,950.190540005301,244.133845359228,0,998.354601391861,-103.800387514407,298.878428462142,969.882913036414,301.034466465221,191.245496679007,951.603262920005,251.531190908802,127.086643672732,1000.72113997857,120.5844724664,26900.300879397,4805.10831658291,2913.72623115578,14434.0888442211,905.018190954773,2414.18683417086,3560.89826633166,1590.74884422111,1014.18027638191,164.013111913033,69.3188885988726,53.9789424790425,120.141952889992,30.083520255362,49.1343752801524,59.6732625748891,39.8841929117427,31.8461972044059,65.8217546755688,36.856721316682,20.8123646842574,18.2541094983348,3.9658599469088,15.5142549293488,2.75338516262628,2.56402186814492,3.42605886625953,4.61714254197994,2.64571422832877,-2.24838965131173,-1.31187416662549,0.333184862071547,-1.31610440488364,-0.164145146127174,0.180760512164549,0.152379994498268,272,960,297,-127,953,252,145,990,-126,253.75,968.905555555556,298.722222222222,-148.333333333333,950.577777777778,247.733333333333,112.938888888889,999.722222222222,-116.516666666667,0.772155143580481,0.772155143580481,0.772155143580481,0.772155143580481,0.772155143580481,0.772155143580481,0.772155143580481,0.772155143580481,0.772155143580481,2322,912,583,1353,195,524,300,200,184,631.093219225022,601.029313043667,609.12772885271,920.076,817.2,738.09,30275.7255385922,14476.1635247524,3948.73917823325,672373.758,603234.93,619280.658,8.29289786259058,55119.9205082528,5.83896880104381,15015.2723626804,4.62995066082867,9184.99065128351,10.3739662159496,50180.8523216148,0,3224.64558561278,3.83023392834326,9364.48529903828,23.1957300354072,16424.8353311081,5.36079089764246,6234.46744510301,0,3719.1512790177,2
732500,-454,470,148,-654,824,-333,0,866,-203,2686,2254,1118,954,1194,414,203,1142,0,262,970,287,-154,948.5,242,111,1000,-126,269.64,970.37,298.59,-148.31,949.73,243.465,112.515,999.735,-114.335,263.089482071653,960.102342736918,286.859277248826,0,948.15294369551,253.992887159877,0,998.325379040553,0,337.361882849856,976.917504193676,310.554536273422,198.471206979753,950.545806366006,253.38976893316,120.06446185279,1000.43413326415,121.530592856285,41313.879798995,12813.9428140703,7324.75567839196,17482.3757788945,1558.04733668342,4955.94851758795,1764.67314070351,1405.41183417085,1705.72138190955,203.258160473313,113.198687333689,85.5847864891416,132.220935478821,39.4721083384637,70.3984979782093,42.008012815456,37.4888227898777,41.3003799245183,104.003026869841,86.4020290581932,57.4470366644144,30.4854624432351,12.7626664161585,33.7161499606282,2.7380225091989,6.15476516725631,3.40910998371531,8.36539308039896,6.6113570089509,6.49701323798958,3.46888073374736,1.23589350164084,-4.24440234229824,-0.00253522480815006,-0.0126660523140465,0.867909499740104,282,970,267,-190,944,242,97,1009,-126,260.922222222222,969.627777777778,291.061111111111,-156.344444444444,949.277777777778,247.388888888889,112.611111111111,999.916666666667,-116.194444444444,0.760167502961966,0.760167502961966,0.760167502961966,0.760167502961966,0.760167502961966,0.760167502961966,0.760167502961966,0.760167502961966,0.760167502961966,3140,1784,970,1608,370,747,203,276,203,636.263796671216,601.214824172074,608.548007199345,929.574,821.871,735.951,52985.8220622857,17789.7158529181,2237.10070636354,698774.982,604280.715,618032.169,3.9480423770834,107874.586722151,9.52837037894303,21386.7671160543,2.56097883260943,21386.7457813084,1.13402469228229,49013.7845738717,3.67110015445125,4518.43160013141,2.96434408062592,19199.5794968885,3.56396212877085,7611.45907965946,7.43400462869709,5091.81387435554,0.779567770823847,6291.89690845012,2
735625,202,901,217,-254,907,171,0,914,-194,333,1039,316,-45,1009,272,194,1104,-77,262,980,267,-163,953,222,106,1000,-135,264.08,973.62,267.78,-157.225,954.735,224.625,103.275,999.065,-139.11,261.274818836764,972.734814633259,266.794219641751,-141.530680535134,954.414602894561,222.772869031033,0,998.476449999085,-135.215045283011,265.492466936446,974.060039217296,268.2756791064,162.831431241023,954.895394794634,225.547278857449,107.102170846347,999.360112772168,141.00464531355,751.762412060302,861.362412060302,267.046834170854,1803.39133165829,307.833944723618,417.270728643216,809.195351758794,592.724396984925,533.384824120603,27.4182860890374,29.3489763375199,16.3415676778837,42.4663552904919,17.545197198197,20.4272056004539,28.4463592004108,24.345931836447,23.0951255489249,2.8299773390333,2.3119274021703,3.03080432841948,2.81047310942826,3.13997274396273,2.71300372805684,3.51794859618151,4.65911171282437,2.46409381305729,0.275698400302306,-0.145362055152151,0.231061355788432,0.442489642708289,0.110555430505677,0.133189497347189,-0.213087778577958,0.210021716663706,-0.131580257636832,262,990,267,-200,944,222,97,1000,-155,263.533333333333,974.022222222222,267.555555555556,-158.533333333333,954.716666666667,224.416666666667,103.461111111111,998.861111111111,-138.861111111111,0.76520730522153,0.76520730522153,0.76520730522153,0.76520730522153,0.76520730522153,0.76520730522153,0.76520730522153,0.76520730522153,0.76520730522153,131,138,99,209,102,101,194,190,117,626.627693555943,596.625878679766,608.757128833601,903.288,801.951,744.87,1360.28826468192,1872.31258255318,1077.57095655121,654750.63,593526.519,618044.292,0,2702.74924495016,0,3576.71885662328,0,661.954785008116,5.82254318151973,7698.77425239517,0,1077.40750701147,0,1412.76719553765,0,3122.35242627312,0,2002.34132109244,0,1469.01383216217,2
738750,131,911,247,-318,898,181,-9,942,-252,272,1068,336,-100,1000,282,155,1104,9,181,980,297,-200,944,232,67,1000,-135,184.91,983.735,298.09,-199.555,946.17,230.27,66.61,1003.35,-134.305,181.843796698391,983.112296420337,297.366899796682,-193.545571462632,945.794305280866,228.779466313611,49.7515273783768,1002.70116319101,-142.377253837064,186.529032592784,984.045865292873,298.447097489656,202.258460886065,946.357691361992,231.010411020802,74.5444833639619,1003.67712437815,136.545724942233,604.393869346734,614.788718592964,214.092361809045,1091.74570351759,356.996080402009,343.253366834171,1125.6159798995,659.846733668343,609.951733668342,24.5844233071824,24.7949333250357,14.631895359421,33.0415753788706,18.8943399038445,18.5270981762976,33.5502008920885,25.6874820421999,24.6972009278044,4.297061793446,3.37396093477287,3.12473051867172,4.15299331723534,2.85623150005211,2.84154658616367,2.57883608191675,4.20731326915547,10.8392683129724,0.780935038078268,0.00373026215818128,-0.131383696976493,-0.0242435368434591,0.000340184468501054,0.0865792222929988,0.147863518135606,0.408380726318013,0.345168119323416,191,980,297,-190,953,232,38,1009,-145,183.677777777778,983.827777777778,298.044444444444,-199.655555555556,946.255555555556,230.111111111111,66.2833333333333,1002.76666666667,-134.65,0.766207532278821,0.766207532278821,0.766207532278821,0.766207532278821,0.766207532278821,0.766207532278821,0.766207532278821,0.766207532278821,0.766207532278821,141,157,89,218,102,101,164,162,261,626.925920072755,596.824104224609,609.175089620563,880.041,825.597,722.775,917.938743034345,1165.39460258599,1327.68628301983,655326.009,593920.305,618941.631,0,2231.79868021309,0,2316.75815411043,0,524.901957352446,2.88171474982264,4407.35773175471,0,1184.51632974333,0,1161.53438506581,2.99265548745426,4881.70285062554,0,2039.89152130867,0,936.930023476644,2
741875,121,931,277,-272,907,191,-19,961,-174,222,1029,356,-118,972,282,126,1057,-58,161,980,316,-218,939.5,237,48,1000,-126,160.42,984.225,313.195,-215.69,940.375,238.895,50.17,1004.815,-121.695,158.793400385961,983.95535700913,312.610255778025,-211.9703903555,940.15725624271,237.755357179394,0,1004.44488774415,-119.214229677735,161.251852702535,984.359388130169,313.491204023335,217.349212098871,940.483856852418,239.459151004926,56.1475734115019,1005.00032089547,122.8518009636,268.92824120603,265.883793969849,186.559773869347,722.114472361809,205.77324120603,271.220075376884,638.714673366835,374.332437185929,284.313542713567,16.3990317155017,16.3059435167012,13.6586885852686,26.8721877107505,14.3447984024186,16.4687605901866,25.2728050158038,19.34767265554,16.8615996487156,3.60810617185178,3.71449003703257,3.75490993608816,3.55444231858051,2.51688615892466,2.62397544027031,2.98016062014531,2.71827946858905,3.53651818943135,0.474777209154473,-0.14544946393448,0.422591657183083,0.498616818932114,0.0178159765819273,-0.012301877784205,-0.0422241030424984,0.111952343500908,0.0220615591138088,151,980,316,-236,935,232,38,990,-126,160,984.344444444444,312.827777777778,-216.438888888889,940.344444444444,238.944444444444,50.4166666666667,1004.66111111111,-121.55,0.772155143580481,0.772155143580481,0.772155143580481,0.772155143580481,0.772155143580481,0.772155143580481,0.772155143580481,0.772155143580481,0.772155143580481,101,98,79,154,65,91,145,96,116,627.295734643292,596.658235757845,608.307156102028,874.704,836.976,706.284,384.86453286586,728.160414351635,670.580137629564,655945.38,593454.75,616962.456,0,850.030182349127,0,800.541745581929,0,457.184566683819,0,2892.75275167047,0,534.7674730523,0,699.459767365921,0,2441.6535635872,0,1238.96132124944,0,691.271061085425,2
745000,121,921,277,-272,898,222,-58,961,-155,222,1029,386,-136,981,292,116,1047,-58,181,980,326,-209,935,262,77,1009,-106,175.9,978.52,324.375,-204.715,937.745,257.6,65.42,1007.365,-103.785,173.67593245135,978.187210230517,323.59169415652,-200.605321267349,937.494770267051,256.575335746516,0,1006.94572799576,-101.222485386798,176.964544471484,978.686313381361,324.765569295761,206.646134732784,937.870308198314,258.111216339004,72.0549790090872,1007.57362758262,105.013023001912,377.527638190955,327.145326633166,254.808417085427,798.385703517588,236.211030150754,264.964824120604,916.727236180904,422.4841959799,257.697261306533,19.4300704628407,18.087159164257,15.9627196017918,28.2557198371867,15.3691584073674,16.2777401416967,30.2775037970587,20.5544203513478,16.0529517941883,2.69623786769404,3.39899062700131,3.44913966352308,2.58346924511491,3.06842224486787,2.54079827894577,3.75266003291976,2.39444145949853,3.45685600557135,-0.166666666121466,0.022395495724581,0.0719589836681373,0.184210739212025,0.131919773817776,0.0783120357252665,-0.796228952710646,-0.203643952256748,-0.150985534280903,181,980,326,-209,935,262,77,1009,-97,176.166666666667,978.427777777778,324.361111111111,-204.944444444444,937.622222222222,257.444444444444,67.0666666666667,1007.66111111111,-103.738888888889,0.77018281481828,0.77018281481828,0.77018281481828,0.77018281481828,0.77018281481828,0.77018281481828,0.77018281481828,0.77018281481828,0.77018281481828,101,108,109,136,83,70,174,86,97,627.67990358654,596.602217564458,609.227873524039,887.277,840.036,706.626,494.180159792906,804.584994578604,917.165102842474,656769.615,593354.844,618854.562,0,1017.5691717345,0,928.002808213735,0,536.951828743276,0,2990.17140672241,0,675.083645987605,0,768.508547900962,0,2993.93118374593,0,1497.3677687456,0,449.664533752342,2
748125,121,931,297,-281,898,222,29,961,-126,222,1019,386,-136,981,313,126,1047,-48,171,970,356,-218,925,282,67,1009,-87,167.375,969.485,352.255,-212.26,929.465,278.885,72.16,1010.31,-83.175,165.31088350875,969.230870840107,351.297344726686,-208.143825104649,929.211472231366,277.751856735689,65.2242549640019,1010.02958128414,-79.5854263802858,168.399005341481,969.612440617384,352.717259288513,214.160313783857,929.592192845874,279.423647889723,75.4981456725925,1010.44918724298,84.9405968898265,345.562185929648,248.361582914573,327.51756281407,814.404422110554,237.647010050251,302.242989949748,495.381306532664,282.67728643216,298.315954773869,18.5893029974135,15.7594918355438,18.0974463064287,28.5377718490872,15.4158039054164,17.3851370414428,22.2571630387312,16.8130094400782,17.2718254615391,2.84454912640602,3.59701878606163,3.15601926664458,2.8237396083557,3.34995974857279,3.50534393735851,2.21790372873708,3.43483290493726,2.58900217529062,0.157122773582429,0.22780754571672,-0.565732501182071,0.298104583108702,0.246065827656396,-0.641129074627579,0.309630097808861,-0.396996642160154,-0.28653407162467,161,970,356,-218,925,282,58,1009,-87,167.194444444444,969.344444444444,352.944444444444,-212.677777777778,929.344444444444,279.705555555556,71.6166666666667,1010.62222222222,-82.8055555555556,0.76420450650862,0.76420450650862,0.76420450650862,0.76420450650862,0.76420450650862,0.76420450650862,0.76420450650862,0.76420450650862,0.76420450650862,101,88,89,145,83,91,97,86,78,627.210820443897,596.358672724584,610.012848315293,893.469,852.366,699.387,487.318018545446,872.908656161039,576.982579747411,655749.585,592850.316,620353.461,0,828.944846456448,0,622.01361144866,0,730.579488385661,0,2863.64369399874,0,605.331926100569,0,883.539401068402,0,1697.61745684123,0,853.387779264924,0,780.157727328363,2
751250,121,931,316,-281,888,222,38,952,-126,202,1019,396,-118,962,323,116,1047,-58,151,970,346,-227,935,272,77,1009,-87,149.005,974.295,348.1,-221.18,929.71,272.55,77.135,1007.185,-93.5,147.888296525246,974.115078344214,347.589029621964,-218.1046203764,929.522051185751,271.727628272046,73.0412943807158,1006.91361295766,-91.473373810818,149.579460488397,974.385100973942,348.353556031799,222.489482897507,929.80340932909,272.956864724081,78.8835534189479,1007.32018494618,94.4818501088966,172.386909547739,176.46027638191,177.477386934673,583.897085427134,174.568743718593,223.062814070351,274.177663316583,273.699271356783,185.497487437186,13.1296195507615,13.28383515337,13.3220639142242,24.1639625357087,13.212446545534,14.93528754562,16.5583110043441,16.543859022513,13.6197462324812,3.77289466994807,3.45639061734894,3.51048028012776,5.1938817929176,2.93332568952464,3.55762534843799,2.70432680332825,3.00227247703027,2.50187547967979,0.548771765600733,0.151017066090556,-0.0945081589041941,0.870100615838221,-0.39530792385078,-0.0370566504699313,-0.223562766896445,-0.192145309838468,-0.0633737723314515,141,980,346,-227,935,272,67,1019,-87,148.611111111111,974.166666666667,348.277777777778,-222.388888888889,929.933333333333,272.444444444444,77.4277777777778,1007.30555555556,-93.6,0.76420450650862,0.76420450650862,0.76420450650862,0.76420450650862,0.76420450650862,0.76420450650862,0.76420450650862,0.76420450650862,0.76420450650862,81,88,80,163,74,101,78,95,68,627.286463733794,596.512184339496,608.809191175306,882.84,854.064,706.692,237.08706180394,628.510153682865,356.713719544549,655890.324,593124.84,617906.034,0,447.216893116245,0,390.567094193665,0,306.096255566303,0,2153.78733448881,0,387.218866057922,0,536.110999081445,0,940.336504751845,0,762.672297356146,0,263.9363409548,1
754375,111,921,316,-290,879,232,29,961,-116,181,1019,405,-145,953,323,116,1066,-48,151,970,356,-222.5,925,272,77,1009,-87,147.8,972.4,353.095,-221.4,928.895,276.33,80.02,1008.715,-86.375,146.437378831238,972.190234068632,352.484231177923,-218.218755923664,928.701798583345,275.544655072103,76.0257781520666,1008.39385072467,-84.169894896198,148.460769228776,972.50498199238,353.400827673055,222.926602270792,928.990960666464,276.724773014633,81.7774418773295,1008.87518801882,87.4052343970314,196.743718592965,205.206030150754,217.151733668342,681.718592964824,179.17987437186,219.42824120603,285.778492462312,324.817864321608,179.934045226131,14.0265362293392,14.3250141413806,14.7360691389645,26.1097413423577,13.385808693234,14.8131104500719,16.9049842490998,18.0227041345523,13.4139496504993,2.71609331560175,3.72503907245416,2.85934441709378,2.86584320346903,3.18204466670877,3.60678827547139,2.56467614636127,3.17157598069948,2.58022849144229,-0.130683105387986,0.107977213068575,0.119891734069166,0.0828009837498976,-0.428033497367871,0.250622889687923,-0.0960398847115272,-0.0921839147428511,0.130091978485518,151,970,356,-227,925,272,77,1019,-97,147.944444444444,972.166666666667,353.111111111111,-221.633333333333,929.183333333333,276.144444444444,80.1833333333333,1008.84444444444,-86.3333333333333,0.76420450650862,0.76420450650862,0.76420450650862,0.76420450650862,0.76420450650862,0.76420450650862,0.76420450650862,0.76420450650862,0.76420450650862,70,98,89,145,74,91,87,105,68,627.151568158749,596.739196194636,609.477081547197,883.977,855.975,705.066,281.519296262665,712.410283785803,361.652898650137,655619.211,593578.245,619293.822,0,521.055144775626,0,440.685648226057,0,422.778815927173,0,2695.45698189702,0,443.912915326749,0,486.382511165336,0,1126.39141529996,0,1230.95212762371,0,345.792798481876,1
757500,101,931,326,-327,879,242,9,923,-155,191,1009,405,-136,962,343,213,1085,-9,151,970,366,-218,925,292,87,1009,-87,148,967.975,367.385,-219.91,925.74,288.51,90.675,1007.615,-81.495,146.39496995206,967.818975549071,366.782741292883,-215.257407738926,925.525868098578,287.059628511887,75.4505386032364,1007.12374279578,-65.8932508204876,148.764915218609,968.05306414473,367.686870856168,222.066949364375,925.846904190968,289.243236740291,96.8035898094694,1007.85902039918,85.8697560262052,228.140703517588,151.893844221105,223.011834170854,958.112462311558,198.937085427136,425.758693467337,1154.75314070352,494.288216080402,735.859271356784,15.1043273109923,12.3245220686688,14.933580755159,30.9533917739487,14.1045058554753,20.6339209426453,33.9816588868689,22.232593552719,27.126726145202,2.93623008403035,3.27694130565183,2.73907638173976,3.67300987704717,3.08208578882531,2.70942109056817,4.50555806978549,4.62206950028379,3.66805248710291,-0.228063516761224,0.0843489733993774,0.140722611652386,0.108285603685974,-0.0637573726425126,0.288266662883129,1.07052193275736,-0.21284140435382,0.106986226055328,141,970,366,-236,916,292,67,1009,-97,148.444444444444,967.944444444444,367.111111111111,-220.166666666667,925.777777777778,288.122222222222,88.6611111111111,1007.93888888889,-81.4333333333333,0.76420450650862,0.76420450650862,0.76420450650862,0.76420450650862,0.76420450650862,0.76420450650862,0.76420450650862,0.76420450650862,0.76420450650862,90,78,79,191,83,101,204,162,146,627.663268996281,597.005733568526,609.550489792519,890.016,860.496,707.871,265.988831119053,1031.37038681182,1200.96471290178,656670.822,594100.722,619514.613,0,580.997492894508,0,289.834888770726,0,428.248942528135,0,3919.6644391653,0,610.069598568439,0,1240.22058767617,2.3760224914009,4982.83312118736,0,1233.21631581073,0,2817.94626534089,1
760625,-383,696,188,-536,870,-10,-29,876,-223,1727,1352,613,627,1064,343,252,1180,38,151,970,346,-209,935,272,126,1009,-97,158.655,975.925,338.995,-209.04,935.345,264.23,120.845,1003.205,-96.73,161.43040497741,972.867296582534,334.398717171546,-193.025000293134,934.789559043886,0,0,1001.61954224772,0,232.269746200404,977.408606980724,341.304490155052,231.944411443777,935.628625577478,268.84662914011,135.820524958491,1004.00764688323,107.765161346328,28922.4381658291,2912.54208542713,1579.0401758794,10151.2446231156,533.322587939699,2473.3840201005,3863.01605527638,1619.17886934673,2267.97698492462,170.06598180068,53.9679727748517,39.7371384963663,100.75338516951,23.0937781218167,49.7331279943309,62.1531660921339,40.2390217245242,47.6232819629708,60.8074569004548,21.0768770608094,15.8251054105064,28.1377023638489,8.93079797295164,16.0462900023424,2.02692812195528,5.97615785654802,3.03626597729087,6.53007101254127,0.513659149866139,1.30090942693072,2.86638703076672,1.03014184209053,-3.09288432557107,-0.218924122790568,0.503707443083405,-0.048790785676945,151,970,346,-209,925,262,184,1009,-106,149.911111111111,976.3,339.138888888889,-211.994444444444,934.95,270.116666666667,121.905555555556,1002.35,-96.4055555555556,0.77018281481828,0.77018281481828,0.77018281481828,0.77018281481828,0.77018281481828,0.77018281481828,0.77018281481828,0.77018281481828,0.77018281481828,2110,656,425,1163,194,353,281,304,261,633.009436102377,600.204251395549,610.920951805003,891.579,851.601,733.272,29990.3067767672,10255.0426682783,4512.29679565719,675459.345,600886.587,622855.14,2.46366201550758,89859.8133222348,1.02219217791951,5616.47117756464,1.62109791230287,4579.09821543154,2.18582131844914,26813.5533221134,0,1644.64867121666,0.922775077905764,9670.60653639479,12.7608889971842,17926.793553946,11.660007928404,5949.87830906369,1.85734412979726,9673.20382430269,1
763750,-373,715,-297,-672,759,40,-106,771,-233,1282,1323,594,327,1194,373,339,1266,19,181,985,326,-200,944,247,97,1000,-116,224.615,986.305,321.785,-197.09,945.185,241.755,101.795,999.77,-105.135,0,975.492779890903,335.584227151964,0,941.297912401768,216.069537748673,0,995.03528283161,0,356.219475885303,991.624397138352,337.028166478708,251.689352178434,947.16878907616,251.105645097835,132.224524956606,1002.16940683699,119.954637259257,76824.5394723618,10574.2632914573,10092.8630904523,24626.1928643216,3772.89525125628,4631.72359296483,7156.8874120603,4827.60512562814,3352.50932160804,277.172400271675,102.831236944118,100.463242484265,156.92734900049,61.4238980467397,68.0567674295865,84.5983889448274,69.4809695213599,57.9008576931987,6.70824949196662,4.22691239951569,12.1503422805789,3.40192018282087,5.68730845624365,2.41922185388276,2.66588282308347,5.52916392779243,2.13847439328666,1.59853780172453,0.193919489752506,-1.39251143043844,0.104102429371227,0.605172182113594,-0.307065684047493,0.143014066502327,0.503474915902528,0.111792802341017,161,970,316,-354,925,232,29,1009,-145,203.555555555556,984.783333333333,323.905555555556,-197.022222222222,943.45,243.016666666667,101.4,997.883333333333,-105.394444444444,0.787570871658769,0.787570871658769,0.787570871658769,0.787570871658769,0.787570871658769,0.787570871658769,0.787570871658769,0.787570871658769,0.787570871658769,1655,608,891,999,435,333,445,495,252,658.207989645491,605.559287246005,609.388535713312,944.589,840.456,728.706,77094.0752469907,24736.8238759927,7230.54346697916,734279.547,614118.174,621729.576,0.426372511485624,330753.795642841,0.964120336369038,38152.7124654289,2.13564209380922,34265.7399886453,1.62533198900447,105219.836169473,3.92511734454837,13024.4256976979,0.657953599542738,19413.3844660731,3.71532184041651,33078.4422609123,9.07852171970381,19360.6047903041,0.301501960378379,14755.7657560739,1
766875,-575,647,0,-845,759,20,-184,733,-252,1151,1431,613,263,1222,585,310,1285,38,171,990,341,-231.5,939.5,252,67,1000,-116,204.12,1000.115,324.84,-223.305,944.18,238.35,68.11,1006.98,-113.935,0,984.754121316931,0,0,939.494151700034,193.882193347984,0,1001.32701530864,0,349.950753678285,1007.62466970594,335.160603293406,284.483312340109,946.5594223291,251.101493424472,112.020042849483,1009.80870960791,126.351078349178,81206.5885427135,15153.2279145728,6845.83356783919,31221.740678392,4521.47497487437,6272.60050251257,7949.26422110553,5733.57748743719,2998.40278894473,284.967697367111,123.098448059156,82.7395526204922,176.696747786687,67.2419138251907,79.1997506467828,89.1586463620076,75.7203901696048,54.7576733339239,5.24369314506653,4.8296599823953,5.33752710290702,3.87958586163456,5.13243625072731,4.23195549117388,2.99060371737333,5.31901832054477,2.30526936303122,0.871413480404827,0.308043091794818,-0.401980387270215,-0.150652546706518,0.500006682152072,-0.0859013681278167,0.036319469730936,0.351583223375016,0.037814321769744,141,970,346,-190,925,292,87,1000,-145,193.238888888889,998.111111111111,325.833333333333,-221.1,943.116666666667,239.422222222222,67.8388888888889,1005.21111111111,-114.233333333333,0.819107179827683,0.819107179827683,0.819107179827683,0.819107179827683,0.819107179827683,0.819107179827683,0.819107179827683,0.819107179827683,0.819107179827683,1726,784,613,1108,463,565,494,552,290,665.414143621256,609.65505193887,612.645360297456,951.855,854.583,727.065,81597.567136604,31404.2325917454,8818.92589069511,750063.381,623974.473,628936.029,0.518617800166781,331288.184011606,1.07659083852651,61988.1348733678,1.88857057249664,21809.0501924045,0.854774552805894,132382.493744538,1.049577804753,15332.6210342449,1.29917886777044,26780.5881507295,3.46013738535104,35925.2048794383,6.64209451804011,24091.5859555226,0.210801400147131,12655.3939363619,1
770000,-373,637,-158,-618,805,50,-106,838,-233,1363,1254,524,163,1074,424,242,1190,-19,181,980,326,-209,944,232,48,1000,-140,213.865,991.075,314.585,-208.97,942.3,224.05,53.64,1001.045,-137.21,0,977.258764933646,280.384310133686,0,939.708489104215,188.684343302215,0,997.019325861806,-107.616700820428,341.974085275478,997.297992076591,324.478188789324,264.706988951935,943.584574905716,235.669875037095,86.5122534673557,1003.0652546071,146.7472998048,71565.8661055276,12435.8084170854,6354.14349246231,26533.9990954774,2434.73366834171,5368.7311557789,4630.27175879396,4069.15876884422,2721.79487437186,267.517973425203,111.515955885628,79.7128815967803,162.892599879422,49.3430204622874,73.271625857346,68.0461002467736,63.789958213219,52.1708239763554,6.06715744079311,4.2653131606964,9.83922295208722,2.63308069591228,2.83908404336246,2.84687325973481,2.6917976062476,3.16905112809152,2.06019229463891,1.34938350366023,-0.487088136917484,-1.42630850286634,-0.0811718270614638,-0.055870318359644,-0.282613467785148,0.192142946003564,0.205829905276236,0.257234841937487,191,980,336,-390,953,202,38,1019,-184,196.666666666667,995.266666666667,317.777777777778,-207.994444444444,942.15,225.377777777778,52.85,999.888888888889,-138.155555555556,0.821674552776763,0.821674552776763,0.821674552776763,0.821674552776763,0.821674552776763,0.821674552776763,0.821674552776763,0.821674552776763,0.821674552776763,1736,617,682,781,269,374,348,352,214,655.682880032733,603.67691388849,609.307145364012,935.253,833.166,724.563,72988.3700005112,26618.870496355,5594.37556631086,730101.393,609577.158,621095.427,0.427788831761813,302338.449305615,0.295571613487276,52137.5439005488,1.82312642455051,22007.7041544552,0.668617534751486,108213.593873072,1.3870872782324,8862.05099454459,0.808011211540382,21546.8256355588,2.42001289624082,21084.3035182301,2.55807362193478,17959.7304403858,0.143392758574296,11527.5080604371,1
773125,-353,598,-346,-827,805,-30,-87,847,-233,1505,1264,603,318,1148,585,281,1219,-19,212,985,331,-209,944,242,67,1000,-135,257.71,990.665,314.1,-198.575,947.675,232.9,66.435,1006.03,-127.5,278.37095275361,974.783861131455,310.783010443717,-304.780294098337,943.528649341687,202.682333708273,0,1001.66054619067,-99.0289066125509,389.334496288217,997.916762560886,331.316163203669,261.749737344663,949.789810958193,248.048583950806,88.6838485858615,1008.24343786607,137.724071970008,85594.8803015076,14493.188718593,11167.4271356784,29227.0295226131,4032.94409547738,7322.3015075377,3468.55856783919,4480.87346733668,2725.29648241206,292.566027251128,120.387660159142,105.676048069931,170.959145770599,63.5054650835452,85.5704476296443,58.8944697559898,66.939326761902,52.2043722537879,6.92572299391662,3.82812735772918,17.3375556590117,3.55553183787488,3.18529589727764,3.7474616215023,3.73676086374958,3.38003277165552,1.80673506242461,1.67078021378907,-0.329147342058245,-2.72820766312593,0.0565041837647016,0.446358696343312,0.112860725630423,0.370905117204884,0.35970797903498,0.116727831343802,212,980,346,-218,935,171,58,1047,-184,234.605555555556,993.161111111111,320.761111111111,-199.216666666667,946.127777777778,233.083333333333,65.1888888888889,1004.47777777778,-127.977777777778,0.788513160537978,0.788513160537978,0.788513160537978,0.788513160537978,0.788513160537978,0.788513160537978,0.788513160537978,0.788513160537978,0.788513160537978,1858,666,949,1145,343,615,368,372,214,664.173610394086,608.071128985673,611.600085615565,961.983,841.548,723.591,87776.8325626084,29306.5064847382,4811.24972882766,754313.769,619285.026,626032.545,0.41039250820639,349624.475167939,0.47070499552464,56323.7758244485,2.10746830236074,37591.1223330185,1.36639463294312,117322.076990737,2.37096590811652,14614.6735047147,1.97152469381526,30789.0586530693,1.911523713642,15120.659072835,4.77986067345341,18704.4798704769,0.161875825956082,11593.5825841358,1
776250,-323,627,-475,-800,777,60,-48,866,-252,1393,1352,613,254,1203,383,213,1257,-29,222,980,326,-195,953,242,77,995,-135,265.385,982.155,316.795,-193.12,949.91,236.605,78.465,1000.375,-135.055,419.135368223437,966.821739654311,307.939601974698,0,945.946599430709,209.980596633896,0,996.543661006872,-111.290156146105,389.966222896291,989.277612705352,335.708094927721,259.717866154795,951.922565128068,246.312372811436,94.5182257556711,1002.36789403891,144.170367967901,82054.7304271357,14112.3125376884,12402.8673115578,30309.5835175879,3846.79587939699,4711.41605527638,2790.89324120603,4011.31092964824,2558.03213567839,286.451968796054,118.795254693479,111.368161121381,174.09647761396,62.0225433160958,68.6397556469746,52.8289053568785,63.3349108284542,50.5769921572882,7.08224172038863,4.20470169801696,19.1735797685085,3.55287128047007,4.68655306861864,2.53331356364996,2.60856993664375,4.89517498835145,2.10270500826322,1.65497147552349,-0.152028443990072,-2.63810208300284,0.0907822665383972,0.472395612190683,-0.357224494780579,-0.00829044082116734,0.841542416131062,0.053444612953066,191,980,356,-172,916,282,97,990,-126,242.294444444444,983.983333333333,323.322222222222,-194.572222222222,948.411111111111,238.15,78.4388888888889,997.344444444444,-135.227777777778,0.777041587600888,0.777041587600888,0.777041587600888,0.777041587600888,0.777041587600888,0.777041587600888,0.777041587600888,0.777041587600888,0.777041587600888,1716,725,1088,1054,426,323,261,391,223,660.61043836133,608.658047452139,609.146848256781,961.893,844.737,729.927,83766.2591608536,30378.6418783303,4322.31697740904,746066.265,620567.835,620676.111,0.535711577226389,344227.225568449,0.849038326487574,56345.417900382,3.56605558374117,42647.1184973682,1.38242814175137,114206.580593291,1.980800466069,13413.7714278741,1.9572467628464,19914.3891217961,1.36435031734804,12106.9064920586,5.47252326633556,15792.6291420435,0.174625039473631,10930.2336914771,1
779375,-424,558,-257,-618,759,-30,-97,847,-252,1585,1441,633,390,1166,484,233,1314,29,217,990,336,-195,944,242,87,1000,-135,246.165,977.875,319.33,-178.075,948.42,237.95,85.11,1001.64,-134.935,309.934455687692,957.607147335489,300.561486047571,0,944.372045885682,220.219708216991,0,996.456148889615,0,404.36318452599,987.187882320281,335.807519272574,254.734420524593,950.432385811847,251.31500154189,107.519300592963,1004.31425858642,148.272502508051,103429.52540201,18392.3611809045,10849.2875376884,33345.6476130654,3840.42572864322,6571.88693467337,4338.37979899498,5391.39738693468,3796.26208542714,321.604610355651,135.618439678771,104.159913295319,182.607906764919,61.9711685273339,81.067175445265,65.866378365559,73.4261355849174,61.613814079532,6.24543814907313,3.78954769592665,8.85326353949425,3.52342102662337,3.46416206366326,3.35411885829301,2.79774620132234,4.71701158678049,2.09687762811493,1.33323925448887,-0.167035600415275,-1.25053284032812,0.177561919371987,0.0888407492302935,0.202022848279345,-0.186763715736842,0.669645458507162,0.233014896712924,242,990,346,-236,953,171,38,980,-174,225.755555555556,979.35,323.122222222222,-177.55,948.35,236.327777777778,86.3722222222222,999.077777777778,-135.783333333333,0.781865067024603,0.781865067024603,0.781865067024603,0.781865067024603,0.781865067024603,0.781865067024603,0.781865067024603,0.781865067024603,0.781865067024603,2009,883,890,1008,407,514,330,467,281,660.964282524388,607.81638816356,611.035106837652,964.002,840.357,737.271,106952.42424439,33674.5084116597,6060.53323432458,750489.714,618822.345,625315.359,0.66966307821996,423393.402182592,0.940073286467666,70433.0816644915,2.84586135073049,37517.5448098418,1.15371699712659,134770.544030595,2.9686832905153,12441.5619631035,1.64007618931939,26674.7465708998,2.36500668848955,19669.1958093756,3.57832833599531,21436.6982131591,0.273687889382586,16767.9687762763,1
782500,-272,509,-178,-1145,750,-70,-48,800,-310,1979,1401,891,645,1194,444,242,1257,9,222,980,326,-195,944,242,77,1009,-135,285.235,971.935,319.885,-177.48,945.845,240.71,76.1,1003.445,-129.075,355.473300467404,955.262743474808,0,-214.401437743925,942.293355727882,0,0,999.043359897072,0,437.228641559539,978.829747708967,334.318747604737,264.713259962549,947.580442495517,255.343631210962,98.2758362976373,1005.60132507868,141.365890511113,110361.68821608,13517.6188693467,9490.06208542714,38767.7985929648,3302.44319095477,7295.54361809046,3886.36180904523,4353.9266080402,3340.66268844221,332.207297054234,116.265295206036,97.4169496824199,196.895400131554,57.4668877785701,85.4139544693398,62.34069143862,65.9842906155715,57.7984661426427,10.6951798460842,6.77645131406884,14.5117059756497,8.26992877544048,5.17890712244021,3.86822953471722,2.40426192597965,4.11261844618763,2.562307894985,2.35706752655918,-0.779525163082743,-0.224322186176335,0.533923676088494,-0.113292173768598,-0.298189288471937,0.314046778639793,-0.0944029896361094,0.0996371355224371,222,990,336,-145,944,242,97,1009,-145,250.533333333333,976.505555555556,321.911111111111,-184.033333333333,946.716666666667,241.144444444444,74.7388888888889,1004.45555555556,-129.316666666667,0.788513160537978,0.788513160537978,0.788513160537978,0.788513160537978,0.788513160537978,0.788513160537978,0.788513160537978,0.788513160537978,0.788513160537978,2251,892,1069,1790,444,514,290,457,319,661.141517861775,608.366313697868,610.957498667391,965.589,845.973,727.38,112422.432158218,38856.0505202782,4746.19013148096,756627.351,619909.305,624525.888,0.398759681233851,478146.494434011,0.959538256778709,44045.0204488995,3.08373620886273,27309.8362225301,0.97683107462906,111782.052016973,2.64189622803573,7828.95859558766,1.79848303536909,27244.1381042524,2.19483712985852,17039.1622612809,3.41727068522818,15680.8792744783,0.26929234470603,13781.1161451967,1
785625,-505,500,-158,-790,731,10,-97,847,-223,1838,1343,693,518,1111,404,242,1200,-19,222,970,336,-190,944,272,67,1004.5,-116,242.65,965.67,329.6,-179.14,946.67,252.4,69.18,1004.835,-122.675,259.47175294554,950.824453123023,328.030901633939,0,943.254558462181,202.857479146163,0,1001.86943166054,-97.3790935900254,348.256615156123,972.095838896557,341.239974211698,243.056639489647,948.385385800519,262.285264549879,92.7017259817745,1006.30913987701,132.112660256313,62717.2336683417,12514.3428140704,7847.79899497487,27120.9953768844,3267.08653266332,5113.36683417086,3826.871959799,2979.6058040201,2416.68278894472,250.434090467615,111.867523500211,88.5878038726261,164.684532901194,57.1584336092524,71.5078096026641,61.8617164310771,54.5857655805989,49.1597679911605,17.8527250040976,5.28123985805662,10.9718158757588,5.85801300520878,4.01057177126668,3.18384538272509,3.06307389665413,3.88474153088574,1.98571442952482,2.91276842206298,-0.643910817180492,-0.822423793078573,0.254891627599727,0.277463200026023,-0.646115052381441,0.0672750943986525,0.0607574644205867,-0.0101598388852421,202,960,376,-218,953,292,29,990,-97,220.738888888889,969.7,332.088888888889,-180.516666666667,945.311111111111,255.405555555556,69.2111111111111,1004.72777777778,-122.944444444444,0.783776947484701,0.783776947484701,0.783776947484701,0.783776947484701,0.783776947484701,0.783776947484701,0.783776947484701,0.783776947484701,0.783776947484701,2343,843,851,1308,380,394,339,353,204,643.410323125788,606.849173773066,610.699149329057,937.23,842.958,722.838,67468.8840325847,27204.4610596247,4339.40475135196,709618.626,616382.958,623223.27,1.63739461097916,227961.457689368,0.900308271172084,42853.3936319927,3.71933397476518,23170.3507289232,1.44160413159295,99069.5190921041,2.0558072098393,9225.62106134843,1.35018551376106,18856.033065559,3.15478850566165,17352.3075020287,8.97445488392353,11164.9855194884,0.119791170723551,10160.9097130087,1
788750,-484,441,-118,-690,796,40,-116,847,-242,2161,1411,792,663,1111,454,233,1247,-19,242,970,346,-200,944,262,67,1000,-116,291.445,963.01,329.825,-173.605,942.88,255.06,69.39,1002.865,-120.335,323.382211733449,946.045998362835,323.656714222502,-271.174232155566,939.140690482779,227.457471301148,0,999.114471316824,-90.3638898076998,444.605921013205,970.246478993869,348.745028638402,254.352481804287,944.754772414514,264.249333017134,92.2683586068377,1004.76784134446,131.75782709198,113300.740678392,14060.2712562814,12903.0797738694,34730.1396733668,3556.66894472362,4796.08683417085,3717.0632160804,3839.40379396985,2894.08319095477,336.601753825484,118.576014675319,113.591724055361,186.360241664811,59.6378147212288,69.2537857028109,60.9677227398269,61.9629227358575,53.7966838286039,10.7012364338939,6.1012922803218,8.2222942972562,5.92580259510381,3.10263978906268,3.12995795604766,3.36286129580836,4.70089626798382,2.21981323973602,2.13115322186004,-0.480595799564783,-0.247053580916863,0.771329436808215,0.188985331737393,-0.410497102883073,-0.168320623793698,0.458420873015016,-0.158738662698956,252,941,346,-254,953,292,58,1000,-116,262.866666666667,965.933333333333,330.905555555556,-178.9,942.188888888889,256.466666666667,69.8222222222222,1001.6,-119.2,0.783776947484701,0.783776947484701,0.783776947484701,0.783776947484701,0.783776947484701,0.783776947484701,0.783776947484701,0.783776947484701,0.783776947484701,2645,970,910,1353,315,414,349,400,223,660.336756053454,606.632969571793,609.442971323248,974.448,848.925,720.342,117960.254730119,34966.9792905237,4582.07856493409,756405.45,616250.685,621259.194,1.43842091068835,466426.152213917,1.53634963538139,51711.7443472533,5.23570905350487,46779.3705520356,2.25816548082327,124081.925661343,4.67488763902538,11323.2785627357,2.5315442222491,18756.3871307566,2.82385941867353,16723.8992191146,8.15344524258146,15399.2529819211,0.253748133811556,12285.333127075,1
791875,-363,470,-39,-781,740,-80,-116,800,-233,1868,1323,742,627,1111,505,242,1171,0,247,980,326,-200,944,252,87,1009,-116,288.175,966.915,324.45,-177.59,948.285,247.59,84.11,1006.32,-120.75,380.992453004679,946.490710276749,329.536181284717,-148.971772728296,945.032786947889,229.2971630917,0,1002.4028174735,0,433.085597774851,974.77726943133,337.524088029284,253.88554507888,949.895191586946,258.519012840449,105.748522448307,1008.22995888835,132.790549362521,105043.521984925,15342.8218844221,8698.19849246232,33085.0873366834,3071.79273869347,5559.0672361809,4128.9024120603,3867.04281407036,3068.10804020101,324.104183843598,123.86614502931,93.2641329368494,181.893065664097,55.4237560861177,74.559152598329,64.2565359481843,62.1855514896375,55.3905049643078,11.9129501863454,6.50400473592458,8.8248774931286,6.61082462837461,3.83335146177088,4.69485624273771,3.23152643011804,4.28008919439585,2.18571473360013,2.48074920108986,-1.16197762568469,0.64867184405013,0.884142123787481,0.0237135120276395,-0.308293451892589,-0.0913663859418651,-0.178870595971744,0.0516317283358206,232,960,336,-218,944,242,67,1009,-116,256.205555555556,974.083333333333,320.711111111111,-184.405555555556,948.144444444444,248.266666666667,84.6111111111111,1006.7,-120.827777777778,0.781865067024603,0.781865067024603,0.781865067024603,0.781865067024603,0.781865067024603,0.781865067024603,0.781865067024603,0.781865067024603,0.781865067024603,2231,853,781,1408,371,585,358,371,233,657.892842195814,608.750172855611,612.392020253315,967.236,849.267,730.452,108326.770793659,33816.1193466635,4635.31105891253,751005.822,620154.495,627206.238,1.14249659964194,449515.330582961,1.51395838993016,56824.290241523,3.64649538996888,29440.5798304745,2.63303603631698,125975.722604275,2.54300747008336,9148.85480613418,2.35629025040698,21269.6806445247,3.93349930560671,18429.6652806121,3.08331291430025,15807.6094370715,0.251978543195604,13059.0662126231,1
795000,-464,460,-366,-1063,787,-70,-97,828,-252,1696,1303,663,836,1101,424,281,1200,9,247,975,316,-190,944,242,67,1004.5,-135,277.45,974.24,308.485,-178.365,953.875,239.335,72.315,1003.71,-130.135,0,956.947249510286,297.043955355712,0,951.231561046407,223.253646701484,0,999.504852981172,-93.9904809506351,393.065299918474,981.373496687169,331.531107137777,255.77258453556,955.217412425046,248.187479539158,104.901692074056,1005.78592652711,141.233335300134,77911.3844221105,14020.4647236181,14823.9997738694,33774.4138442211,2575.66771356784,4337.47012562814,5803.92540201005,4192.52854271357,3026.87113065326,279.126108456573,118.408043323155,121.753849113157,183.778164764536,50.7510365762892,65.8594725580773,76.1834982263879,64.749737781041,55.0170076490285,9.80382028193484,5.70439616934278,14.9887106850981,9.90811673642447,3.60525596847472,5.31323589909718,2.493924834384,3.3357286776604,2.34499731397869,1.95932088307349,-0.815527242279538,-2.06698209650484,0.648726740107334,0.439909412337984,-0.613480654355558,0.151384132159374,-0.0299765907416356,0.166449180674784,252,970,287,-209,935,232,38,1047,-184,254.066666666667,979.061111111111,313.583333333333,-182.338888888889,952.572222222222,241.011111111111,71.4444444444444,1004.07222222222,-131.094444444444,0.797800919635344,0.797800919635344,0.797800919635344,0.797800919635344,0.797800919635344,0.797800919635344,0.797800919635344,0.797800919635344,0.797800919635344,2160,843,1029,1899,314,494,378,372,261,655.292762709658,610.329537460729,611.520640939382,959.361,843.813,731.724,80972.5964507144,33947.7897266311,6803.6515907696,736504.287,623674.167,625533.93,0.696419947637829,313035.771700105,0.709148543740544,44254.0230919275,4.92193491386803,52860.0178908238,1.59951614222805,105759.604343705,2.41164073254332,9486.43278687068,2.3449547344305,17254.7642477211,5.00258579126155,26395.669543544,2.99158294594026,17430.0423838686,0.290943038455789,13048.0198132061,1
798125,-414,519,-316,-781,777,10,-106,790,-271,2151,1549,871,881,1129,383,281,1219,-9,242,970,326,-190,944,252,87,1009,-145,276.895,960.11,314.57,-155.575,948.895,238.455,77.34,998.22,-141.69,0,936.53260543258,348.097281806491,0,945.572493140892,193.056860064116,0,992.592294347266,-102.918302595814,468.162968420186,970.868950991842,345.079440129371,272.863748050194,950.566112903253,247.669164410913,115.235628171152,1000.92678553429,152.844430713062,143221.833140704,20879.7064321608,20226.6684422111,50503.5621859297,3190.16479899497,4501.73665829146,7334.44663316583,5438.45386934673,3301.87326633166,378.446605402537,144.498119130184,142.220492342739,224.729976162348,56.4815438793502,67.0949823630013,85.6413838816598,73.7458735750464,57.4619288427708,9.66533955411037,4.4485922500411,8.57595732410565,7.2879910425925,3.02725066675487,3.30094196590867,2.55868649066668,3.35016738070192,2.33451226938177,2.05648585617494,-0.0771922592566698,-0.665101674874551,1.26928008763539,0.23327314326494,-0.460882443375449,0.108089373884307,-0.332267547283991,0.0400594225513004,252,980,336,-227,962,262,87,1019,-184,241.716666666667,960.633333333333,317.9,-167.555555555556,948.061111111111,240.144444444444,76.2722222222222,999.455555555556,-141.594444444444,0.807736949392036,0.807736949392036,0.807736949392036,0.807736949392036,0.807736949392036,0.807736949392036,0.807736949392036,0.807736949392036,0.807736949392036,2565,1030,1187,1662,352,373,387,429,262,660.572173201121,610.059424035872,610.013986452832,972.891,847.779,740.358,149762.896140457,51019.1516340465,8627.85985254367,768505.743,623622.345,623097.06,1.13164031794906,617616.567405629,1.42305270993699,84019.3156645104,4.89915111983461,75139.954104914,3.12826695640364,198511.687046197,1.87676560937993,10803.6843457373,1.50308414258873,18506.7572728922,4.74457188360972,32726.9876929488,2.88343443047338,22781.9889878981,0.374402617389582,13520.5116792326,1
801250,-454,519,-356,-863,824,60,-97,819,-300,2050,1598,821,627,1129,414,252,1209,38,272,960,326,-176.5,944,252,97,1000,-135,301.065,955.14,317.545,-167.37,949.995,250.61,97.765,998.76,-133.495,0,926.121934150666,326.860974923684,0,945.891641324193,227.850560090523,0,993.129088709745,0,460.400982839959,968.894333764007,344.921534555325,295.232874185786,952.080771258405,259.075220737144,120.106348708134,1001.54919499743,146.674520623045,121938.623894472,26596.7943718593,18227.1738442211,59446.9679396985,3987.23113065326,4336.27929648241,4891.99977386935,5607.2888442211,3711.05525125628,349.197113239031,163.085236523296,135.008051034822,243.817488994737,63.1445257378125,65.8504312550982,69.9428321836437,74.8818325378132,60.9184311293083,7.76848843846189,4.41696183720184,10.2205488556694,4.2197674252596,2.83740792566772,3.2969857962089,2.63030162357797,2.93833758578667,2.57606473196778,1.51292198716513,0.266255744816379,-1.10203504510372,0.372320194507126,0.37738786893011,-0.116999006168606,-0.0976620951290748,0.0366290176530003,0.0531775200387714,313,960,346,-281,962,272,48,1000,-116,277.161111111111,952.727777777778,321.988888888889,-173.138888888889,948.4,251.066666666667,98.4444444444444,998.294444444444,-133.683333333333,0.777041587600888,0.777041587600888,0.777041587600888,0.777041587600888,0.777041587600888,0.777041587600888,0.777041587600888,0.777041587600888,0.777041587600888,2504,1079,1177,1490,305,354,349,390,338,661.707737858197,615.71494557168,610.094160147803,982.284,864.615,741.18,123529.001551856,60440.3405489667,6609.33131442977,761817.696,636444.129,623423.844,1.30254984780464,487031.730482272,2.40822145822656,98015.8016160896,4.1606720660206,69075.6952995292,2.36835451665069,232563.666381491,1.93980916812858,13101.2968485591,2.58468693360762,16444.2357011715,5.23534658042815,20598.059454931,2.5669234154055,20941.6575782799,0.336535326475262,15596.7307507094,1
804375,-343,215,-158,-845,768,30,-155,800,-233,2333,1460,801,1163,1111,494,291,1209,29,262,960,336,-200,944,262,87,1000,-126,307.995,946.105,322.845,-164.94,945.335,259.855,85.13,999.84,-122.215,380.232803267073,897.714357619209,287.299366756928,0,941.310663813545,226.769825559958,0,994.07039015019,0,441.308775122363,960.139633074273,338.126832712224,281.58492502263,947.361538695761,270.969453998048,132.124259695182,1002.72296772339,135.938202871746,100394.48741206,26887.8833919598,10151.6190703518,52346.5993969849,3854.89726130653,5929.47133165829,10261.0081407035,5802.33608040201,3560.49123115578,316.850891449054,163.97525237657,100.755243388877,228.793792304304,62.0878189446733,77.0030605343599,101.296634399685,76.1730666338307,59.6698519451471,16.0995064647708,7.37953490374881,9.2364582813062,8.72996338333026,3.31465937503926,2.88211758865129,2.24902261359829,2.93817327198752,2.33720175172883,2.79666521949031,-0.911926357356176,0.0979730886226592,1.35273510162578,0.272160241670159,-0.14428705667975,-0.148489468970672,0.155365951198703,0.265343244002763,282,970,346,-309,935,272,67,1047,-145,278.411111111111,952.266666666667,323.066666666667,-176.544444444444,943.688888888889,261.055555555556,86.1222222222222,999.038888888889,-123.416666666667,0.793187652897551,0.793187652897551,0.793187652897551,0.793187652897551,0.793187652897551,0.793187652897551,0.793187652897551,0.793187652897551,0.793187652897551,2676,1245,959,2008,343,464,446,409,262,649.74878418498,612.808875266156,610.729942578263,965.133,864.522,739.419,103048.344074281,53241.8396158684,10836.0279594058,738570.783,630125.04,624833.619,1.71573931635675,397209.316647318,5.10965598416296,111319.385088702,3.57003737849444,37969.7759371842,4.09621861241614,194858.00252455,3.25699518428333,14286.3135103407,3.89471843882775,23770.0914750994,9.37643469509767,47398.1496902288,2.61864968625687,24327.0877757769,0.594601201784955,14689.2270009676,1
807500,-686,196,-128,-1009,712,-40,-106,761,-281,2464,1990,980,1054,1240,626,388,1228,38,323,941,326,-145,953,272,135,1000,-106,365.42,933.775,323.67,-145.5,953.985,270.245,134.165,1003.175,-108.995,328.500266486689,850.461402754625,254.966831704835,0,946.668442464376,0,0,994.448750413539,0,573.957132545628,962.998564381069,352.222841394479,364.380542839488,957.713581923113,294.077362270543,156.55645946431,1007.35725787826,124.502750973623,196879.410653266,55709.0295226131,19395.6392964824,112163.748743719,7163.74349246231,13516.7185678392,6542.38972361809,8450.81846733668,3639.22108040201,443.710953947799,236.027603306505,139.268227878732,334.908567737104,84.638900586328,116.261423386432,80.8850401719508,91.9283333218691,60.3259569373085,9.19064656481335,5.93373863382732,7.75936457355492,4.1651456902859,4.28653565059561,3.68601680060205,3.91980445072186,2.9561715841189,2.93440799257172,1.66259089436945,0.194519557540243,1.15967086254979,0.154388653303524,0.51043682595,0.15790356314569,0.0568638451730402,-0.251589896963713,-0.251086387466811,323,931,326,-163,953,262,116,990,-145,333.288888888889,934.311111111111,316.822222222222,-147.877777777778,951.805555555556,268.433333333333,133.544444444444,1004.86666666667,-107.583333333333,0.738284866143451,0.738284866143451,0.738284866143451,0.738284866143451,0.738284866143451,0.738284866143451,0.738284866143451,0.738284866143451,0.738284866143451,3150,1794,1108,2063,528,666,494,467,319,674.420149374687,634.877914931725,613.652168833333,1016.019,903.282,750.729,209623.388463739,114824.297371115,9064.83870386946,828512.373,681881.988,632867.703,3.36576883620535,676536.435788066,5.4150903126722,194627.657195296,4.85128817385496,64053.8519947237,3.68001636090517,379613.319954563,2.03123639201164,27601.3160738001,6.02587082946886,57852.2933765431,3.37989955248626,29244.0344978057,1.38080296751532,37556.0243115226,0.639483172874873,14618.7130314447,2
810625,-131,225,69,-1054,666,-131,-87,819,-203,818,1745,623,1000,1222,818,407,1238,106,313,931,346,-145,944,282,126,1000,-87,341.79,915.505,346.505,-131.07,937.8,299.785,138.63,998.245,-79.095,266.02644115336,857.420021511815,312.50193304609,0,930.739254250895,0,0,992.833845656262,0,370.694186628277,936.143383782634,358.699811820413,321.604182186737,941.219565245007,333.305903038035,161.847026540496,1000.96307374448,100.365108478993,20697.2622110553,38407.0653015075,8643.05525125627,86683.3217085428,6457.71859296482,21328.420879397,7011.23929648242,5461.30148241206,3836.31756281407,143.86543091047,195.977206076389,92.9680334913903,294.420314700842,80.359931514187,146.042531063376,83.7331433572299,73.9006189582473,61.9380138752775,5.15253631649287,6.50696150113265,4.6808857811619,6.96420366665719,5.09141673250931,5.48168432549877,4.08109226405251,3.94335813867156,3.18864132443518,0.435483844674114,-0.0925115573981209,0.235712932417725,0.273782852851985,0.0082710954477477,0.75751323665379,0.787490760323895,0.288041341602941,0.62374699910906,313,970,346,-172,962,282,126,1000,-67,338.555555555556,916.905555555556,345.688888888889,-133.916666666667,937.733333333333,294.35,135.338888888889,997.094444444444,-81.2888888888889,0.714081799208075,0.714081799208075,0.714081799208075,0.714081799208075,0.714081799208075,0.714081799208075,0.714081799208075,0.714081799208075,0.714081799208075,949,1520,554,2054,556,949,494,419,309,636.805037107385,625.513624131535,609.709334344851,964.092,880.845,736.824,52047.1032150717,101644.695504013,7644.00089326018,685466.502,660249.807,622916.814,4.86435996348563,70471.2941111007,19.9130733280442,150626.302945399,8.13205482348547,28433.5871769968,24.7118752077208,354722.401202702,8.87968342680927,25010.4194957083,8.90836643224951,93619.9422120214,1.77856097255012,28587.5326131825,3.62363224361126,20670.1694269722,0.467443218489802,11766.0895725142,2
813750,90,882,217,-400,861,20,-19,923,-203,363,1078,435,9,1037,323,242,1066,9,202,960,346,-209,935,252,97,1000,-126,204.195,965.185,347.85,-206.815,937.445,251.055,98.23,1001.265,-126.04,196.453765278217,964.286602811864,344.501223505021,-186.716599362759,936.770747610364,233.537665827365,0,1000.32253970998,-122.333541437226,207.923723995123,965.640505053511,349.348364816554,218.68825985864,937.783037274614,254.062226629619,112.451589584141,1001.73383940047,131.618197829935,1544.39896984925,883.920376884421,1049.90703517588,5077.49826633166,637.082386934673,1526.63515075377,3011.28351758794,943.803793969848,1444.49085427136,39.298841838523,29.7307984568935,32.4022689819074,71.2565664786878,25.2404910200787,39.0721787305721,54.8751630301718,30.7213898443714,38.0064580600634,4.2725308941514,4.23983412101725,4.78095114653997,3.33905067738641,4.01395640973929,8.1727139501314,2.42591553551779,2.37646044698682,2.88627532528708,0.46978741734033,0.553727033374592,-0.75934479340696,0.285628403804325,0.186268028825912,-1.19486548705764,0.105552585022496,-0.116187096074195,0.259873335793758,181,950,376,-254,944,272,77,1019,-135,203.427777777778,964.261111111111,349.238888888889,-207.866666666667,937.227777777778,252.455555555556,97.8277777777778,1001.45555555556,-126.55,0.769192829013014,0.769192829013014,0.769192829013014,0.769192829013014,0.769192829013014,0.769192829013014,0.769192829013014,0.769192829013014,0.769192829013014,273,196,218,409,176,303,261,143,212,628.495545390894,597.360317655539,609.690303228659,910.338,837.243,735.759,1945.31231920139,5216.8854229676,3342.16220390038,658642.884,595085.517,620063.637,2.57949231664336,5451.43865799007,0,2980.81691140591,0,3060.63799966403,5.09408836933572,20362.0644552854,0,1647.27589057388,2.64236534599645,5528.34291364966,5.0027417723816,12398.6418979042,0,3418.25504243857,2.83162628270292,4279.04154807537,2
816875,-393,686,-118,-500,870,90,-38,914,-223,1000,1156,485,163,1037,383,262,1114,-29,191,960,376,-200,935,272,87,1000,-116,201.36,961.505,352.995,-198.41,938.46,263.08,92.615,1002.78,-119.105,0,956.631495099897,362.913978764637,-216.104515793216,937.526371775024,250.12359116435,0,1001.76104615315,-100.331868442645,250.948600314885,963.71719140005,360.128039730316,225.271613835388,938.931866537716,267.888241623256,107.894601347797,1003.285447916,126.052469234046,22542.0607035176,4280.3617839196,5112.29645728644,11437.9617085427,890.330050251254,2565.85286432161,3079.10228643216,1019.05688442211,1711.78288944724,150.140136883905,65.4244738910417,71.5003248753909,106.948406760188,29.8383989223828,50.6542482356772,55.4896592747888,31.9226703836335,41.3736980393007,17.9193257791885,8.14352773104139,17.3932245234773,5.64013893612955,3.72733125452036,3.6828685716661,3.10021043249621,3.65637906638018,2.67038596804664,1.84750825650519,-0.889052997684269,-2.95918796267173,0.960585620112379,0.428082026183385,-0.789637653827275,0.321273290158561,-0.15827054055081,-0.0529302532986944,191,950,376,-181,935,303,48,1000,-126,197.422222222222,964.088888888889,359.872222222222,-204.227777777778,937.655555555556,265.483333333333,91.5444444444445,1003.24444444444,-119.061111111111,0.769192829013014,0.769192829013014,0.769192829013014,0.769192829013014,0.769192829013014,0.769192829013014,0.769192829013014,0.769192829013014,0.769192829013014,1393,470,603,663,167,293,300,200,194,633.26876153684,601.009326746207,609.850750925919,920.736,847.35,729.612,24231.9488575125,11515.0597921673,3118.75914846856,672850.938,602462.676,620467.296,1.11024370141959,99606.707880224,0.970092475780455,18087.5162782871,0.999258143715896,19083.2485172266,1.69665825836389,50219.6764648652,0,3318.13612633897,0.396415259478872,9938.85036573487,2.43821201837834,12997.0991546891,0,3905.36072904838,0.650300761117547,5883.1050931895,2
820000,-383,735,-39,-654,824,50,-67,876,-233,1292,1352,584,290,1092,353,252,1133,0,212,980,326,-185.5,944,252,97,1009,-135,250.78,981.43,316.425,-180.87,946.85,239.525,89.15,1002.645,-130.79,213.067808266143,972.938235991273,294.52265911099,0,945.104085159256,218.610743806086,0,1000.35561193679,0,348.773895238735,985.713939233894,326.457677195682,229.430054700774,947.726505907691,246.707569806846,113.449856765004,1003.78706656342,139.492616292046,59047.8609045226,8469.47246231156,6482.24560301507,20024.3146733668,1668.95226130653,3509.94912060301,4947.88693467337,2302.99394472362,2363.98582914573,242.997656170842,92.0297368371308,80.5123940956613,141.507295477537,40.8528121590978,59.2448235764358,70.3412178930204,47.9895191132774,48.6208373965909,7.14833451408721,5.23846000067763,6.38103385344584,4.03897278473785,4.22505536800569,3.04199215484575,2.17221159720564,3.33691507029825,2.86650193045223,1.68960905630783,0.472925819787504,-0.625266907932588,0.00982521786492442,0.242933846201585,-0.627840610707964,0.00429414306925545,0.0742604403693948,0.455137301989091,222,960,356,-227,935,252,106,1009,-155,232.233333333333,980.055555555556,318.244444444444,-180.761111111111,946.455555555556,241.711111111111,89.2444444444444,1002.24444444444,-132.322222222222,0.786626109970601,0.786626109970601,0.786626109970601,0.786626109970601,0.786626109970601,0.786626109970601,0.786626109970601,0.786626109970601,0.786626109970601,1675,617,623,944,268,303,319,257,233,651.534069419981,602.667958305309,611.20613000799,940.581,830.007,736.509,60090.4465400028,20199.9618118156,5117.5927077411,719909.889,607012.983,623950.521,0.434327327911697,255769.240139178,1.36442137001867,30924.7816850106,2.13941707110739,24475.8660761267,2.67613473459302,83287.2734617713,1.9544173364939,6041.30604326904,0.893275124558908,14362.0394677914,3.12026720014659,22331.9363610595,1.75390980941696,9186.05847316457,0.449050518146772,9828.16936076174,1
823125,-212,725,-128,-754,824,90,-77,828,-252,1717,1460,722,527,1120,373,252,1200,19,222,980,326,-190,944,252,77,1000,-135,266.93,976.005,320.03,-167.245,947.355,249.685,77.23,1000.795,-132.52,0,965.064620002254,293.01520904625,0,944.458691441475,232.855805630492,0,997.288073444175,0,393.272907787963,981.384213751169,332.851768810082,246.824968348018,948.803412198755,256.680297257113,101.885523996297,1002.53057559358,143.115268228096,83831.1106532663,10582.1256030151,8413.16492462311,33117.261281407,2760.22007537689,3559.97565326633,4438.37899497487,3494.39494974875,2935.10512562814,289.536026520477,102.869459039188,91.7233063328133,181.981486095171,52.5377966361065,59.6655315342647,66.6211602644,59.1134075295,54.1766105033172,11.1146987443851,5.45945238490119,10.3505260444343,4.61091800907254,3.27722246164858,2.45712755206974,2.51157271757609,4.01881558514894,2.73417268796872,2.54396627720158,0.271453452141591,-0.468333675011019,0.390094418578277,0.140313673418945,-0.251996445451793,0.14568879896247,0.0176292625557106,0.383055487050176,171,950,356,-309,925,222,58,1019,-155,233.016666666667,975.455555555556,320.472222222222,-171.283333333333,947,250.544444444444,76.9611111111111,1000.83333333333,-134.122222222222,0.77897850522573,0.77897850522573,0.77897850522573,0.77897850522573,0.77897850522573,0.77897850522573,0.77897850522573,0.77897850522573,0.77897850522573,1929,735,850,1281,296,283,329,372,271,655.588064603026,606.979952651788,609.74661443756,950.493,842.169,730.359,85278.4088699145,33237.6326218425,4797.81355952672,737141.313,616221.153,621558.117,0.836430870067605,381078.116420268,1.00703986996673,38337.3788302914,3.34327235386751,32194.4440060378,2.34955919567199,130917.458185691,2.00193007282947,10636.7361111747,3.29036088086187,14807.7347176349,3.83722448514886,19543.0128005817,5.73415139702179,13830.3149802572,0.37520094997517,11642.489376635,1
826250,-313,607,-118,-745,805,80,-126,809,-233,1707,1392,663,572,1120,393,213,1180,-19,222,975,331,-200,944,262,67,1009,-116,253.01,969.595,322.14,-177.07,945.36,252.865,68.245,1004.835,-123.575,205.021463655238,955.380419932219,305.120661851733,0,942.711555843689,229.901266849577,0,1001.09560098111,-98.2856688820427,376.448137198207,975.88367390791,334.316436927651,243.855920576065,946.693704426094,261.649355053667,92.4584501276114,1006.64669820151,132.885157184691,78089.587839196,12295.9607788945,8033.46773869346,28253.1910552764,2536.12100502513,4542.38871859296,3910.73866834171,3662.51032663317,2399.68278894473,279.44514280838,110.887153353734,89.629614183558,168.086855688588,50.3599146645934,67.3972456306114,62.5358990368069,60.5186775023477,48.9865572269039,13.2002096097478,5.09167996510914,8.92826702370092,6.03403607040803,3.37188506107793,2.58846738200642,3.18311600135606,3.86469564503897,2.22176047379378,2.63035399524048,-0.558907748462366,-0.701617075957076,0.738986873148643,0.268852012980818,-0.360260304009191,-0.143626013063303,-0.33352683293798,-0.0831088660636154,222,950,346,-209,935,303,97,1038,-116,223.144444444444,973.561111111111,324.138888888889,-181.444444444444,944.533333333333,254.361111111111,68.65,1005.85,-123.394444444444,0.782822253883483,0.782822253883483,0.782822253883483,0.782822253883483,0.782822253883483,0.782822253883483,0.782822253883483,0.782822253883483,0.782822253883483,2020,785,781,1317,315,313,339,371,214,649.49155914538,606.200306889842,610.7637265754,942.111,845.241,723.801,79684.528083373,28572.321426359,4568.41469295589,723497.775,614493.039,623726.763,1.5867683483906,331648.474349365,1.45239307386248,46311.8970692469,2.49589805784025,26714.7966932249,1.58400689614617,100866.402283426,2.90323076667081,7878.3408514207,1.77011392366177,18710.5229307897,2.5651982033091,17136.8448147391,5.02730989919708,14073.7635733624,0.258151457611726,10180.4720937638,1
829375,-313,500,-188,-872,814,0,-77,847,-223,1919,1578,613,736,1064,383,233,1142,-19,202,980,316,-181,944,252,67,1009,-126,226.34,977.835,315.71,-177.48,945.84,250.565,75.585,1002.16,-124.415,200.89063546472,965.230977696576,266.888872420343,0,944.285394728572,0,0,999.909345395854,-99.569752157003,330.140682134147,983.267183933238,323.606103156291,236.141461840144,946.622781259779,257.832474680751,95.6930248241741,1003.26150628837,132.67002298937,58053.3411055276,10706.6007788945,5073.47326633166,24385.5674371859,1488.82854271357,3713.33243718593,3461.36962311558,2220.0848241206,2132.90731155779,240.942609568187,103.472705477795,71.2283178681882,156.158789176869,38.5853410340451,60.9371187141788,58.8334056732702,47.1177760948095,46.1834094839022,23.1028125983281,11.7385002687779,17.5512629705217,10.1663682015404,4.34734017428538,4.80736430815524,2.75073224242987,3.51940043322644,2.35089695878015,3.65967078469992,-0.234501507100103,-1.88915210864594,0.425829552728756,0.317383089754304,-0.897339131809504,0.226145947699136,-0.325485533806169,0.148808887010498,212,980,306,-227,953,252,29,1028,-165,202.594444444444,981.844444444444,318.238888888889,-176.444444444444,945.294444444444,253.538888888889,74.7111111111111,1002.87777777778,-124.65,0.776069353118086,0.776069353118086,0.776069353118086,0.776069353118086,0.776069353118086,0.776069353118086,0.776069353118086,0.776069353118086,0.776069353118086,2232,1078,801,1608,250,383,310,295,204,643.889225509709,604.529842230467,609.289409355425,924.591,837.147,723.768,61020.8580098248,24445.1693081291,3727.83889402002,708316.881,611001.039,619975.284,1.65605078747818,224398.468236237,1.10813798150407,39487.521078003,5.38021683481159,14759.1584861318,1.3232494602231,83106.8287365696,2.43568473804737,4930.63938674189,1.23958916771379,12639.3919666463,2.73730821852559,15305.6626412489,5.36520346736759,8209.78701589039,0.410513630700233,8805.31362314746,1
832500,70,941,257,-300,898,171,-38,942,-184,212,1058,346,-45,1000,303,135,1085,-48,151,990,306,-190,944,252,58,1000,-135,153.725,988.28,309.28,-193.315,943.4,246.08,57.805,1003.085,-133.525,150.071080084902,987.741902841735,308.501415788075,-176.516904754925,942.816562982497,243.70457590665,0,1002.3419362231,-128.753092511272,155.409410911952,988.551182286481,309.658263251605,200.162096811559,943.693218159376,247.184647581519,66.5988363261701,1003.46225888172,135.425163835973,523.326005025128,538.775477386934,235.298090452261,2707.71434673367,556.110552763819,547.621708542714,1099.48439698492,760.791733668342,513.617462311559,22.8763197438995,23.2115375920453,15.3394292740069,52.0357026159316,23.5819963693454,23.4013185214576,33.1584739845627,27.5824533656515,22.6631300201794,3.45046263834175,3.29080665704293,3.47611217160179,2.34942697602864,2.28161855926405,3.07714584535735,2.926158357017,3.02779241665941,3.60596318224406,-0.0290149935000327,0.393866249977036,-0.443252407986906,0.108368646532677,0.242812602700601,-0.530169165964395,-0.057453219537529,0.613535739513217,0.599339577529888,151,990,316,-227,925,252,48,980,-145,153.722222222222,987.561111111111,309.7,-193.583333333333,943.072222222222,246.833333333333,57.8722222222222,1001.92222222222,-134.377777777778,0.777041587600888,0.777041587600888,0.777041587600888,0.777041587600888,0.777041587600888,0.777041587600888,0.777041587600888,0.777041587600888,0.777041587600888,142,117,89,255,102,132,173,143,136,628.383850114151,597.361875899037,608.629525570278,870.771,829.677,717.267,734.86145084367,2770.86272784322,1423.95457571814,658364.259,595033.203,617827.131,0,1854.27167361858,0,1797.89488206904,0,525.904079556023,9.61156673509879,11608.9219875213,0,1751.41786423268,0,1649.99916242505,5.94533891519635,4491.0715912784,0,2289.54384655375,0,1329.99082900563,1
835625,60,950,257,-518,833,90,0,914,-213,191,1078,336,-90,1018,313,126,1076,-58,141,990,297,-213.5,944,232,58,1000,-145,143.12,991.905,297.355,-216.885,941.935,223.965,63.57,1000.775,-143.91,138.511056345989,991.500817241318,296.304093811039,-202.502617218959,940.915409425609,215.870087128646,0,999.92511727346,-140.446311746258,144.993344674851,992.110258489448,297.866102468878,225.296593405227,942.440701052326,227.27983852511,69.0183308983925,1001.19767029293,145.418018140807,542.44783919598,409.282386934674,305.747713567839,3738.14248743719,957.719371859297,1503.32037688442,726.015175879397,850.426507537688,438.504422110553,23.2905096379616,20.2307287791289,17.4856430698971,61.1403507304071,30.9470414072056,38.7726756477345,26.9446687839988,29.162073100822,20.9404971791635,3.84292592562767,5.36255240613264,2.55971251788599,9.01011923984135,3.56472634098436,3.39440265816456,2.76441080888782,2.55924585386126,4.02973151173606,-0.594798408042266,0.847180449446761,-0.366053217843641,-1.7559683256426,-0.151062930025315,-0.513067062678746,0.0588835828424517,-0.131320763951818,0.260732782542316,141,990,297,-218,935,232,58,1000,-145,143.833333333333,991.127777777778,297.783333333333,-211.683333333333,942.122222222222,225.122222222222,63.45,1001.06666666667,-144.261111111111,0.767205192242709,0.767205192242709,0.767205192242709,0.767205192242709,0.767205192242709,0.767205192242709,0.767205192242709,0.767205192242709,0.767205192242709,131,128,79,428,185,223,126,162,155,627.482900439549,597.004581011133,608.18771687815,859.428,829.671,724.953,601.557605848662,4234.42935259344,895.594349834902,656418.03,594365.493,616984.023,0,1666.17923379198,0,954.129516853202,0,617.514853522734,1.82675185379575,15224.9348991959,0,2139.82707485839,5.77456427928821,5324.60906639733,0,2316.42176959356,0,1771.20965460752,0,658.887037528306,1
838750,-343,490,-79,-663,824,-20,-19,904,-203,1616,1480,772,327,1074,414,281,1114,9,121,990,346,-285.5,925,222,87,1009,-135,145.25,980.485,336.355,-256.655,929.16,216.835,96.23,1003.24,-130.775,0,967.048440849071,0,0,926.615682498851,186.129619384521,69.5388833047817,1001.71914020904,-118.679098192297,237.794028520482,985.519469619956,348.085959211227,302.477280138525,930.446983981355,231.253075655222,111.062594963381,1003.99448703666,136.329545587154,35626.5703517588,9947.5274120603,8069.49645728643,25749.4632914573,2405.31095477387,6493.03293969849,3090.13778894472,1522.04261306533,1491.09987437186,188.75002079936,99.73729198279,89.8303760277471,160.466393028127,49.0439696066078,80.5793580248595,55.5890078068023,39.0133645442857,38.6147623891674,23.9633570353032,14.2970861836835,8.38516480721604,4.95119723621783,2.79550673689278,2.71191428688714,4.35995167689325,3.24678408188699,3.4931379444661,3.29148221968351,-1.28851764976746,-0.458785661158875,1.08657771145851,0.321801590250349,-0.0788613298176621,1.04797896845409,-0.105914530636112,0.600863948335171,121,1000,346,-263,888,272,77,1019,-145,130.677777777778,986.15,338.894444444444,-267.305555555556,928.138888888889,216.75,92.5111111111111,1003.23888888889,-132.188888888889,0.771170251528199,0.771170251528199,0.771170251528199,0.771170251528199,0.771170251528199,0.771170251528199,0.771170251528199,0.771170251528199,0.771170251528199,1959,990,851,990,250,434,300,210,212,637.685058544514,602.615983149421,611.156420346974,889.38,854.934,738.369,39566.0537185598,26009.6884626045,3270.73417458262,689375.076,606421.248,623355.345,1.16471688294485,101051.651506656,0.832269845728883,38954.480363161,1.03091266604167,26352.1230113137,0.601436658186563,96253.2155256742,0.899787611788799,7046.47385418492,1.21571878212852,25142.5793416016,1.22178087112054,12838.5231947321,1.23509704709293,5400.05424498532,0.273080355032017,5862.86462334419,1
841875,-323,147,-287,-790,583,10,-97,780,-262,1797,1411,1366,490,1157,737,660,1171,233,262,941,366,-263,916,262,276,952,-97,296.61,909.165,380.94,-249.92,909.26,288.015,283.965,946.925,-87.465,280.522238425584,829.636016338802,0,0,897.008579025258,198.168173137506,206.094472246038,941.977673324439,-107.202029357679,376.400504781808,928.900137259114,431.9661560817,321.149357776098,914.639256756455,324.349818868456,319.403576999382,949.43483978628,125.133069170384,53969.6963819095,36456.7515326633,41687.9159798995,40881.3101507538,9860.52502512563,22361.9746482412,21489.9736432161,4783.47675879397,8048.40077889447,232.3137886177,190.936511785104,204.176188572271,202.19127120317,99.3001763599926,149.539207729081,146.594589406349,69.1626832822005,89.7128796711736,12.929757979698,6.04799701131199,7.6199809188376,4.17927043526939,4.54384636604585,4.40000720878212,2.72340243962309,3.96512384472058,4.43953417560548,1.96893074508476,-1.10488317701522,1.19622540014457,0.449138357260987,-0.749686272790285,1.23037938133219,0.0924031296112521,0.415816710688524,0.904174200858438,232,960,346,-336,898,313,184,952,-97,283.377777777778,918.511111111111,369.566666666667,-253.488888888889,913.277777777778,277.938888888889,282.911111111111,945.1,-92.7,0.736139460135305,0.736139460135305,0.736139460135305,0.736139460135305,0.736139460135305,0.736139460135305,0.736139460135305,0.736139460135305,0.736139460135305,2120,1264,1653,1280,574,727,757,391,495,645.548983269298,610.271666103597,604.680257582978,962.319,888.165,805.683,85478.0393147133,43653.4068446113,27974.1874079735,714676.539,626942.811,611462.067,1.25574217123102,187112.298614618,0.661131411143113,139170.509267121,1.06665424908213,169965.866591475,1.94778803379736,164056.890800218,0.937389207333875,39204.298272848,0.331217746396479,85011.0802930577,0.17458985018115,70838.7316819,1.00290275138851,16630.8915315162,0.0647786125203889,33642.994384732,1
845000,60,490,465,-818,388,343,-126,780,-135,585,990,792,-181,953,797,533,1066,213,181,852,574,-736,481,454,-58,1009,58,248.59,805.585,595.06,-647.84,521.35,495.58,70.42,996.325,52.21,192.635835900415,786.059523847561,585.649494783048,-578.398189345765,506.554591312521,470.055074169532,0,993.085902837911,66.0959255641815,282.737139406906,813.571819202214,599.951589713703,669.217692533603,530.820949096774,509.678457461172,217.276851044928,997.754787009313,72.853483101359,18234.4742713568,12996.8972613065,5874.8808040201,28297.1401005025,10015.1331658292,14243.8126633166,42462.5664321608,2865.43655778895,2594.71949748743,135.035085334726,114.003935288684,76.6477710309967,168.217538028894,100.075637224197,119.34744514784,206.064471542672,53.5297726297147,50.9383892313786,2.47354105261436,3.25740936158963,2.09405422920294,3.08441911282618,6.0186309899171,2.10118560787849,2.20667599363307,7.29606911703453,5.68591983279214,0.885384158398655,-1.0791410487913,0.449433873367492,1.15933090779172,1.79355482327983,0.64420642284773,0.889552747730805,-2.05403823560628,-1.30246851224734,131,901,524,-772,472,393,-87,1009,58,239.722222222222,813.933333333333,592.288888888889,-661.683333333333,511.122222222222,489.366666666667,57.0888888888889,1002.57777777778,55.9166666666667,0.700307833000678,0.700307833000678,0.700307833000678,0.700307833000678,0.700307833000678,0.700307833000678,0.700307833000678,0.700307833000678,0.700307833000678,525,500,327,637,565,454,659,286,348,629.240072184416,595.807355657391,613.727597584407,989.541,998.862,736.413,32344.1673933569,45136.3944007143,43996.4349664551,661068.783,593637.198,628818.885,0.0473653968929523,57901.5573162456,0.30656281222005,43663.0339901102,0.301959564640732,16676.0947600602,0.117667758564529,92595.1780599578,0.182278932784899,36686.1903129625,0.145686681046482,43385.4602362623,0.053672777561853,128972.385680575,0.371962480784874,11413.2751801121,0.0655949328703322,8527.80767756116,1
848125,10,852,306,-827,435,191,-116,971,-126,191,1009,564,-336,935,424,155,1047,67,131,911,504,-772,476.5,353,-67,1019,9,105.305,932.935,451.525,-622.82,631.96,312.145,-20.7,1014.275,-11.525,73.597099801323,930.857584064383,436.192288191538,-547.295749395531,571.009668520221,291.783049269463,0,1014.05758169304,0,116.060350680153,933.985189925408,458.585177475243,654.396248461129,665.77999369161,321.073566336439,78.7002541291958,1014.38301198315,57.0911113922299,2392.82610552764,1970.47314070352,6457.82851758794,40532.3593969849,44110.1089447236,5682.14469849247,5794.21105527638,220.220477386935,3142.28077889447,48.9165218052923,44.3900117222728,80.3606154629738,201.326499490218,210.024067536851,75.3800019799182,76.1197152863592,14.8398274042165,56.0560503326311,1.58971192045328,1.46124947209181,1.28836212195735,1.21327519815731,1.19998323341558,1.34951796099016,1.76553434326292,3.24760627677656,1.56662101830577,-0.285305603732466,0.263900326228379,-0.378620487682952,0.431341345348881,0.427073017410028,-0.411869924093479,0.638860218834488,-0.405243497073297,-0.421963259564739,141,901,356,-790,462,383,-77,1009,29,105.561111111111,932.716666666667,453.083333333333,-627.811111111111,627.116666666667,313.783333333333,-24.1333333333333,1014.65,-10.1166666666667,0.77018281481828,0.77018281481828,0.77018281481828,0.77018281481828,0.77018281481828,0.77018281481828,0.77018281481828,0.77018281481828,0.77018281481828,181,157,258,491,500,233,271,76,193,628.117639689892,592.257801226916,611.353919129835,893.859,940.155,683.244,10329.1221462568,89874.067215504,8472.31509769851,657659.223,584751.411,623055.612,0.0873241773652688,6756.94341146145,0.14767405006367,5840.56756032114,0.073883764740695,18885.6209495242,0.0499198795344242,119862.021199392,0.0526906484455218,130190.61285089,0.0711431446017385,16417.4641409862,0.213461512493972,17820.6709980126,0,551.62781343201,0.0861619275780212,8816.11997181598,1
991234,-20,941,287,-418,861,151,29,961,-165,131,1019,435,-254,962,313,194,1057,19,80,980,371,-345,898,242,87,1009,-77,74.565,976.3,369.11,-346.265,900.34,236.82,90.73,1008.135,-76.435,68.0055503167297,976.123442627409,367.737244721783,-343.866098805115,900.041991481997,233.980413627905,79.1945844875615,1007.78529951972,0,78.1515514881183,976.388155397227,369.774079675685,347.397603618678,900.489983286877,238.22858770517,95.5183751955612,1008.31023251775,81.7315422587877,550.478165829146,173.005025125628,493.143618090453,789.592738693467,271.451658291457,672.510150753769,896.30864321608,355.122386934674,841.945502512563,23.4622711140492,13.1531374631921,22.2068371924156,28.0996928576358,16.475790065774,25.9328006731585,29.9384141733673,18.8446912135666,29.0162971881762,3.68682395133214,3.29296795636323,3.56313966550578,3.14750905368317,3.51736075774301,3.79224654294426,2.9982256200767,2.60935445438825,3.52742735826171,-0.337277785202034,-0.069910141081977,-0.374891585473408,0.505112493726575,0.406648648427561,0.26386277723662,0.211690302942037,0.151513180680997,0.273417870420749,70,980,386,-345,888,242,87,1009,-77,74.7944444444445,976.388888888889,369.5,-347.25,900.011111111111,236.272222222222,90.2944444444445,1007.93888888889,-76.8833333333333,0.76420450650862,0.76420450650862,0.76420450650862,0.76420450650862,0.76420450650862,0.76420450650862,0.76420450650862,0.76420450650862,0.76420450650862,151,78,148,164,101,162,165,96,184,628.157961388185,596.440231719168,609.565856731549,852.105,890.055,705.294,712.82856610507,1020.00584939849,978.432142654326,657704.619,592992.099,619495.998,0,1272.76405354956,0,301.44172769403,0,1151.3849958481,0,2689.86050249275,0,770.321528438661,0,2091.52759297499,0,3138.67915790521,0,1095.18609048619,0,2273.98271722391,1
994359,10,960,287,-409,861,151,-67,923,-184,111,1019,376,-236,962,262,233,1076,-9,60,990,326,-336,907,212,87,1009,-97,59.92,990.1,329.6,-329.2,912.035,211.58,82.875,1005.905,-97.515,51.4836989361843,989.955300287381,328.751447747715,-326.079323155177,911.659007305435,208.821695545362,0,1005.06309332794,-82.1663732606983,62.8109863001689,990.172106252241,330.018863097248,330.675475353102,912.223966468761,212.896195362905,100.53365108261,1006.32571516383,102.390355991177,356.596582914573,143.507537688442,277.678391959799,978.522613065326,346.456055276382,561.501105527638,3255.02449748744,850.830125628142,979.507311557789,18.8837650619407,11.9794631636164,16.663684825386,31.2813460878097,18.6133300426437,23.6960145494477,57.0528219940735,29.1689925370785,31.2970815182149,3.04399145889622,3.08988066256817,2.82898162025934,3.20806699144955,2.86906602369119,2.49227481599847,3.05398455579388,2.96453374506889,3.04240609157407,-0.0372748214615486,-0.251419207736849,-0.148936359089073,0.346338698328402,0.294936268911838,-0.21171900440026,0.11150853485264,0.0444950448659076,0.0789139748181799,60,990,326,-345,907,202,97,1009,-106,60.1111111111111,990.388888888889,329.833333333333,-329.733333333333,911.794444444444,211.866666666667,82.1444444444444,1005.71666666667,-97.6611111111111,0.783776947484701,0.783776947484701,0.783776947484701,0.783776947484701,0.783776947484701,0.783776947484701,0.783776947484701,0.783776947484701,0.783776947484701,101,59,89,173,101,111,300,153,175,627.335000398802,595.987180739815,609.650146111155,827.772,871.689,713.709,362.722107183956,1180.85957283472,3396.85084977596,655979.082,592094.175,619969.347,0,908.479520187079,0,286.608625153708,0,633.67974786242,0,3017.81629468616,0,750.182478309883,0,1534.68051970531,7.84111172355395,11816.679052123,0,2111.80510545968,0,1680.9353765502,1
997484,-595,686,-49,-1027,731,-60,-97,838,-194,1323,1500,712,109,1064,555,291,1257,38,101,980,356,-300,916,242,111,1000,-97,125.62,987.795,346.32,-294.52,918.49,237.02,109.565,1003.835,-96.57,0,982.168499707442,325.707235339953,-247.346377282058,915.567731320921,211.131593432381,0,1001.0787343156,0,230.767177042143,990.793992210288,357.043876855492,320.16775290463,919.93251382914,249.853897308007,128.783131659391,1005.26208771643,108.350034610054,37661.4126633166,5963.59092964824,7580.69105527639,15844.5825125628,2665.27628140703,6279.88904522613,4603.62389447236,2881.56560301507,2426.09557788945,194.065485502489,77.2242897646087,87.0671640475121,125.875265690138,51.6263138467878,79.2457509600744,67.8500102761405,53.6802161230287,49.2554116609479,14.8174742968783,14.4587502254714,8.11813195070537,9.91044551697648,4.02179460269089,4.65837213106759,3.25477433869628,7.41257767851531,2.46241090734007,2.32684813549984,1.62555808290375,-0.323409602714672,-0.958935730364201,-0.0332503530267678,0.117136856132754,-0.238005964084889,0.96105348454685,0.214656107032924,101,970,386,-300,898,252,77,1019,-97,108.772222222222,985.027777777778,347.977777777778,-292.122222222222,918.738888888889,236.872222222222,110.194444444444,1001.72222222222,-97.2833333333333,0.795962928875839,0.795962928875839,0.795962928875839,0.795962928875839,0.795962928875839,0.795962928875839,0.795962928875839,0.795962928875839,0.795962928875839,1918,814,761,1136,333,615,388,419,232,643.852756850034,602.032400739974,610.733891989402,894.063,871.14,729.018,39737.8848688006,16138.3936570053,4905.20179584921,697443.933,606726.114,623326.014,0.43285494558413,125500.420697483,1.52518983249894,18101.2658154689,0.748924347827614,19708.8277216726,1.64510670239587,51842.0262759864,0.540470381309218,10356.9974979143,0.95243905915511,20207.408458061,1.4353159788664,19342.3566835769,2.49539635985292,10806.3171947298,0.305863377436752,9646.14577195514,1
1000609,-666,686,-178,-1118,722,-20,-126,847,-213,979,1450,613,127,1185,404,252,1333,48,171,980,356,-245,925,252,87,1000,-97,197.865,985.555,346.99,-240.595,931.865,241.625,77.61,1006.71,-89.75,190.173959691097,972.467646546989,331.026813395328,-492.383704406403,927.989187128605,223.378095004742,0,1003.0826987247,0,303.447400713863,991.886185507188,358.051853786571,290.91944761394,933.830040746173,253.328196219844,109.864735015382,1008.60950818441,101.148850710228,53195.7455025125,12582.4592713568,7838.26120603015,26882.5838944724,3684.58972361809,5821.6425879397,6077.33457286433,3847.35266331658,2186.96231155779,230.642028916051,112.1715617764,88.5339551021536,163.959092137253,60.7008214410488,76.2996893043458,77.9572611939666,62.0270317145403,46.7649688501745,6.47783954499217,5.30892485263695,8.80157179686729,11.0415498540735,5.14782736927379,2.96108431072196,2.33311486929741,6.4162797388984,2.64241507365548,0.486016793237105,0.198189712353442,-1.16525939692198,-1.5338058101095,0.479188341358186,-0.525064511969271,-0.163279312484176,1.021719439953,0.083970784579014,121,970,376,-309,888,252,126,980,-106,190.894444444444,985.916666666667,349.122222222222,-235.25,931.083333333333,244.233333333333,78.3444444444444,1004.27222222222,-90,0.807736949392036,0.807736949392036,0.807736949392036,0.807736949392036,0.807736949392036,0.807736949392036,0.807736949392036,0.807736949392036,0.807736949392036,1645,764,791,1245,463,424,378,486,261,653.616956838041,603.972729803096,610.734215888403,940.776,853.653,713.52,56350.0178668714,27351.1763446761,6653.16905621423,722471.796,612508.707,623756.694,0.482902219653158,215803.871045492,0.562026068822619,50930.8927677357,1.03315021340024,29840.1810322766,1.04171777124916,98310.7837235297,0.652703143768837,13288.5543264421,0.439123553787158,25796.4664867095,1.33498817852594,26484.7674180413,3.49102694333422,15061.7438873786,1.32782141139678,8635.39611203511,1
1003734,-242,460,69,-1063,722,-151,-106,866,-233,2101,1656,831,881,1157,444,271,1238,38,161,970,366,-236,930,262,67,1009,-97,192.245,979.48,349.83,-230.145,935.115,249.21,69.465,1005.31,-96.905,0,953.842201060105,323.995293734972,0,929.754658355003,209.093267483334,0,1002.08661871993,0,340.688897676458,990.938989040193,359.983291278915,330.971516901379,937.843614362224,261.42119271398,100.332920818643,1006.99238825326,113.488964221196,79508.3266080402,22692.471959799,7243.15688442211,56859.7225879397,5136.26309045227,6266.7496482412,5267.64701005025,3402.48633165829,3506.69947236181,281.97220892854,150.640206982728,85.1067381846003,238.452768044197,71.6677269798078,79.1628047017108,72.5785575087453,58.330835170245,59.2173916376077,18.2555879455092,6.0822023756213,9.40279779930438,6.33983739018383,4.1404217332243,5.86412201884498,3.09753445659696,6.43545646150273,2.35437330638002,3.07220174131255,0.111513786034936,0.778348658511376,0.429031881585155,0.479409399740567,-1.16215389631967,0.440272662590352,1.0131553950455,0.164464989882471,121,960,376,-245,907,323,97,1019,-77,162.105555555556,979.327777777778,348.205555555556,-231.977777777778,933.05,254.177777777778,67.2111111111111,1001.98333333333,-97.3666666666667,0.796883141014166,0.796883141014166,0.796883141014166,0.796883141014166,0.796883141014166,0.796883141014166,0.796883141014166,0.796883141014166,0.796883141014166,2343,1196,762,1944,435,595,377,372,271,653.080053117894,614.161572962853,609.972433777026,933.579,876.126,709.662,84292.1844254544,57026.6740370262,5569.19020933227,736570.185,634460.298,622188.066,0.994866877450431,327281.074790668,0.676412818714104,81898.7131731785,0.890435624781061,25777.3828460683,1.23623923981374,214801.471332031,0.547710631267631,17438.4921638896,1.52747103248253,24622.7564830154,1.36740154860671,23198.6204095134,3.38779127879614,11476.3087500088,0.350659692832773,12701.734273084,1
1006859,-484,411,9,-718,787,-30,-135,866,-242,1919,1372,900,600,1101,525,242,1123,19,176,970,366,-236,935,262,87,1019,-87,216.98,968.995,348.28,-214.22,935.32,255.48,81.215,1009.27,-93.65,252.654999650455,947.430569725247,254.078217992257,0,931.873802242294,230.380291614387,0,1006.7930468471,0,380.670264139452,977.081416771397,364.502770908535,284.145121372865,937.064432149679,268.891651041828,106.149116812153,1010.48903012353,107.188292271124,98321.1352763819,15815.8642964824,11621.4186934673,35023.3583919598,3282.66090452261,7068.02974874371,4695.23494974875,2474.51969849246,2732.67085427135,313.562011851535,125.761139850442,107.802684073577,187.145286854785,57.2945102476896,84.0715751532212,68.5217844903994,49.7445444093366,52.2749543689074,10.76045691425,7.25482098304786,8.75769260712445,5.56502768678949,3.05307842172902,3.71924277168976,2.77946571396901,2.79950423484581,2.46911354876568,2.17651793989818,-1.05386029869023,0.726219822313935,0.69565618011693,0.337000888478565,-0.209680124263313,-0.317903783759888,-0.220468778323257,-0.200296791821006,191,960,366,-254,907,252,116,1019,-58,189.35,974.755555555556,346.611111111111,-219.45,933.95,256.555555555556,82.7833333333333,1009.66666666667,-93.2888888888889,0.793187652897551,0.793187652897551,0.793187652897551,0.793187652897551,0.793187652897551,0.793187652897551,0.793187652897551,0.793187652897551,0.793187652897551,2403,961,891,1318,314,555,377,257,261,655.280181621668,607.746516776327,612.343870574219,948.669,862.194,716.505,103777.453569666,35133.1627802532,4930.91769627185,739476.129,618678.552,626307.027,2.09621776189148,388585.367380739,0.81553957220231,49047.342115005,1.60890884653413,42684.4390059988,1.11642221958776,113826.770602585,0.828425799306117,10343.4187701014,1.02225935211044,27319.9902325054,2.58942931916642,20524.2131308336,3.83372846952215,9370.73866675456,0.293803614176553,11697.6753998869,1
1009984,-222,647,69,-545,777,-70,-58,828,-203,1121,1166,524,363,1111,424,359,1161,-9,272,960,306,-181,944,242,126,1000,-116,284.31,958.56,304.73,-169.14,946.645,240.59,123.655,999.07,-110.225,262.448315934282,952.80598228818,291.571882258931,0,944.722562514206,225.860216120287,0,996.103335208972,-82.6755197838233,305.787998456447,961.256375791599,308.503743899487,224.280337970139,947.596541255824,249.623176007357,146.009126427083,1000.53141379969,116.340083376281,12737.8129648241,5202.55919597989,2325.81618090452,21802.3421105528,1811.50650753769,4450.43407035176,6058.39796482412,2936.92974874371,1392.42650753769,112.861919905804,72.1287681579264,48.2267164640568,147.656161776449,42.5617963382385,66.7115737361349,77.8357113722494,54.1934474705542,37.3152315755603,24.4993310369598,5.26921789948846,9.53937097610359,3.80474521983595,5.84777602043868,4.99764153196849,2.83426948741224,4.12446544026027,2.97460439736027,2.77004616370005,-0.46604888120427,-1.00512715773515,0.331518003318093,0.0083960930260642,-0.471793481882768,0.147470040310091,-0.0892527110239065,0.280545879144204,242,960,297,-190,935,262,145,1009,-126,277.838888888889,959.388888888889,307.172222222222,-170.905555555556,946.477777777778,241.555555555556,122.777777777778,999.605555555556,-110.883333333333,0.753002660753499,0.753002660753499,0.753002660753499,0.753002660753499,0.753002660753499,0.753002660753499,0.753002660753499,0.753002660753499,0.753002660753499,1343,519,455,908,334,494,417,333,194,631.505400699733,602.429418153113,609.869546620692,929.892,826.461,741.03,14090.4894564644,22165.7213034617,6343.4010953569,667616.808,606331.563,621550.074,2.44664817379501,24005.8519616377,8.59178546965138,16341.5138914667,3.79302767556331,6331.73051286663,3.51917649888346,52606.8727232122,2.42375094250734,6251.64466772398,10.4520228477399,13912.9826661474,7.3828009507255,25292.9458968478,2.40940232783379,11366.546692269,3.51974485426974,4153.40978752517,2
1013109,-363,539,49,-790,833,10,-38,809,-417,1717,1343,663,536,1111,414,466,1200,213,262,960,297,-172,944,252,116,1000,-111,277.19,962.07,308.955,-168.745,949.535,247.145,128.605,999.77,-107.945,0,952.058668319555,290.898647710119,0,947.743016522352,212.549317610782,0,994.385663715724,0,345.336922439521,966.594827215623,317.130138901997,215.338071413301,950.437401936603,252.647135348889,159.731352589277,1002.43845696382,133.958668999061,42636.476281407,8770.7287437186,5144.05324120603,17985.5376633166,1723.15454773869,2763.74268844221,9019.95876884422,5369.65537688442,6324.42409547739,206.486019578583,93.652168921593,71.7220554725395,134.11016987282,41.5108967349381,52.5713105071788,94.9734634982015,73.2779324004466,79.5262478398006,22.1335967861621,6.64222484772529,11.8123737624695,8.28422747935092,3.94264385254482,5.73891187943561,4.59616063223881,2.71358125975366,6.5623267636222,2.87777510382023,-0.353879479625986,2.00271786554887,0.415940503587094,0.297235965579686,-0.247563651967495,1.14402874556988,0.0221134413315572,0.273104094725909,232,931,287,-163,944,232,87,923,-77,266.75,963.688888888889,302.972222222222,-171.138888888889,948.927777777778,246.938888888889,121.488888888889,999.438888888889,-108.616666666667,0.757112520544018,0.757112520544018,0.757112520544018,0.757112520544018,0.757112520544018,0.757112520544018,0.757112520544018,0.757112520544018,0.757112520544018,2080,804,614,1326,278,404,504,391,630,638.931831704761,603.078371365795,612.964673897303,939.021,829.581,747.45,43926.4554943888,18576.0870724517,11393.3393133047,692480.805,608119.389,629005.134,2.31977450316949,151335.036958922,2.79094169648912,33549.1105308365,0.914362841637945,17645.2518432608,4.2332772987573,66635.6554262009,2.27279842204424,6657.69145751602,3.34699002092719,11372.1761347298,10.6908349518962,23466.8591029186,11.8722527308274,19052.3269416376,2.18365515789424,13702.9974574643,2
1016234,-373,431,128,-690,805,70,-116,742,-271,1484,1323,594,390,1101,424,378,1257,97,232,960,346,-200,935,282,135,1000,-72,253.945,956.445,338.63,-182.255,936.27,273.455,135.6,1001.32,-79.545,224.569193145537,940.917791609586,321.425841954296,0,933.797233645501,257.97772707427,89.8276051327721,994.388065874198,0,321.081477198545,962.739567588245,345.596701373147,248.130983555057,937.524389016094,279.463655955475,159.036379485953,1004.74215100194,105.177825609774,38799.2482160804,12141.1426884422,4790.75688442211,28494.572839196,2362.27849246231,3338.99293969849,6939.90954773869,6899.54532663317,4758.7617839196,196.975247724379,110.186853519112,69.2152937176612,168.803355532987,48.6032765609718,57.784019760644,83.3061195095456,83.0635017720368,68.983779136255,19.2608181181471,7.3680260809764,5.40864277156644,4.57825601221102,3.85296027353715,3.43382515222029,3.1820516962322,3.294492931681,2.81595180911756,2.8542127649728,-0.828575893727132,0.0250864969618289,0.652301168221827,0.428995310924888,-0.31591522268053,0.0441451664082914,0.0627711137653189,-0.121810075563609,202,990,346,-236,925,282,155,961,-58,240.094444444444,959.822222222222,338.561111111111,-188.966666666667,935.016666666667,274.216666666667,135.311111111111,1001.69444444444,-79.2722222222222,0.740419472989553,0.740419472989553,0.740419472989553,0.740419472989553,0.740419472989553,0.740419472989553,0.740419472989553,0.740419472989553,0.740419472989553,1857,892,466,1080,296,354,494,515,368,637.293635175496,604.480746051967,611.887805977421,938.364,856.026,736.095,40568.1065192459,28588.0485989011,10917.3527498672,689638.722,611172.54,627517.041,2.22336089793247,132978.611007966,8.9226907364827,43448.841710444,1.0448713090731,13834.1744694357,5.09331827715722,109273.578539618,3.61821774650001,8148.26067948676,3.82282529774194,12957.827725808,13.2184477638475,28807.198461606,8.56176718190134,24256.3877205102,2.15699858258032,19003.1113259328,2
1019359,131,852,227,-454,842,131,-19,819,-242,393,1137,386,72,1027,363,446,1219,19,247,965,316,-181,948.5,252,130.5,990,-106,247.85,967.03,312.87,-177.94,944.93,253.08,137.935,997.35,-109.11,240.962948548795,964.074533214978,310.768336774822,0,943.515904675681,246.041789737839,125.559442579911,992.833920707352,0,251.115272335237,968.512679318139,313.875628235134,195.659065724029,945.631809955651,256.204410578741,146.148503242421,999.646612558658,117.049434001195,1637.44472361809,2884.21015075377,633.440301507538,6653.09185929648,1333.48251256281,1599.20964824121,2345.04600502513,4609.37437185929,1804.60090452261,40.4653521375768,53.7048428985112,25.1682399366252,81.5664873541608,36.5168798306046,39.9901193826826,48.4256750600869,67.8923734439981,42.4805944464365,3.95696008337319,2.65349012868562,4.40938871596761,3.54416446544649,2.28705545778438,3.6857559804816,10.758605480594,3.47255948558611,3.0604844754176,0.20731620832747,0.162598179674173,-0.236305632117524,0.000247474827194944,-0.133077096311384,-0.21152769621541,1.31163435062169,0.422341525990302,0.115030614104167,242,941,316,-127,981,242,126,961,-77,247.388888888889,966.483333333333,313.3,-178.238888888889,945.188888888889,253.644444444444,136.316666666667,995.794444444444,-109.633333333333,0.760167502961966,0.760167502961966,0.760167502961966,0.760167502961966,0.760167502961966,0.760167502961966,0.760167502961966,0.760167502961966,0.760167502961966,262,285,159,526,185,232,465,400,261,628.690406950041,598.861269440853,608.996749731404,916.65,826.704,746.865,4079.6565256693,6869.4497287007,5494.39993801859,659756.16,598885.614,620611.983,6.51531301238049,5087.64549389778,17.8962878703564,11767.0491846087,0,1840.13604381337,9.35540928729213,26014.0892845873,15.4947172985251,5181.58051060053,9.80621182511207,6273.88504593241,6.95832293149972,5391.75799838771,23.291426692993,16144.1156520701,7.56493828015263,4854.51427933083,2
1022484,161,813,227,-463,842,161,48,876,-194,454,1117,405,18,1046,434,233,1142,-9,262,970,297,-172,944,252,155,1000,-106,268.565,962.275,300.935,-174.265,946.14,256.18,152.8,998.67,-104.35,262.891956429234,958.75782219263,299.18130580617,0,944.719760647344,250.989711196725,140.943541058433,995.348488225257,-84.0001916536596,271.437276364172,964.018534572858,301.834499353536,192.029255583622,946.849655436385,258.947079535568,157.959235247579,1000.33839274518,109.490593203252,1558.82992462312,3375.43655778894,544.915351758794,6539.64298994975,1350.12100502513,1432.56040201005,1611.33668341708,3351.89055276382,1104.79145728643,39.482020270284,58.0985073628311,23.3434220233194,80.8680591454361,36.7439927746717,37.8491796742023,40.1414584116856,57.8955140987954,33.2384033504384,5.32536715590355,2.69799180699442,5.8494599811038,3.85481055637367,2.7171375917136,5.28599290557422,2.47643471980688,2.55007817300066,3.32863784505547,0.633564940048979,-0.0249731598032782,0.670619791872694,-0.257341308490382,0.0595198257829466,0.912103715574622,0.0558238163200046,0.180960362490091,0.476548738768062,262,980,297,-181,907,232,145,1019,-116,267.544444444444,962.011111111111,300.266666666667,-173.6,946.027777777778,254.6,152.711111111111,997.9,-105.3,0.758133450749372,0.758133450749372,0.758133450749372,0.758133450749372,0.758133450749372,0.758133450749372,0.758133450749372,0.758133450749372,0.758133450749372,293,304,178,481,204,273,185,266,185,627.027445798241,599.444390944651,610.145552912732,919.065,826.329,753.492,4568.08266077964,7249.80426682021,3655.86600556763,656468.397,600271.857,622569.726,4.41902504100593,5000.63370255245,11.8317380600611,14450.4495283034,0,1572.13489651112,6.36975042145427,23686.9035140603,15.2079309119958,5247.51842623331,6.49653305642365,5270.48287539198,17.8090606690053,6625.15926696625,47.2061937074152,14025.8828056617,0,3496.26307594339,2
1025609,-444,647,69,-672,805,-80,-38,800,-242,1464,1333,712,218,1157,434,349,1257,165,252,970,306,-190,935,252,145,990,-116,271.7,959.93,309.885,-174.855,940.18,250.955,146.47,994.685,-107.27,0,944.339045023056,283.644015479549,0,936.599520592593,0,0,988.553722141971,0,348.911177808909,967.55449975699,320.649239824454,251.814088168236,941.999055201225,262.44668982481,157.945971775161,997.822401532457,123.012153871071,48158.9145728643,14769.9548743718,6821.32841708543,33001.069321608,3440.99256281407,5929.50047738693,3511.02422110553,6282.70932160804,3643.35386934673,219.451394556663,121.531703165766,82.5913337892386,181.661964432866,58.6599741119451,77.0032497845833,59.2538962525295,79.2635434585664,60.3602010379914,13.9998969933866,3.2672354249199,9.45618228358224,2.71962376016251,3.60851770273614,4.29990819219767,4.07518325128341,2.98511589789085,7.00177290992433,1.94784326357996,0.141053213200361,1.21266056506923,0.000383970290982358,0.4183027149863,-0.691540280114968,-0.0705343770539457,0.450798714342036,1.25579020350218,232,970,287,-200,925,323,155,933,-126,260.816666666667,958.805555555556,306.905555555556,-174.127777777778,938.522222222222,253.755555555556,146.972222222222,991.972222222222,-110.577777777778,0.743601226993446,0.743601226993446,0.743601226993446,0.743601226993446,0.743601226993446,0.743601226993446,0.743601226993446,0.743601226993446,0.743601226993446,1908,686,643,890,352,514,387,457,407,639.696729920079,604.160485333616,608.795016385532,938.085,840.45,752.991,49079.6542598056,34249.6057624045,6622.29110863667,696429.993,611790.492,621437.079,1.00255925805839,195478.034849825,4.10618744655607,61340.8929283924,2.4477732142524,25893.2697910544,4.34349888782415,133977.744415111,5.59417456028944,12952.8416763644,2.90925819870898,25496.0760938706,2.14215380838906,11207.7854677767,13.8730809054715,25061.1166902727,1.69309554412497,9438.5269486823,2
1028734,-515,578,-316,-881,833,-50,-48,819,-310,1969,1441,752,872,1138,555,310,1247,19,212,980,326,-218,944,252,106,1000,-106,252.54,977.89,323.21,-185.13,945.795,251.02,105.955,1002.565,-99.935,285.176780276802,964.079804280321,315.727582068863,0,943.026910719204,224.039766744738,79.4616314111527,998.121453460855,0,411.883223741876,984.207031066127,338.510177099596,265.304127370835,947.200319362277,264.206547988501,121.033445790823,1004.79912171538,114.788348711879,106403.355175879,12456.9124623116,10175.3124623116,36294.6362814071,2673.63113065327,6828.20060301507,3439.83213567839,4507.23193467337,3205.38771356784,326.195271541265,111.61053920805,100.872753815446,190.511512201775,51.7071671110811,82.6329268694694,58.6500821455383,67.1359213437439,56.6161435773211,11.8732195032446,5.52636210807004,13.9888361003652,8.41085987177927,3.31883093881777,4.59295385630552,3.45954791493936,3.88109744676931,3.00643767614126,2.38212991261402,-0.197005143945361,-0.782259176211822,1.10528852838187,0.407240470834576,0.0172754512977862,0.193033614301405,0.283940915217086,-0.228494855169807,222,990,356,-236,953,282,116,990,-48,220.85,980.333333333333,322.855555555556,-193.683333333333,944.5,250.555555555556,105.461111111111,1001.67777777778,-99.2888888888889,0.756088981253439,0.756088981253439,0.756088981253439,0.756088981253439,0.756088981253439,0.756088981253439,0.756088981253439,0.756088981253439,0.756088981253439,2484,863,1068,1753,305,605,358,428,329,660.427077274388,609.78938025852,609.813454056556,959.604,854.325,726.309,108096.329830307,36402.1930645099,4522.87844385347,751740.246,622427.895,622468.041,0.926958828502809,447916.671018246,0.965955534584569,35715.1211961998,2.63974943227066,32736.3097871866,1.89206691720874,111591.618982337,1.89543367100059,10195.764107898,1.30297451608,27964.1747942503,0.74511489246705,13019.1478950026,5.8366726597928,19140.6452088297,0.384055531000437,12438.9355487818,2
1031859,-323,686,-198,-663,833,80,-223,809,-242,1313,1235,673,245,1083,373,378,1190,38,191,980,326,-213.5,944,242,67,1009,-135,218.515,983.79,314.79,-209.885,945.145,229.015,59.67,1001.095,-132.11,249.621835076832,972.537517007817,283.412637698697,0,942.783996025987,203.283068733136,0,996.824035120773,0,336.531120403448,989.016268824735,329.587181182764,264.796950511142,946.339978548936,239.157970805909,105.769986291008,1003.20567432606,144.35435566688,65833.5575628141,10362.2270351759,9582.88030150754,26196.6952512563,2271.64218592965,4772.5274120603,7665.10663316583,4251.68439698492,3402.13859296483,256.580508930071,101.795024609142,97.8921871321074,161.853931837494,47.6617476172417,69.0834814703218,87.5505947048096,65.2049415074113,58.3278543490572,8.96662787508217,3.84712749381904,8.80251615574888,3.55187311154324,3.19815241578099,2.18808019466469,3.79880530658084,2.99123692440898,2.55775191642522,1.94333492548379,-0.3737281418456,-0.887074732505669,0.0643095054611393,0.359837666427917,-0.24116214807786,-0.0468186402002776,-0.0319906335579689,0.421092235973889,202,960,346,-172,916,303,87,1009,-135,195.833333333333,986.294444444444,317.633333333333,-210.666666666667,944.122222222222,229.822222222222,59.9833333333333,1001.05555555556,-133.972222222222,0.811278124459133,0.811278124459133,0.811278124459133,0.811278124459133,0.811278124459133,0.811278124459133,0.811278124459133,0.811278124459133,0.811278124459133,1636,549,871,908,250,293,601,381,280,651.217008410827,605.671335355421,610.244924468841,930.171,841.395,731.637,66776.2412495106,26221.2317219718,8242.05527083094,720020.451,613723.989,623068.257,0.724826034497215,274443.804975277,0.532756936740949,40944.0274069862,4.63990031160006,35207.984637274,1.17238574298407,100529.820755471,1.66748590962841,7585.80701415409,0.847258169801788,20623.9998779484,3.79614056692129,31304.651389054,7.15710080762216,16651.5911830319,0.256805576880621,11825.3576349962,1
1034984,-373,568,-198,-790,824,60,-184,761,-262,1575,1215,663,436,1129,414,281,1200,-19,202,980,326,-209,935,232,58,1019,-126,236.015,983.03,318.805,-211.375,944.675,233.215,66.115,1007.12,-125.51,290.723709695442,971.473295456151,402.772507746619,0,941.788454852285,207.214897385543,0,1001.22447337802,-91.6129251433877,371.204653796258,988.209249096567,334.147355219221,267.951086954317,946.151628968634,243.450908809148,106.956930584231,1009.94347366573,137.038534726551,82502.3264070352,10260.8433165829,10068.1678140704,27254.6677135678,2806.07977386935,4903.62690954774,7104.11233668341,5723.74432160804,3042.00994974875,287.232182053187,101.295820824864,100.340260185383,165.089877683545,52.9724435331177,70.0259017046388,84.2858964280704,75.6554315406901,55.1544191316412,10.3944716182165,4.86265570273213,9.43130950337437,4.80825908649698,3.46199801037527,2.5852420918427,3.13338954608539,3.665233487301,2.13337871225393,2.24744331303706,-0.543422611385727,-1.1760620932142,0.396754462678759,0.544896304141111,-0.0451250726282537,-0.119173836311852,-0.346559014532868,-0.0499640760053915,151,1000,316,-209,935,212,58,1019,-135,208.483333333333,985.994444444444,322.411111111111,-214.916666666667,942.894444444444,233.477777777778,67.0388888888889,1008.80555555556,-125.572222222222,0.812157472364043,0.812157472364043,0.812157472364043,0.812157472364043,0.812157472364043,0.812157472364043,0.812157472364043,0.812157472364043,0.812157472364043,1948,647,861,1226,305,354,465,439,243,655.929646043229,606.711096380251,613.28726872142,943.86,846.225,731.127,84722.4159277767,27281.7797764455,7807.69918464613,735602.922,615761.421,630123.099,0.838330139464315,352579.614201131,0.786136852582468,42084.4627624762,4.57023768032494,34810.1693387981,1.2961109716819,102137.646043327,1.53235176878963,10803.9307451783,1.56299294704463,18478.6589459331,5.07415341326736,31995.4475981525,4.18176100704848,24319.3644790066,0.142746600831656,12380.7934722264,1
1038109,-434,617,-247,-800,796,-121,-58,866,-252,1535,1549,544,427,1231,404,252,1304,-19,202,980,306,-209,944,222,87,1000,-145,213.58,978.685,306.38,-217.3,949.145,214.975,92.08,998.83,-148.515,186.819379194666,964.092153997522,308.367894377321,0,944.637511549247,235.772102411315,0,994.621681296309,-131.492768896312,271.51386704918,986.153043396409,315.867772968374,283.426127941656,951.493707283448,231.896280694624,106.957327939698,1001.02960495682,153.630644729494,28244.5865326633,14747.2319346734,5933.41266331658,33277.4673366835,4486.47635678391,7599.63253768842,2976.02371859297,4421.00613065327,1553.436959799,168.061258274069,121.4381815356,77.0286483285056,182.421126344191,66.9811641940024,87.1758713044408,54.5529441789622,66.4906469411546,39.4136646329543,39.4455260251523,8.24946655010569,18.3107801985814,4.27429091857373,5.16761636071059,4.56871723682464,3.52313789411396,5.68287711463014,3.54266347379798,4.40426223352126,0.949846290907303,-2.45254496125776,-0.190018649838795,0.842842667985699,-0.882047511675594,-0.0160199150900128,0.925994979690907,0.416769416219641,202,980,306,-245,935,212,97,971,-135,206.805555555556,975.055555555556,310.761111111111,-214.777777777778,946.488888888889,219.75,92.3833333333333,995.85,-149.65,0.775094595804078,0.775094595804078,0.775094595804078,0.775094595804078,0.775094595804078,0.775094595804078,0.775094595804078,0.775094595804078,0.775094595804078,1969,932,791,1227,435,525,310,438,233,636.20797182787,609.278099628989,609.719387475498,906.945,841.98,745.491,29977.4361685315,34587.1218684489,4764.20274776058,687594.033,623667.918,622261.509,3.25961353519998,84132.3442001555,4.56655848307375,51505.8952148339,4.90221269912676,16487.2069984414,5.6473538691717,119009.514823856,3.46856755160423,13660.6597992695,8.41845169851075,30207.2921894978,2.61384763766809,11886.541927891,2.5649905766944,16195.4315606547,1.17132905069357,4200.87989038245,1
1041234,-202,774,-376,-790,750,-181,-19,885,-252,343,1362,504,100,1305,373,242,1114,-77,161,980,326,-254,935,202,97,1000,-145,157.745,981.205,318.625,-261.645,937.2,199.035,96.605,995.55,-148.89,156.496871491465,978.28662654251,319.111726172664,-200.902523679383,932.562985017015,0,0,993.642334086035,-140.718698439125,169.956567981352,982.744018043356,325.279964030987,282.541280169819,939.61568739565,212.082519317364,105.569337404381,996.503883585006,152.863501202871,4021.85927135678,3037.74168341709,4306.69786432161,11428.6120351759,4556.58291457286,5391.01886934673,1821.46630653266,1909.73618090452,1205.04311557789,63.4181304624851,55.1157117654947,65.625436107668,106.904686684803,67.5024659888279,73.4235579997778,42.6786399330234,43.7005283824409,34.7137309371651,9.28459403365801,15.5684278825656,64.6704346556299,6.1656353758727,6.53825098507092,6.56450975437118,3.46821016761026,2.83739989076363,3.07785626306241,-1.33274613638208,1.59273431571488,-5.76538596181589,-0.596370560302351,0.893986957248899,-1.04264776368719,-0.175992966957344,0.0920483030189066,-0.363698999855045,161,980,346,-227,935,202,97,1000,-165,160.227777777778,979.522222222222,321.133333333333,-259.911111111111,935.622222222222,202.711111111111,97.3388888888889,995.1,-147.844444444444,0.778011303546538,0.778011303546538,0.778011303546538,0.778011303546538,0.778011303546538,0.778011303546538,0.778011303546538,0.778011303546538,0.778011303546538,545,588,880,890,555,554,261,229,175,628.792819472443,600.715891210803,607.624147653912,879.159,840.714,744.909,6784.50931502611,12072.6102180945,2037.88305202111,660286.857,604611.726,616519.275,2.86140841909286,13759.8364356054,4.31231295012485,8113.98384382698,3.77861074894711,12215.4531467224,9.56294704106779,35219.2865753537,8.08736241345928,5640.20648159774,5.499194466158,21343.9356767862,1.70552465775791,6639.92769161786,8.31729661145763,6478.64918388279,0,3037.41186222886,2
1044359,40,901,168,-472,805,80,-9,885,-271,191,1088,455,-81,1101,313,223,1123,-58,116,990,306,-272,935,181,106,990,-174,118.1,992.42,308.48,-276.32,933.53,187.785,102.555,994.195,-170.885,106.663221034824,991.431094440481,304.278130751728,-251.728144038958,929.253941414574,174.794964684327,0,991.742175206439,-160.826139257347,122.917248586193,992.910569991074,310.46445851337,287.413621806622,935.693683851719,193.646624034606,111.78817021492,995.428056164784,175.176981935413,1166.8743718593,978.837788944723,1234.44180904523,6285.27396984926,4064.7327638191,2247.04399497487,1989.01203517588,2465.64520100502,1492.75555276382,34.1595429105733,31.2863834430367,35.1346240771867,79.2797197891696,63.7552567543971,47.4029956329226,44.5983411706745,49.655263578044,38.6361948535802,2.45500055887555,3.12319094650517,5.6408539822896,2.63786675846724,2.4064810449209,2.62791241976187,3.03985030434079,2.35285263436283,2.8769437884079,0.018493745929428,-0.175850327094563,0.091626649863682,-0.255886453581832,0.28200188295835,0.118480426673469,-0.303830227092458,0.186778550493442,0.0740299057220253,111,990,326,-227,861,181,106,942,-174,118.166666666667,992.877777777778,308.377777777778,-275.05,932.016666666667,187.327777777778,103.35,993.866666666667,-170.983333333333,0.77018281481828,0.77018281481828,0.77018281481828,0.77018281481828,0.77018281481828,0.77018281481828,0.77018281481828,0.77018281481828,0.77018281481828,151,187,287,391,296,233,232,238,213,628.271490547331,597.440205108749,609.382938768514,851.4,838.581,760.743,1380.27377602894,6574.94941540856,2672.91281656498,658420.938,597376.965,620436.351,0,3373.17385502618,0,1141.1674581968,0,2838.75639056381,9.85408724229581,21110.486439767,10.9629303614944,4612.86094755859,12.961895407859,8138.59988709258,10.0077323519951,7440.92875939943,26.0959043797715,6417.8184699707,0,1373.39058630334,2
1047484,70,911,247,-454,796,101,-67,885,-300,212,1068,396,-90,1120,353,262,1114,-87,141,980,326,-263,935,202,135,985,-155,136.425,985.535,321.68,-262.325,934.86,206.225,126.97,990.99,-160.335,127.871955055388,984.551067596559,320.356646934886,-225.105492697951,931.093467951184,196.024760681203,0,987.80910338578,-152.00314120721,140.260846282917,986.029119752556,322.331956219051,278.518895229749,936.775933721613,211.204817653386,140.142142127199,992.5947612193,164.912628382426,1066.65766331659,979.0841959799,421.977487437186,8802.38128140703,3603.95015075377,2089.17022613065,3536.11969849246,3199.17577889447,1496.34449748744,32.6597254017327,31.2903211229911,20.5420906296605,93.8210066104976,60.0329088979851,45.7074416931275,59.4652814547486,56.5612568715943,38.6826123405263,2.17659996677348,2.63140948126581,3.97542269519831,1.921125610098,2.91377637634792,2.74071488201895,3.34025322438397,2.08715443162616,4.10272424520809,-0.0844923484700996,0.196542284718208,-0.020621495901277,-0.0839413894664423,0.397524035861555,0.302474503157418,-0.7327168759835,0.23130822830575,-0.952030130889645,141,980,326,-263,879,171,155,933,-155,136.455555555556,985.172222222222,321.755555555556,-261.9,933.333333333333,205.166666666667,129.977777777778,990.355555555556,-158.072222222222,0.773137495388465,0.773137495388465,0.773137495388465,0.773137495388465,0.773137495388465,0.773137495388465,0.773137495388465,0.773137495388465,0.773137495388465,142,157,149,364,324,252,329,229,213,627.853609969934,598.934819970851,608.606586734043,866.184,842.046,768.171,1170.33404759701,9649.58150557107,3543.82505173743,657494.652,599837.64,619248.213,0,3659.11626094587,0,2719.42386930948,0,713.923169561725,17.5349668643642,36077.9327066336,13.246806016863,5275.38361910681,16.9676514042785,8127.42140863944,12.6389641079595,12920.8052316168,26.2000613118681,10050.0203108388,0,1367.05957055825,2
1050609,50,921,277,-454,814,121,-97,866,-291,202,1058,396,-18,1092,343,291,1142,0,141,980,336,-240.5,925,212,145,980,-145,137.33,981.725,332.25,-255.21,933.235,217.09,136.575,994.095,-155.435,128.431480266487,980.905937692312,331.12742890081,-201.219277845849,930.180899225645,207.80746244661,0,991.320371568892,0,140.926079914259,982.137722012549,332.811883802246,274.761714945878,934.796178319103,221.80142019383,152.009950332207,995.510780956188,161.811634315954,1005.65939698493,814.602386934675,375.565326633166,10413.9255276382,2930.98469849246,2078.19286432161,4476.67776381909,2831.00097989949,2033.1314321608,31.7121332771059,28.5412401085635,19.3795079048248,102.048642948538,54.1385694167519,45.5872006633617,66.9079798216856,53.2071515860368,45.0902587280313,2.68842647687338,2.717226242389,3.07770602359974,1.99389427773666,3.04310007823633,2.67453420528571,3.56402741120722,3.043109729512,3.8411294074421,-0.328116879114894,0.32223388320023,0.15141974397694,-0.111555527193609,0.502521566251542,0.418879172144666,-0.792564480066606,0.493063251581644,-0.354474656862792,151,1000,336,-163,907,202,174,971,-145,138.238888888889,981.038888888889,332.111111111111,-254.677777777778,931.422222222222,215.322222222222,140.044444444444,992.327777777778,-154.316666666667,0.773137495388465,0.773137495388465,0.773137495388465,0.773137495388465,0.773137495388465,0.773137495388465,0.773137495388465,0.773137495388465,0.773137495388465,152,137,119,436,278,222,388,276,291,627.727369652018,598.75662177059,611.115373678365,870.783,843.321,773.565,1067.88059985061,11308.422156711,4818.54867284968,657131.049,599120.259,624199.047,0,3615.25916633089,0,1814.00876555122,0,798.500480530123,8.46620074788669,44844.0031719645,13.8077992088539,6512.50042527753,14.9068531388289,8108.16087952547,8.03158261701752,17540.0848000179,17.9087808618507,9695.44087719483,0,2594.81159885028,2
1053734,30,892,257,-500,777,80,-38,885,-271,222,1068,376,0,1129,363,252,1123,-58,101,990,326,-285.5,916,212,126,990,-155,107.37,988.5,325.86,-272.65,931.765,209.01,123.44,993.27,-155.39,90.7557899081024,987.426273315871,324.654608157936,0,925.719311178558,193.226216334961,0,991.148159413271,-145.144365103197,114.908180735751,989.02999448955,326.45126741981,295.253907679475,934.843775718703,216.449231922869,139.699534716476,994.355796483331,160.083290820747,1683.99306532663,1053.34673366834,387.628542713568,12901.3542713568,5775.74851758794,3180.99487437186,4300.02653266332,2169.00211055276,1488.04814070352,41.0364845634544,32.4553036292736,19.688284402496,113.584128606759,75.9983454924378,56.4003091691159,65.5745875523691,46.5725467475504,38.5752270337262,2.33668138563032,3.20546541262222,3.14847400403608,2.17004479105153,2.67038656367373,2.48226333261401,2.35671983601287,3.33662559991356,3.47988739011834,0.344595414321583,-0.312869276869215,-0.165058417628132,0.134285354932628,0.370030513649522,0.250953667020559,-0.398871696467595,0.603764986610707,-0.31644766552615,90,1000,326,-290,898,232,194,971,-155,106.4,989.227777777778,326.066666666667,-273.566666666667,929.75,207.961111111111,125.45,991.361111111111,-154.416666666667,0.772155143580481,0.772155143580481,0.772155143580481,0.772155143580481,0.772155143580481,0.772155143580481,0.772155143580481,0.772155143580481,0.772155143580481,192,176,119,500,352,283,290,238,213,628.44464365455,600.756571415177,609.426101750933,853.038,848.055,764.334,1708.30921748191,14420.3551780254,4622.93039724996,658772.79,604774.815,620331.642,7.62344144400494,5601.83759289801,0,1633.19933088077,0,739.72451693236,35.8424051911515,55174.0373110878,12.726448666141,7964.98273240418,23.4314917079684,11744.5494003047,36.0614062710809,17647.0448800041,16.351161713511,6798.17380556606,0,2477.32812149508,2
1056859,-272,607,-49,-654,787,-10,-87,895,-242,868,1254,673,190,1092,333,213,1085,-29,90,990,326,-272,925,212,116,990,-165,103.18,990.815,318.895,-281.73,929.85,199.845,108.95,992.92,-157.785,120.872634671582,982.321003375344,393.364611673286,0,927.425254726592,160.134444020491,0,991.662676172825,-139.037148779353,171.860699405071,994.404447395525,327.006643663397,308.980161175439,931.053193969066,213.031206634145,121.072705429424,993.544543540953,163.853242262703,18984.912160804,7161.64902010051,5265.65223618091,16177.836281407,2250.27889447236,5471.62912060301,2802.51005025126,1246.86793969849,1961.58670854271,137.785747306476,84.6265266928787,72.5648140367004,127.192123503804,47.4371046172968,73.9704611355304,52.9387386537615,35.3110172566367,44.2898036634022,17.5305056607304,8.700047969928,12.3724437706151,4.32072942648679,3.47990291536053,2.55092098234631,3.6834471757847,2.93595286997049,2.64334721323678,3.0247398801691,-1.22290983511708,-0.132613575423812,0.220350873827699,-0.00830890239031316,-0.472514539037649,-0.671083502488584,-0.106673238921877,0.448618011619579,60,990,336,-218,898,242,126,980,-194,90.2888888888889,995.022222222222,319.283333333333,-283.95,930.077777777778,202.438888888889,111.305555555556,993.183333333333,-159.344444444444,0.792257668127802,0.792257668127802,0.792257668127802,0.792257668127802,0.792257668127802,0.792257668127802,0.792257668127802,0.792257668127802,0.792257668127802,1140,647,722,844,305,343,300,190,213,633.078120505129,601.520498317635,608.154105634548,857.238,849.303,757.227,21828.1274683077,16262.4769070425,3034.15381368072,675185.79,604626.651,617182.347,2.22164912001722,76909.3776996587,0.686387993734468,32090.2101632423,2.44782745624912,20208.3174299526,1.08208115080893,66285.8646259089,1.69419801378188,5299.13511145157,1.40300217499898,23288.5702297677,1.86453389320888,11605.912032033,0,3438.93865006672,0.240726627475609,5874.21280926273,2
1059984,-434,588,59,-936,842,-10,-97,866,-310,1777,1392,683,718,1129,444,310,1228,67,171,990,346,-236,935,262,116,1000,-126,194.49,988.83,336.205,-225.11,938.335,246.96,107.825,998.775,-130.515,151.848633793814,979.276637482184,316.996390592197,-191.181829728195,936.246207410481,194.856650236822,0,996.109880435162,-119.187538263938,322.431977322349,993.185158970874,343.112102671998,287.342200172547,939.405921314104,261.850052510974,125.21463572602,1000.11774556799,141.042422696152,66468.3617085427,8675.36793969849,4715.69143216081,32051.284321608,2021.01786432161,7614.27979899498,4072.83856783919,2697.49183417085,2873.16560301507,257.814587850538,93.1416552338345,68.6708921753665,179.028724850534,44.9557322743341,87.2598407000321,63.8187947852292,51.9373837825015,53.6019179042604,18.3137806593333,6.61364801510719,7.51401151088074,8.30649024737935,4.22624592464073,3.17070377936765,3.65605195137658,4.62402939829706,3.44770005129186,3.16727404341799,-0.378693502420856,0.322172001539848,0.706651158609003,0.668545790220774,-0.476748841454047,-0.0265844227467657,0.33037140303833,-0.00861852744860693,181,970,346,-218,962,303,126,1009,-106,168.461111111111,991.016666666667,335.438888888889,-228.905555555556,936.733333333333,249.483333333333,107.344444444444,998.277777777778,-130.444444444444,0.776069353118086,0.776069353118086,0.776069353118086,0.776069353118086,0.776069353118086,0.776069353118086,0.776069353118086,0.776069353118086,0.776069353118086,2211,804,624,1654,287,454,407,362,377,652.45216115771,608.837173168638,609.887350379825,927.183,860.835,744.447,67956.8958181251,32118.8544766722,4556.80425252066,724863.033,620168.685,621484.305,0.891468401178332,255071.840836367,1.38088120541956,32189.5620654289,1.72132382891812,15325.5522198619,2.83257334049355,123787.273372079,1.28793050307723,5066.98095973063,2.26350233384997,33361.7303832157,3.45612525867351,17934.7671620615,3.05865964724834,9609.1525830082,0.256320769288114,9908.69978468061,1
1063109,-575,666,-69,-700,759,0,-77,828,-242,2282,1274,594,290,1092,414,368,1209,0,181,980,326,-209,944,262,92,1000,-145,211.93,979,320.755,-198.67,944.135,243.305,93.255,999.125,-140.205,0,969.340586627815,326.840239549806,-138.686335485404,941.610104371527,0,0,995.408795631667,0,364.778206585865,983.425833502456,333.34689889063,250.902949364889,945.387235475496,254.070078915247,113.773964508582,1000.97491726816,150.483936019763,88591.7739698492,8729.01507537688,8277.7738442211,23600.523718593,2378.01685929649,5381.18791457287,4269.36680904522,3718.61243718593,3002.98791457286,297.643703057614,93.4291981950872,90.9822721425504,153.624619506748,48.7649142242298,73.3565805812462,65.340391864797,60.9804266727114,54.7995247659399,16.3612749232707,4.53784851309502,7.34192941087107,3.71495687772776,4.15286442513181,3.18663368201908,4.23003707977619,3.53883792569998,2.40528564194594,2.54182562021346,-0.530285382836393,-0.933795153386792,0.239723681505628,0.0231569379433684,-0.596696400293303,0.419075250492199,0.0951682523588191,0.354599373039088,191,970,356,-290,925,272,116,1009,-174,187.444444444444,982.116666666667,323.7,-201.094444444444,943.838888888889,245.588888888889,91.9555555555555,999.077777777778,-141.6,0.786626109970601,0.786626109970601,0.786626109970601,0.786626109970601,0.786626109970601,0.786626109970601,0.786626109970601,0.786626109970601,0.786626109970601,2857,608,663,990,333,414,445,381,242,651.788535184268,605.576508486412,610.066696107176,935.181,842.364,741.783,90811.1682048326,23673.1919662359,4447.43708655726,726785.799,612756.552,622524.429,0.715711732483049,300266.105953474,0.702675486566116,27532.2424015211,2.20089257426897,32112.2097152196,1.89744437562522,89372.9630131198,1.94042362267077,7997.58502248802,2.063868260553,20622.7565427989,4.34242997168777,18291.1627046091,7.94385566410222,13682.3103409371,0.48669238442116,10590.1243989134,1
1066234,-393,480,-79,-945,805,-50,-145,847,-252,2363,1470,772,690,1083,414,339,1171,29,181,970,326,-209,935,247,87,1000,-140,233.71,970.69,327.71,-194.295,941.865,241.69,87.675,1002.57,-130.92,0,949.517365435325,435.333176843366,0,939.184534175786,211.323532179812,0,999.094167807281,-100.787776566671,405.214856588452,979.966626982776,345.036418367685,293.176133066797,943.207503680924,254.305760847056,116.132402885672,1004.30142387632,141.447269326771,110129.362713568,18186.4461306533,11714.860201005,48443.9175628141,2543.43394472361,6288.80793969849,5828.97424623115,3492.20613065327,2881.69206030151,331.857443360199,134.857132294341,108.235207769954,220.099790010836,50.4324691515656,79.3020046385871,76.3477193256691,59.0948909014414,53.6813939861989,17.4020110565099,5.44833455729062,9.05689104706395,4.74511472922871,2.83439879370221,3.23097280244593,3.92544490167589,3.49168469959917,2.41793661070863,3.14018616063672,-0.215951841424307,0.610614618565477,0.25968395539114,0.142572074703858,-0.423263442632706,0.308502870543823,0.0966624873913559,0.278698609876714,171,970,326,-318,925,272,67,980,-174,197.783333333333,972.444444444444,324.483333333333,-194.661111111111,941.633333333333,243.85,86.0444444444445,1002.12222222222,-131.7,0.77897850522573,0.77897850522573,0.77897850522573,0.77897850522573,0.77897850522573,0.77897850522573,0.77897850522573,0.77897850522573,0.77897850522573,2756,990,851,1635,278,464,484,324,281,652.009349893017,610.392119602695,611.582595066101,939.906,857.196,737.487,119065.4533673,48840.2170099266,6823.87102820351,746150.28,624158.436,625269.249,2.04967029656931,362088.313137606,1.00698623899105,59808.1557048179,2.98410312153419,39485.9854039156,1.47165440108204,162477.077274925,1.14927807359473,8634.3584963937,1.73731274892944,23417.1611474354,2.34006820940316,25784.0450090564,5.29606790247757,14710.987078905,0.354205272083198,10828.739965239,1
1069359,-484,500,-99,-2300,666,20,-233,733,-252,1464,1901,722,427,1277,535,368,1390,-9,171,970,346,-227,935,262,58,1009,-126,210.68,981.125,338.79,-229.215,940.76,255.005,57.365,1006.32,-128.13,0,948.835393257762,317.035388396053,0,935.078248691389,199.226254566028,0,998.68435603684,-89.2025697390365,340.671219799971,996.534532768433,351.403656782339,356.548418871827,943.709748810512,270.598752768744,115.282283981538,1010.15329034756,137.789477101845,72030.9724623115,30627.949120603,8749.61396984925,74962.069120603,5586.64562814071,8237.32158291456,10049.509321608,7768.57045226131,2581.55085427136,268.385864870547,175.008425856023,93.5393712286396,273.792018000166,74.7438668262534,90.7596913994013,100.24724096756,88.1394942818559,50.8089643101624,10.3919537326271,8.45507133779513,8.96326285138648,18.8591426797751,6.101630648944,3.36257471575195,3.30971163564177,5.09851694288597,2.4063676351757,2.13478572957262,0.860847753900964,0.463699320519627,-2.43306338482075,0.854105536065579,-0.0772808490585109,0.0728385702684211,0.398041925277934,0.192193864948624,161,970,366,-345,898,232,19,1028,-126,184.811111111111,977.55,335.5,-213.972222222222,937.883333333333,255.288888888889,56.7777777777778,1004.95,-129.1,0.809512300697415,0.809512300697415,0.809512300697415,0.809512300697415,0.809512300697415,0.809512300697415,0.809512300697415,0.809512300697415,0.809512300697415,1948,1401,821,2727,611,515,601,657,243,654.062467067924,619.438969232515,613.281550468103,937.305,876.246,735.723,74824.489655183,75814.9772963625,12053.7452604167,739573.491,654563.13,631611.369,1.23296621235109,284812.162169281,0.627234368823838,105834.410209657,1.73153638801485,28352.2133127591,1.60439821312766,273201.555704801,0.993982623784807,18707.9617632953,2.23479530314388,33166.8433339352,6.46413741528146,44173.2721541812,6.74434050819568,30957.5015739969,0.684948943024521,10666.3235793876,1
1072484,-767,215,-148,-1618,703,-101,-281,685,-262,1696,2343,940,518,1305,535,398,1352,9,151,980,346,-245,925,252,4.5,1000,-126,212.73,978.825,334.98,-232.075,935.02,238.475,6.225,1002.2,-128.355,0,911.549625066646,0,0,928.224048349319,0,0,991.47219282159,0,423.297554918523,1003.61881459048,354.330241441512,374.974619141083,938.645044732033,265.073527535286,105.087463572017,1007.48641181904,140.062860887531,134599.765929648,49399.3410804021,13405.3463316583,87183.0747487436,6826.25085427135,13460.9541457287,11059.9239949749,10677.4170854271,3158.39092964824,366.878407554394,222.259625394272,115.781459360548,295.267801747403,82.6211283768949,116.021352111276,105.166173244893,103.331588033027,56.1995634293385,6.78060525142333,10.824943678575,8.60531011496767,5.47963955447486,5.86459728570047,2.62629684683797,4.42206271332234,4.1582053023122,2.51903484739231,1.60064068119636,0.727293988467713,0.13844313631178,-0.707399998726538,1.08363837451583,-0.069874903340539,0.472528852122924,0.210106189653261,-0.14784448457263,151,970,356,-318,925,101,-19,971,-106,183.961111111111,978.055555555556,334.838888888889,-221.905555555556,930.788888888889,238.583333333333,3.67777777777778,1000.64444444444,-128.138888888889,0.854692722380018,0.854692722380018,0.854692722380018,0.854692722380018,0.854692722380018,0.854692722380018,0.854692722380018,0.854692722380018,0.854692722380018,2463,2128,1088,2136,602,636,679,667,271,668.536485277715,620.634149300716,610.585930554278,956.979,880.23,726.204,135474.341759056,88794.9654288367,11723.2208239989,787188.879,655154.676,627413.91,1.10334511163604,510606.836239388,0.803857873906068,170597.734953506,1.03988439277183,39059.9743120829,1.33781167851551,331720.819045962,1.24331097061338,21681.1319765746,1.18178338559288,54632.6807157887,3.33991292139058,50751.0598213756,9.25595675674749,45398.7157820959,0.517341024825869,13109.5572948808,1
1075609,-888,29,-89,-1645,546,-80,-223,647,-281,1646,1950,871,500,1324,676,242,1352,0,131,1000,356,-272,925,222,-19,1000,-145,188.305,1015.755,348.81,-273.91,930.19,228.01,-10.145,1001.855,-141.215,0,745.573796862192,330.343709555895,-436.757463134525,911.456357961125,0,0,989.25214092568,0,446.364027448449,1051.18469595024,366.868764001516,420.79926330734,939.12389491483,260.606216349495,95.5892514878111,1008.02039413893,152.27683671524,164605.097462311,73599.0401758793,12989.22,102558.122512563,16784.1747738693,16007.0752763819,9079.78288944723,12453.9436934673,3262.87314070352,405.715537615102,271.291430339919,113.970259278463,320.246971121606,129.553752449975,126.519070801132,95.287894768681,111.597238735855,57.1215645855707,4.84208064041277,6.00393269060297,7.26117511172563,4.72277613845043,4.14305893221729,3.89554771026271,2.55730032522432,4.17881316671012,2.57842585389827,0.65899392269233,-0.616380004344812,0.174848847483361,-0.489503603558008,0.14969453394707,0.504447939802785,0.113954237055037,0.198944923236918,0.139470989318464,70,980,366,-236,925,191,-19,952,-155,176.116666666667,1027.03888888889,348.455555555556,-267.122222222222,929.288888888889,224.25,-10.8833333333333,1000.41666666667,-141.427777777778,0.883318688359067,0.883318688359067,0.883318688359067,0.883318688359067,0.883318688359067,0.883318688359067,0.883318688359067,0.883318688359067,0.883318688359067,2534,1921,960,2145,778,756,465,705,281,698.218038164499,626.906846719532,610.679108828538,1009.08,898.998,732.627,178771.773079765,105477.705039445,13273.8404001987,863293.68,676164.786,629058.393,0.427462042174627,673518.539430633,0.438552222379356,310782.650768614,1.32794765954931,42815.3469664716,0.537858549672149,402979.051431078,0.337001196457283,64465.5397275091,0.704844259009503,70164.8860016848,0.594886116261798,41498.1373888601,1.89529333275114,54680.4749449204,0.399341537309061,12940.3228373592,1
1078734,-515,558,-217,-1054,768,10,-174,809,-271,1232,1705,495,227,1166,404,320,1247,-29,156,990,356,-272,935,242,-9,990,-155,190.865,998.075,334.265,-261.58,939.99,222.91,-2,1004.465,-150.785,0,977.139518881706,319.138074847392,0,934.780806612396,140.549981167773,0,998.035068304968,-136.431121466262,305.073212524469,1007.80404097225,346.591495856433,333.838553795094,942.669311052397,239.091488765284,85.7733641639408,1007.76013763197,156.471163477492,56924.8409798995,19613.3461055276,8434.74851758794,43240.2850251256,5069.57778894472,7513.43909547738,7390.02010050251,6663.87816582915,1755.8882160804,238.589272558302,140.04765655136,91.8408869599371,207.942985034662,71.2009676124189,86.6800963051921,85.9652261120886,81.6325802962834,41.9033198694376,7.96376466838645,7.85106850752429,10.3257656641724,4.5498650958333,3.34646016276612,2.62774779280033,4.52849294444568,3.54735919470866,2.63142766275956,1.58160762402499,0.373629997557954,-2.0440049435661,-0.401084952090988,0.552480426249276,-0.556954778744925,0.821650985282561,0.511809362532703,0.0314278091913839,191,980,366,-309,888,262,0,952,-155,172.566666666667,998.361111111111,342.505555555556,-256.411111111111,938,225.783333333333,-6.33333333333333,1002.21111111111,-150.922222222222,0.865833328002114,0.865833328002114,0.865833328002114,0.865833328002114,0.865833328002114,0.865833328002114,0.865833328002114,0.865833328002114,0.865833328002114,1747,1147,712,1281,398,394,494,438,242,656.690739353259,614.004122657781,612.110929797066,933.531,867.792,731.76,59259.6984835814,43773.0519557313,8354.64316738784,737318.589,634343.01,628452.474,0.403905338540785,245781.558565254,0.467064987956532,82490.6665203434,1.68638430408327,32243.4416271485,0.792023020882455,185193.481125436,0.253816074792738,21442.2607756878,1.14032579740371,31582.1400419301,1.08829509606712,32692.8809934366,1.47797411732804,29103.4307266872,0.506257816539573,6330.16071708631,1
1081859,-373,578,-603,-745,787,-50,-184,780,-281,1717,1284,594,327,1138,484,233,1152,-38,181,980,326,-218,944,232,29,1000,-174,201.96,976.555,312.285,-200.835,944.115,221.06,25.91,997.28,-172.25,0,959.136237608588,301.096048529073,0,941.011190259225,199.29170137684,0,992.823537646621,-159.590722044925,317.740334235363,984.095343450014,339.396015003123,271.681789967602,945.708842614893,235.202295907162,86.9434298840344,999.45837332027,176.851463098274,60473.4456281406,14858.2683165829,17756.5163567839,33644.5203768844,3027.21786432161,6485.02150753769,6922.44412060301,4371.49909547739,1614.44974874372,245.913492163689,121.894496662413,133.253579151871,183.424426881712,55.0201587086189,80.5296312393003,83.2012266772733,66.1173131295986,40.1802158872214,16.7649276969561,5.1502555110862,19.1897590252755,3.76665253689221,4.11558424389395,3.81466978171746,2.75130086649285,3.13822044780319,3.20061732724166,2.62286167256492,-0.538407597800476,-3.20008766294362,0.207092951035065,0.63347614381334,-0.198823775545529,-0.152191562072469,-0.174952625972124,0.438865463281162,171,960,316,-200,944,282,38,980,-194,184.155555555556,979.827777777778,325.655555555556,-201.227777777778,941.972222222222,222.105555555556,26.9444444444444,997.661111111111,-173.2,0.838257782681785,0.838257782681785,0.838257782681785,0.838257782681785,0.838257782681785,0.838257782681785,0.838257782681785,0.838257782681785,0.838257782681785,2090,706,1197,1072,351,534,417,372,243,644.905983428506,606.010465023449,609.965684830819,924.864,840.198,743.934,64321.8958614698,33803.8401642953,7129.4247549462,710755.332,614097.798,622651.584,1.32023152866047,211804.7885656,0.488622772018797,60075.8075932434,3.13551236970824,58185.6046376181,1.34118936846489,122976.047833175,1.25666319494764,10562.8645266768,1.47289805884792,28057.1069343308,3.74498769987067,30882.7937663469,6.44006402356067,19025.794548261,0.352670474390768,5626.85744862071,1
1084984,-666,588,-792,-1472,777,-80,-165,819,-504,696,2049,623,609,1351,484,262,1409,29,161,980,336,-276.5,935,222,48,1000,-165,154.73,977.01,330.825,-259.485,933.845,216.03,47.305,997.195,-162.835,0,967.572826800204,330.84403963465,0,929.790503676564,241.805498748981,0,991.28380191144,-181.755477730891,206.401477707889,983.268071280666,348.744268770112,325.253139877235,936.011995115447,229.748667025513,90.2109472292582,1000.24252809006,175.404404163636,18753.9669346734,12329.2059296482,12238.5772613066,38650.3917336683,4072.33263819096,6146.22020100502,5929.90148241206,6117.8361557789,4272.83193467337,136.94512380758,111.036957494558,110.628103397404,196.59702880173,63.8148308639219,78.3978328846214,77.005853559402,78.2165977000975,65.3669024405575,20.7928725749518,51.4745593052204,59.2011907923044,17.6788067038713,11.8958738934954,6.15745508806653,3.11651228984358,6.06258923365802,6.54132806672718,-2.8870140294933,5.16156382078613,-5.9185698037206,-1.41327617120247,1.51118528995494,-0.737993486762916,-0.0323277499508747,0.719221670466688,-0.397180645944068,151,990,356,-300,907,202,58,961,-174,163.411111111111,973.372222222222,337.372222222222,-258.727777777778,931.533333333333,220.077777777778,47.1166666666667,995.455555555556,-163.161111111111,0.814781302230614,0.814781302230614,0.814781302230614,0.814781302230614,0.814781302230614,0.814781302230614,0.814781302230614,0.814781302230614,0.814781302230614,1362,1461,1415,2081,574,564,427,590,533,634.68561415648,607.068052078269,609.899501704367,899.997,858.21,740.541,26217.6191791383,39129.0838799139,6257.3643612592,678624.141,620815.506,623633.901,5.66879995200806,67832.6639260581,9.05880028086396,30736.2738639446,2.84524595853966,37229.8350477034,10.0274486499226,140999.347210998,2.10972266876601,11196.1388508346,3.62963215473848,21775.7929895793,3.81875559743072,24964.2890649243,1.79800165338842,21476.5583799885,1.27672481201963,7649.14195349718,2
1088109,-303,843,39,-781,787,-50,-165,847,-456,363,1156,564,145,1092,474,184,1200,223,90,990,336,-300,925,212,48,1009,-155,92.535,987.475,330.4,-295.525,926.07,212.155,40.22,1002.605,-150.06,0,986.157896191812,310.160396840584,-243.391610769224,922.619542302328,214.585317802268,0,998.550489186508,-132.219539509282,119.137378685281,988.144526372534,334.646754055676,314.617251593106,927.814949222096,224.536244290315,82.9315983205437,1004.61680505554,168.957391078343,5659.28520100502,1329.37625628141,2838.48241206029,11707.5270100503,3251.19105527638,5433.95072864322,5286.43376884422,4058.43113065327,6058.89085427135,75.2282207752185,36.4606123958637,53.277409960135,108.201326286004,57.0192165438669,73.7153357765073,72.7078659351533,63.7058170864582,77.8388775244823,12.9699139380743,8.13266660414397,11.1489130510126,6.00677075649435,3.32074644053707,5.27528477894912,2.8855548189444,3.29480726105343,8.77218258442286,-1.78607516354839,0.702093804975916,-0.999045828366999,0.0161944282753297,0.337329212441119,-0.41539817057461,-0.60340906481875,0.0388530064637724,0.394829212170154,90,990,346,-318,925,242,87,1009,-184,96.2,986.461111111111,331.75,-296.166666666667,925.044444444444,213.777777777778,43.7333333333333,1002.31666666667,-150.85,0.826746372492618,0.826746372492618,0.826746372492618,0.826746372492618,0.826746372492618,0.826746372492618,0.826746372492618,0.826746372492618,0.826746372492618,666,313,525,926,305,524,349,353,679,629.73649673066,602.22988585419,611.899959455691,853.854,862.128,736.311,5739.95552494863,13175.8037723962,7563.13004181279,661567.062,606144.672,626807.505,5.91654410656316,14588.4124080804,0,1781.96816077083,2.65763855221571,4161.87574100602,6.57726199113895,37506.4726540644,3.86992273940442,8656.37849072577,5.27047008599153,22806.3017971161,4.25800086793338,19417.3306458916,2.99128060965409,13150.9101163418,1.48213469870152,9897.28327553928,2
1091234,-272,901,128,-681,777,0,-135,714,-592,414,1088,574,200,1129,393,233,1247,320,121,980,346,-290,925,212,58,1000,-165,109.6,982.895,339.775,-281.925,928.36,215.655,53.585,999.195,-162.46,91.4176381489482,982.010467900556,332.81341419533,-226.708011335384,924.607947956437,0,0,993.020388580574,-169.269339851935,137.30422426131,983.343350513949,342.665281287731,310.679473090837,930.257953473121,225.534332198005,87.0758003121418,1002.19957842737,185.289611149681,6874.6633165829,885.993944723618,1982.35615577889,17125.6576633166,3545.29688442211,4380.55876884422,4734.5153517588,6043.56479899498,7978.88281407035,82.9135894566319,29.7656504166064,44.5236583826946,130.865036061266,59.5423956893079,66.1857897803163,68.8078146125772,77.7403678856422,89.3245924371914,9.52603452600566,4.0624519366488,9.10754319445188,4.74128508210108,3.28349491708576,3.18754439649295,2.72226337181091,3.7590878750554,10.3894404887147,-0.988009280902704,0.544753535349179,-0.102016450787763,0.606948832530211,0.33588065008734,-0.253303075360334,-0.177512082146701,-0.0948776872912172,0.222849607720578,131,970,346,-272,916,272,58,1000,-155,111.95,982.016666666667,340.688888888889,-285.955555555556,927.233333333333,216.477777777778,53.9166666666667,999.477777777778,-163.111111111111,0.809512300697415,0.809512300697415,0.809512300697415,0.809512300697415,0.809512300697415,0.809512300697415,0.809512300697415,0.809512300697415,0.809512300697415,686,187,446,881,352,393,368,533,912,629.972999775955,603.158787414664,611.762128659733,866.118,859.698,744.594,7086.7705054552,18773.4342901607,10639.9889351866,661941.654,607660.398,627791.058,9.48603251035266,21471.8376268035,0,1369.3856575346,4.05053357606994,5455.80885263279,5.20217137860419,65310.0683105533,4.75826114048689,11988.2715456506,5.05300700256815,16257.812746211,4.96609514443003,17899.0013300439,5.33058573203331,18940.8346682176,1.65646636148595,8711.42933494905,2
1094359,-515,549,69,-872,731,10,-77,800,-262,888,1254,712,400,1101,525,213,1171,155,131,960,386,-254,925,257,77,1000,-145,156.095,958.63,380.57,-240.875,925.57,256.71,79.255,997.485,-146.895,126.755262290314,948.576812847431,358.053181874236,-201.416525365352,921.417961758302,212.942811631529,0,993.429132025165,-138.461478394145,232.558433517256,962.662557701295,386.889557884417,294.47398017482,927.654386072744,265.005867859563,93.9232399355985,999.496945968321,153.597574850647,29867.1115326633,7786.65638190955,4874.37698492463,28838.3511306533,3882.24633165829,4349.83507537689,2552.98489949749,4038.0098241206,2024.19494974874,172.82103903363,88.2420329656426,69.8167385726706,169.818582995658,62.307674741225,65.9532794891724,50.5270709570374,63.5453367614068,44.9910541079973,10.1883270607975,9.65552391824596,10.7381303862358,5.89948666617714,3.45037435817509,5.19842727630107,3.18930051922962,3.03301508391243,12.270242389134,0.860752868238439,-1.50034917456293,-0.00453818094229888,0.438273055911279,0.243212374996938,0.0201070475805132,-0.174854526160915,0.0245167067825416,1.1731452940874,70,960,376,-281,898,282,106,1019,-145,148.016666666667,964.061111111111,380.777777777778,-244.505555555556,924.288888888889,256.661111111111,79.6444444444444,997.361111111111,-146.972222222222,0.77018281481828,0.77018281481828,0.77018281481828,0.77018281481828,0.77018281481828,0.77018281481828,0.77018281481828,0.77018281481828,0.77018281481828,1403,705,643,1272,370,515,290,371,417,634.568367755833,604.247937811459,608.148089802102,912.057,867.435,736.887,32614.1012287302,29674.1624352602,4288.37071679692,678291.693,610491.417,618844.761,1.35362799656716,119812.13634697,0.818692389796627,30419.1426953562,1.21713066838886,18811.4548416771,1.25401483970053,111427.35359094,2.33452981797216,10468.3585679806,2.02341228458152,14811.0716596643,1.88791328436716,9543.21463341387,2.90737426908717,14633.4267830013,0,3775.48482428672,2
1097484,-727,500,-79,-772,777,30,-106,790,-271,2181,1421,752,845,1101,696,165,1257,9,151,980,336,-227,935,252,48,1004.5,-135,201.88,982.21,342.48,-209.065,937.785,257.64,44.17,1007.31,-131.96,163.052629928752,971.283563848215,316.248980295693,-356.006266492309,934.824504313024,219.962077330502,0,1002.8140931417,0,402.68433046246,987.121973213037,355.889027647664,287.679622149363,939.246620968103,271.424004096911,68.8116995866255,1009.55248006233,139.814412704842,122009.181507538,9721.91547738693,9411.5071356784,39247.628919598,2757.29525125628,7329.26673366834,2798.05135678392,4545.50140703517,2145.3551758794,349.29812697399,98.5997742258416,97.0129225190046,198.110143404113,52.5099538302623,85.6111367385596,52.8966100689252,67.4203337802118,46.3179789701515,18.871647609848,9.39172832940845,9.87952369177048,10.6146563689435,3.96996386930378,7.00233171585023,2.71548813128414,3.9598893234423,3.50785847819075,3.50193123178828,-0.070398297116886,0.621782669473829,1.61314660593433,-0.0416173546551109,0.828406514775669,-0.179167375247299,0.175673785784838,-0.0322567480896564,151,980,336,-172,944,232,29,1000,-135,158.933333333333,983.605555555556,340.383333333333,-219.011111111111,938.177777777778,255.238888888889,44.8222222222222,1006.8,-131.633333333333,0.800539692451618,0.800539692451618,0.800539692451618,0.800539692451618,0.800539692451618,0.800539692451618,0.800539692451618,0.800539692451618,0.800539692451618,2908,921,831,1617,324,666,271,467,280,658.682381296355,609.976693403317,611.60620500469,937.602,868.224,717.876,129535.061936161,39254.3050435769,4947.23651461396,757932.876,623168.862,626087.598,1.58956315575083,426050.779134038,1.10772843218241,28554.0311865141,2.18638471050527,33039.0147383885,2.62041913397453,111013.516475516,1.70190214946595,8695.91133891199,6.21965373726152,25851.8326254559,2.24617882384224,11326.616125925,8.40283896758799,18923.9429547211,0.764483476696209,5666.51271965794,2
1100609,-1010,88,-267,-2509,620,-111,-242,638,-271,4121,3274,1099,981,1518,1020,349,1485,0,151,985,356,-218,925,262,-9,1000,-135,206.265,983.18,340.19,-229.035,938.715,252.89,5.79,1004.855,-137.18,0,800.616318230866,371.054375500377,0,921.678108464745,0,0,989.894207083187,0,505.916618624057,1040.68352538128,370.043429883575,503.629332942393,948.015535210262,288.872688220953,100.280307139538,1012.37496758859,149.55420422041,214478.768618091,116964.108140703,21309.4511557789,202196.456055276,17635.7826884422,19592.0380904523,10072.9808040201,15245.732638191,3565.93728643216,463.118525453356,342.000158100407,145.977570728448,449.662602464644,132.799784218357,139.971561720416,100.364240663795,123.473611100473,59.7154694064458,27.7333425175462,13.4361639925365,10.1950745294382,7.85892622582029,5.77286311817892,7.54957332127773,3.60376360342864,5.5623294138169,2.67561859083611,3.39059204060277,1.52810070357756,-0.570788208473975,-1.14593936701356,1.13754523425255,0.745897351991497,0.619206871953715,0.597113682155768,0.173729323258843,141,990,346,-181,861,262,-48,1028,-145,175.205555555556,971.066666666667,346.05,-206.694444444444,931.35,249.416666666667,1.85,1001.03888888889,-137.855555555556,0.875092786771832,0.875092786771832,0.875092786771832,0.875092786771832,0.875092786771832,0.875092786771832,0.875092786771832,0.875092786771832,0.875092786771832,5131,3186,1366,3490,898,1131,591,847,271,682.53044192625,647.223864143666,612.601919944994,987.957,937.89,732.453,228931.17199984,205226.855748052,15478.9142148031,885543.579,741494.034,634395.405,1.56557609324798,674735.811129066,0.540598566790659,385412.707903138,1.62218556033717,58100.5553213852,1.16605094195392,684994.734825244,0.574625977535326,59560.0081059902,2.91418935299236,66154.6944944177,2.40418295828562,43496.7180720217,8.13521644948456,61942.6056776611,0.830010105383269,12572.4593338011,1
1103734,-555,411,-79,-1127,712,-90,-233,676,-271,1525,1539,683,545,1268,484,359,1419,-29,151,980,346,-222.5,935,237,-19,990,-145,224.62,987.52,336.66,-222.535,945.94,232.22,-6.695,1000.145,-154.425,0,944.093843125353,322.755333936288,0,936.706261010488,159.273502640102,0,986.843493744981,-132.028690709898,429.012715429275,1005.98743033897,352.60828124138,365.211452449126,950.720963269455,252.2587758632,108.637953773071,1007.07595294496,163.370116606434,134269.111155779,36999.9593969849,11047.8838190955,84278.973643216,9113.4335678392,9757.14733668342,11816.4642964824,13981.8632914573,2856.99937185929,366.427497816115,192.353735074172,105.108914080089,290.308411251235,95.4643052027259,98.7782736065144,108.703561563007,118.244929242049,53.4509061837055,5.71454907073101,4.35170868224125,5.83498930898977,3.83325253158572,3.79769763317069,3.39496103510499,3.84481910103171,4.48068915672248,2.19379724390917,1.42671274743534,0.0238436011870029,-0.0577947866121391,-0.253411998259834,0.615552952934036,-0.337098347256342,0.762473226335531,0.736009689979214,-0.0771283791587452,141,960,356,-309,879,232,-29,1009,-126,196.822222222222,988.594444444444,335.772222222222,-217.105555555556,943.222222222222,233.25,-11.6388888888889,995.444444444444,-154.166666666667,0.868721246339405,0.868721246339405,0.868721246339405,0.868721246339405,0.868721246339405,0.868721246339405,0.868721246339405,0.868721246339405,0.868721246339405,2080,1128,762,1672,556,574,592,743,242,674.170194415464,623.895823478264,611.691709668055,970.446,883.635,742.275,135585.329564906,86127.2786674108,14413.6891774531,792237.132,660530.547,631616.385,0.700938393529999,573008.291924609,0.44804197056852,152940.68088155,1.03953857422752,30534.9624018661,0.871411028660917,356989.967176869,0.882074790574,34396.9871734515,2.26344373259197,41975.665082459,3.95376527778668,54345.1823478143,8.56065730488641,60377.390056351,0.482547240942795,10299.1423309401,1
1106859,-929,205,-267,-1527,731,-141,-213,647,-262,2212,1862,891,554,1351,494,291,1314,-29,151,990,341,-254,935,252,-29,1000,-155,212.16,994.48,329.835,-216.435,945.635,242.755,-21.4,1003.615,-149.615,0,897.595625510088,329.457867844521,0,937.494378327711,0,0,992.193224008508,-127.830788841386,462.06018006316,1024.58885412638,355.201555458306,384.415497866566,949.864508759012,265.951659141281,85.3841905741338,1008.97597840583,158.112349296315,169334.416482412,61097.336281407,17464.3394723618,101438.357562814,8057.31836683417,11859.5929396985,6866.83417085428,10843.6751507538,2628.00680904523,411.502632412494,247.17875370146,132.15271269392,318.493889364952,89.7625666234771,108.901758202972,82.8663633258651,104.132968606267,51.2640888834009,8.85762938997175,6.01136502524132,9.11111665986529,4.91622563886675,5.26998269842149,4.15842183204103,4.46577947357075,4.69369283410521,2.15361283449572,1.80217197239284,-0.144905432616906,-0.738233190720727,-0.275445866768179,0.758609705264832,-0.501013422979663,0.661998959755737,-0.15944601758962,0.044854104682717,151,980,356,-263,944,212,-48,1000,-116,180.055555555556,996.977777777778,333.016666666667,-211.805555555556,942.788888888889,245.294444444444,-24.5722222222222,1004.37777777778,-149.783333333333,0.879928441704015,0.879928441704015,0.879928441704015,0.879928441704015,0.879928441704015,0.879928441704015,0.879928441704015,0.879928441704015,0.879928441704015,3141,1657,1158,2081,620,635,504,667,233,681.547234832646,628.938010337852,611.796460217885,980.277,902.775,731.46,173220.360950193,102248.335877955,11292.5380869338,833670.045,672448.887,630193.5,1.4199227101342,665557.482874258,0.294254152096482,236243.897423275,1.74527063217418,49265.9618862784,0.820205486167058,381859.028195494,0.367223504760297,29265.9699866621,1.58148708446727,47833.1107603215,1.97815574485154,31212.8717374668,9.72276921101773,49051.0730243575,0.361820025007531,11002.3116220787,1
1109984,-1010,284,49,-936,703,-363,-174,828,-271,2646,1696,801,1027,1212,444,135,1180,-9,161,990,331,-236,935,272,-19,1000,-145,226.34,978.045,334.33,-194.6,942.655,247.92,-18.685,1004.605,-142.005,314.706193833463,940.839716272362,279.095702285693,982.914576131371,938.592000459529,0,0,1001.96212797009,-109.010239593665,518.491523556557,992.320016426153,353.425508417262,321.359860592452,944.670336678357,272.851662996581,63.0890244020305,1005.91738477869,151.361999854653,218697.150150754,28268.3346482412,13199.036281407,65731.6582914573,3822.70952261306,13048.9483417085,3649.34248743719,2651.83816582915,2758.82912060302,467.650671068431,168.131896581943,114.887058807365,256.381860301109,61.8280641991407,114.231993511925,60.409788010199,51.4960014547649,52.5245573099195,14.2519320087733,7.83870324833582,5.66975704974797,6.94604413015124,6.24150842890741,8.63589939548195,2.90465150635758,4.12602930637285,2.29502084141523,2.80920829862549,-0.0317133001178123,0.830244734242961,1.16579896705623,0.250660919312821,-1.9675215847927,-0.0831602134104418,0.0424710507025824,0.184802288579684,151,980,326,-300,935,282,-29,1000,-165,173.255555555556,980.405555555556,329.905555555556,-206.327777777778,941.483333333333,258.694444444444,-18.4944444444444,1004.37777777778,-142.722222222222,0.870152220122816,0.870152220122816,0.870152220122816,0.870152220122816,0.870152220122816,0.870152220122816,0.870152220122816,0.870152220122816,0.870152220122816,3656,1412,752,1963,509,807,309,352,262,674.308886847437,618.261742641701,610.752163398024,967.635,880.359,717.765,233098.197477657,65921.6786622382,3945.40930681768,827065.239,642073.341,623256.279,1.31819221441675,669714.314735179,0.819063729814212,76685.6861337248,0.948332122021419,52366.3457205217,1.26578460870994,224335.821451323,2.67523751141542,10534.4883866328,1.29278927538051,44694.5216820164,1.4049784679307,16287.8630348584,4.07809976593466,11315.355922521,0.338185563284482,10977.769571875,1
1113109,-535,500,148,-527,824,-10,-262,838,-436,1585,1215,643,609,1074,474,223,1161,0,191,990,297,-181,948.5,242,9,1000,-169.5,209.895,979.715,303.83,-182.1,949.11,242.445,9.165,1000.9,-166.545,199.307506704789,969.700002465272,294.714997916357,-148.466032548818,947.323145629781,252.547738835526,0,997.892567712506,0,291.687975412083,983.569074849347,309.262994876529,231.609002415709,950.004473673677,250.347348697764,89.2766206797726,1002.39203408646,176.477689808089,41232.1245979899,7604.66711055276,3347.66944723618,20585.2462311558,1707.24412060302,3913.78590452262,7925.94751256282,3004,3424.25927135679,203.056949149715,87.2047424774178,57.8590481017116,143.475594548884,41.3188107355841,62.5602581877874,89.0277906755122,54.8087584241789,58.5171707395085,26.5602682910654,11.5956437893329,12.4115416000948,8.87664813580061,3.92060787639312,5.10400503950491,3.23860965246956,3.37965950895886,5.40859949153593,3.30889228100511,-1.79795983970392,2.13778910058542,1.2488034189525,0.162333873452648,0.00845981017177452,-0.268955225099103,0.00204834750216609,-0.57778620383557,181,960,297,-163,944,242,0,1000,-184,194.583333333333,984.7,299.416666666667,-189.461111111111,948.6,242.388888888889,10.9333333333333,1000.95,-165.15,0.848548178294616,0.848548178294616,0.848548178294616,0.848548178294616,0.848548178294616,0.848548178294616,0.848548178294616,0.848548178294616,0.848548178294616,2120,715,495,1136,250,484,485,323,436,638.018880362205,604.763907794264,612.125586669619,907.686,839.277,742.386,42938.1439193654,20705.9436020485,7945.35597685124,688880.16,611295.015,626342.688,1.98422375008741,151269.32356692,2.75987824374569,32632.7162506325,0.72704114016361,12483.2279027365,3.31173185893709,89592.663528455,1.57057315915787,5426.29051244374,3.66244628471985,15655.5551585884,10.5183949897624,36502.4427050776,4.72834120807118,10595.0821140392,0.639366518049654,9924.86246626671,1
1116234,-696,656,-69,-900,703,-50,-233,752,-398,1010,1343,712,400,1120,484,194,1276,67,131,990,306,-258.5,935,212,-9,1000,-184,111.28,990.56,310.98,-270.325,932.85,201.68,-12.515,1000.685,-170.175,0,985.562876060085,295.793047011641,-286.591801258107,929.359070814888,221.35363526038,0,994.943282389233,0,191.562940048434,992.969692387436,321.878905801545,321.446333001327,934.516810977737,214.602586191313,77.6485994722377,1003.52043576601,184.438241696238,24435.2980904522,4803.71497487437,6932.13025125629,30404.1601758794,3128.18844221106,5406.48000000001,5902.19072864322,5711.35253768845,5083.35113065327,156.317939119131,69.3088376390368,83.2594153910312,174.367887456032,55.9302104609938,73.5287698795513,76.8257165839878,75.5734909719569,71.2976235975174,15.4948352608895,13.2489352902066,7.6321261721679,6.18194140741824,5.28668490532579,5.15879313632805,3.54631244337276,4.1042071999932,4.23948100468554,-0.937302868869928,0.363193784095422,0.0701787630364506,-0.29733643756655,-0.488082795992509,-0.31921642351567,-0.332416116798488,0.0858534064317711,0.497352921758417,131,990,306,-263,935,212,-9,1000,-184,119.316666666667,990.605555555556,311.1,-266.827777777778,933.883333333333,203.022222222222,-10.5611111111111,1000.12777777778,-172.344444444444,0.873691936839469,0.873691936839469,0.873691936839469,0.873691936839469,0.873691936839469,0.873691936839469,0.873691936839469,0.873691936839469,0.873691936839469,1706,687,781,1300,417,534,427,524,465,635.257673448183,605.757947386724,612.199953779157,872.79,851.655,738.861,25410.4657727395,31005.5625477574,7172.45306848488,675774.72,613622.211,628260.021,5.03842300605154,65134.1920627714,9.5113941077263,10222.7188765293,3.2966145203289,21551.6638082397,2.88644497692209,93099.4295043681,1.02917292148262,12198.8035840985,3.89577546353398,19895.7829996314,1.3764942128571,21441.836856182,1.72763843682352,22021.036331445,2.49989125586324,10188.1329672243,2
1119359,-50,921,217,-536,824,111,-145,828,-330,181,1039,396,-100,1009,292,242,1123,116,80,990,316,-281,935,202,0,1000,-174,79.935,993.34,317.215,-288.225,928.645,199.77,11.545,996.92,-164.29,0,992.959641343465,314.874928966656,-266.609501141555,927.11723112881,194.321860845848,0,993.555417080965,0,87.5421898286763,993.529154076517,318.342182250483,297.678425486296,929.399357111893,202.318338269174,69.3485039492562,998.570087675372,176.511132793374,1280.43293969849,377.71296482412,719.988718592965,5566.62751256282,1408.67233668342,1029.80613065327,4699.42510050252,3309.28,4185.90542713568,35.7831376446853,19.4348389451552,26.8326055125656,74.6098352267502,37.5322839257541,32.0905925569047,68.5523529902695,57.5263417922607,64.6985736097457,3.64352796309645,3.5714537440549,4.47242303349006,3.20620260051664,2.87699402472722,3.06373441324045,3.14244401660617,2.73740775043892,6.12409167153109,-0.318345751397804,-0.221242608708499,-0.0960973935245649,-0.184279513430103,-0.224088470496068,-0.020905302681312,0.549045478511433,-0.219056032710723,1.05243414935407,80,990,316,-263,916,202,-19,990,-184,80.5944444444444,993.533333333333,317.127777777778,-287.616666666667,929.294444444444,199.8,9.00555555555556,997.738888888889,-167.372222222222,0.856206690027595,0.856206690027595,0.856206690027595,0.856206690027595,0.856206690027595,0.856206690027595,0.856206690027595,0.856206690027595,0.856206690027595,231,118,179,436,185,181,387,295,446,628.090975415234,597.901186789325,608.709671353883,834.834,849.984,730.899,1430.63105525641,6772.36782200463,6505.62052029826,657663.336,595996.992,619864.569,0,4089.066978962,0,867.157674341405,0,1746.78355557826,25.602778121225,23783.1127426198,30.1999408934826,5952.54991461199,0,3944.33992295003,7.89762269100753,15963.2889319044,17.3502447298547,5852.36821114226,0,3319.54474548726,2
1122484,-737,784,-722,-1109,777,-30,-300,771,-572,606,1607,683,290,1074,494,223,1276,174,111,990,336,-272,935,232,29,1009,-155,108.23,985.45,331.945,-268.105,930.685,216.935,23.435,1004.525,-151.61,0,981.97049694944,333.781477192579,-323.294370515685,927.896268122492,193.194768236444,0,997.665935776953,0,168.620135215223,987.52868819088,351.332086493676,314.920902767663,932.065279366204,228.594367822132,96.7847870277142,1007.93823471481,188.601325552076,16803.0322613065,4121.81658291458,13313.3185678392,27432.0441959799,2584.03595477387,5220.69424623115,8862.40781407036,6903.52701005025,12648.1084422111,129.626510642332,64.2013752416144,115.383354812725,165.626218323006,50.8334137627395,72.2543718139681,94.1403623005051,83.0874660225611,112.463809477587,18.4546849287525,47.1812826197088,48.8125201201907,7.1797682303812,3.76018924281488,4.64756765420952,3.45478638387381,3.25446057874743,4.37882130531496,-2.27224332156988,4.43233894248638,-5.34887141359329,-0.330620253334649,-0.0204372170527567,-0.099923371185326,-0.493917451989161,0.144260573230642,-0.147743174637886,111,990,326,-300,953,252,0,1009,-213,114.822222222222,983.672222222222,337.455555555556,-267.894444444444,930.333333333333,217.861111111111,26.0888888888889,1003.80555555556,-150.65,0.819107179827683,0.819107179827683,0.819107179827683,0.819107179827683,0.819107179827683,0.819107179827683,0.819107179827683,0.819107179827683,0.819107179827683,1343,823,1405,1399,297,524,523,505,746,635.557613391288,605.101957218761,615.572893593555,879.507,858.255,746.388,20445.8918223633,28077.6036354095,15461.2899423608,676247.937,612105.747,636526.344,7.70432925508021,51070.5936131246,6.95729050795501,8568.43903896888,3.40822681573421,36998.9164450603,10.2689774411237,97305.0941563962,2.55117327195254,9646.07501182777,3.70289474336594,19768.3593965464,2.76305355162669,27821.9172481053,1.8624107345787,16087.5190337014,1.95974588380519,15289.4364358054,2
1125609,-808,-343,-198,-1690,527,-121,-233,590,-262,1939,1921,1099,672,1296,515,291,1409,77,171,970,356,-218,935,247,29,1000,-145,228.99,963.675,353.345,-211.48,934.315,239.09,29.06,998.535,-133.53,156.567742003525,615.090715960591,0,0,916.339105470139,198.176553115913,0,982.252707743575,0,437.452854602642,1003.84783956534,386.749253392944,377.811924110396,942.580333446439,260.65442639633,107.602276927582,1006.31333341062,147.611347802261,139626.713467337,79438.1702261307,24846.5286180905,98510.6126633166,15591.1213819095,10830.8561809045,10787.7049246231,15672.7424874372,3978.74281407035,373.666580613435,281.847778465843,157.627816764968,313.864003452636,124.864411991206,104.071399437619,103.863876899638,125.190824294104,63.0772765270533,7.82851096021239,10.6889886973327,9.04658632667575,7.48403441822485,4.31802734891214,3.47245238912744,2.87626944603199,4.31217712902975,3.64612577942425,1.42112248921618,-1.70059516863137,0.837927813341376,-0.737079278415565,-0.0844066835902171,-0.215330890879968,-0.027668748914125,0.128375397086854,0.79287676895204,90,970,405,-181,972,262,29,1000,-145,208.477777777778,982.444444444444,349.783333333333,-206.65,934.783333333333,240.655555555556,29.2722222222222,997.511111111111,-136.883333333333,0.832558239674567,0.832558239674567,0.832558239674567,0.832558239674567,0.832558239674567,0.832558239674567,0.832558239674567,0.832558239674567,0.832558239674567,2747,2264,1297,2362,769,636,524,819,339,672.095644164296,621.897185551436,609.103403528093,978.786,879.651,732.219,168493.835797531,100033.953281553,15827.0834682427,809190.282,659484.159,627620.331,0.557711070437748,542311.465187865,0.188472990426077,360375.757806776,0.804622562895179,86627.7436891805,0.440013311129042,427415.55629213,0.440238854680138,60230.1475585164,1.5981718108918,46278.9419019987,0.823338422098386,44674.491220257,2.73700739424358,61947.9315561494,0.678338669100276,8589.94691335937,2
1128734,-1696,-117,-792,-2836,638,-686,-213,714,-310,2565,2303,1831,1018,1759,787,291,1428,165,151,990,346,-258.5,925,252,-29,1000,-145,204.13,982.835,321.69,-228.21,948.89,233.72,-16.115,1008.605,-144.1,244.855542435026,557.769835165708,288.400528429586,0,927.79221629819,0,0,993.615967170449,0,500.306156268339,1043.12225793528,380.762353706351,533.83983553122,960.822413352228,278.428087663583,106.529878437929,1016.10145408812,161.043565534299,209685.62120603,122753.173643216,41704.0340703517,234075.543618091,22901.987839196,23012.2227135678,11144.645,15254.3909296482,5196.20100502513,457.914425636527,350.361489954612,204.215655791498,483.813542202046,151.334027367265,151.697800622052,105.568200704568,123.508667427222,72.0846794057179,9.06838115961044,5.97791433233539,22.9234908670262,8.5968075492559,7.19780325885201,9.36231968412416,3.23458898231375,3.36538657776988,4.61173075701454,1.1271733073394,-0.0879399980901304,1.00432656409393,-1.09499474853063,1.38091750210676,-1.11921182739663,0.788549397092911,0.298681857499854,0.713285916813317,80,1000,346,-290,879,262,-29,961,-97,183.483333333333,986.2,321.772222222222,-209.977777777778,938.727777777778,238.594444444444,-22.1222222222222,1006.65,-146.844444444444,0.879928441704015,0.879928441704015,0.879928441704015,0.879928441704015,0.879928441704015,0.879928441704015,0.879928441704015,0.879928441704015,0.879928441704015,4261,2420,2623,3854,1121,1473,504,714,475,688.210143146408,658.477987574896,616.144601357755,993.267,957.288,746.736,217851.371400427,241288.123866,16070.1063493408,890034.159,771412.128,641847.486,0.555834959455469,814093.832135899,0.49363258183566,464291.635593081,1.16537338987679,112832.426594925,1.46773585381721,712944.337047691,0.56788453643255,71697.8270668661,1.74600787280243,80291.2829282253,1.00910193572529,44525.4450915352,1.19995698867797,59200.5467462423,1.0772232984967,17409.7849003296,1
1131859,-414,754,-29,-772,750,70,-155,876,-242,1737,1313,465,209,1055,424,87,1123,-106,50,1000,287,-281,935,191,-53,990,-184,105.02,999.87,291.18,-268.78,933.485,192.455,-51.16,993.75,-188.46,0,994.352196597389,266.411682271761,0,931.073268885765,180.169262057528,0,991.586788563939,-184.441553196636,246.787803588427,1002.66554244175,296.296118773095,294.696538832746,934.672528215096,198.088351500031,71.6723796172556,994.830146306393,190.288990748283,50125.6478391959,5626.30462311559,3020.70110552764,14676.7453266332,2229.63796482412,2211.12359296482,2532.2456281407,2158.75125628141,696.209447236182,223.887578572809,75.0086969831871,54.9609052466172,121.147617915637,47.2190423963058,47.0225859876381,50.3214231529743,46.4623638688499,26.3857811564521,34.4895828893345,6.12189281422205,14.0719630866767,6.88365543654214,4.23345149965892,7.62245566079123,2.6200465647522,2.78749070652522,3.20489866016553,5.13594951821501,0.550976108673991,-1.72848541172199,0.398130047728822,-0.115443818209922,0.891856514380064,0.0441618518706372,0.0651738288075722,0.275759911658576,20,1009,287,-281,925,191,-77,980,-184,71.7,998.222222222222,292.95,-271.338888888889,933.505555555556,191.444444444444,-51.3944444444444,993.266666666667,-188.966666666667,0.912639809537594,0.912639809537594,0.912639809537594,0.912639809537594,0.912639809537594,0.912639809537594,0.912639809537594,0.912639809537594,0.912639809537594,2151,559,494,981,305,354,242,247,136,639.018267191765,598.95007582855,608.628925988037,841.32,840.69,744.792,50613.5698259028,14834.8306986255,2642.16256322723,692420.28,599818.668,618620.31,0.575095247380565,192187.223509844,2.67697462044512,20763.4434921623,3.34221039051312,12392.9654808184,2.08784217793594,49798.7011089814,1.93348557035943,7416.79687499769,4.29413486547806,8372.77966804677,2.45217310453279,9600.43939341448,4.41116652056238,8072.38068111327,0,1052.8610117129,1
1134984,-30,921,247,-409,861,111,-155,933,-252,141,1088,356,-127,1018,323,19,1076,-116,70,1000,297,-272,935,212,-67,990,-194,64.12,1000.2,294.725,-268.34,934.655,205.47,-63.255,994.57,-190.055,0,999.371881781495,293.461950755431,-257.836366586582,933.394715440078,196.314782190862,0,993.782848295644,-187.2917455351,72.0907067519802,1000.61505085622,295.347972737244,272.867055541705,935.286611151897,209.70050071471,71.5145090174015,994.965823533653,191.367800321789,1091.15135678392,834.613065326636,369.446608040202,2462.38633165829,1187.01103015075,1765.20512562814,1118.72359296483,791.462412060303,503.248216080402,33.0325802320061,28.8896705645225,19.2209939399658,49.6224377843158,34.4530264294845,42.0143442841625,33.447325647424,28.1329417598001,22.4331945134972,3.03992010291061,3.51247810767075,2.90009939681951,3.37447469429744,2.20550990672863,2.6320315864105,2.59272598142589,2.97747462849817,3.17608051748834,-0.278766305713961,0.161807874446646,-0.0704226735584784,0.22676203298523,0.116179469165534,-0.00545343115522712,0.0442332613244516,0.262768070823461,0.106777921801399,80,990,287,-300,925,212,-67,990,-194,64.7444444444444,999.905555555556,294.916666666667,-269.022222222222,934.338888888889,205,-63.2888888888889,994.016666666667,-190.283333333333,0.920502044054103,0.920502044054103,0.920502044054103,0.920502044054103,0.920502044054103,0.920502044054103,0.920502044054103,0.920502044054103,0.920502044054103,171,167,109,282,157,212,174,143,136,627.283713497794,597.658483069648,609.199901487668,816.087,845.079,749.058,1535.13323463809,2693.51624781944,1124.36226764203,656194.785,595915.065,619015.77,0,2801.90177101129,0,2614.98459595383,0,1028.38791637318,4.27431928688335,6618.42733760089,0,2162.78842647056,8.63680224319919,5393.12480297601,0,4091.21913638178,0,2285.10666434339,0,807.873520733604,1
1138109,-60,960,207,-418,851,80,-184,914,-262,101,1068,366,-136,1009,313,29,1066,-126,0,1009,287,-300,925,202,-67,995,-184,5.205,1006.09,283.75,-291.15,927.8,199.125,-69.12,995.85,-183.085,0,1005.67005531471,281.435399251314,-279.254485574752,926.687179667685,185.124515144247,0,995.060169802705,-178.31563434524,33.3916905831376,1006.30080989732,284.905861645562,296.215951629888,928.356709460324,204.918483792946,80.4047884146212,996.244252179153,185.443077519761,1093.37987437186,426.363718592965,660.590452261306,2990.52010050252,1038.53266331658,2352.58228643216,1695.83477386935,789.334170854272,873.384698492463,33.0662951413045,20.6485766723269,25.7019542498485,54.6856480303792,32.2262728734892,48.5034255123508,41.1805144925285,28.0950915793893,29.5530827240148,2.7987892423547,3.13582390583829,3.28114738565431,2.66614821346178,2.50746945539901,2.41738478560768,2.54097030476949,2.82341829003228,2.80452843053928,0.229431282585292,0.24210471901529,0.212608768600574,0.442989631914522,0.076389077006523,-0.297288975135823,0.160780837058683,-0.000869695066645897,-0.234013805185065,0,1019,287,-318,916,222,-58,980,-174,4.83333333333333,1005.68888888889,283.277777777778,-292.561111111111,927.75,199.805555555556,-69.6833333333333,995.861111111111,-182.283333333333,0.963350486583841,0.963350486583841,0.963350486583841,0.963350486583841,0.963350486583841,0.963350486583841,0.963350486583841,0.963350486583841,0.963350486583841,161,108,159,282,158,233,213,152,136,627.747616168404,597.178688438432,609.671757375554,789.207,850.845,749.733,1265.66585620085,4077.67699028713,1704.73145223997,656956.605,594948.993,620014.005,0,2826.26969815298,0,1033.03108592909,0,2181.08232319813,6.25973740283696,9743.77520208814,0,1826.00089312308,17.1852501843801,8882.96840956758,6.56260635791741,6475.34005974109,0,2171.37464724071,0,1599.4263240322,1
1141234,-575,911,9,-945,777,-50,-203,895,-252,333,1176,782,9,1064,404,77,1142,-77,5,1000,297,-318,925,202,-67,1000,-174,8.76,1003.035,299.32,-315.93,922.5,193.525,-65.085,998.315,-169.965,0,1001.56677360068,235.337171375559,-256.429403471576,920.20360522808,201.170979474334,0,996.515951999585,-164.437705924298,95.7887780483706,1003.79192814049,305.64188194683,334.205789895986,923.661756272284,203.208673535359,79.1085014394787,999.227389036149,172.339824184661,9144.47477386935,1526.65706030151,3843.71618090452,11941.452361809,2155.56783919598,3861.14510050251,2032.25907035176,1831.69424623116,816.99876884422,95.6267471676693,39.0724591023077,61.9977110940761,109.276952564615,46.4280932108565,62.1381131070337,45.0805841837898,42.798297235184,28.5831903195606,19.4360207707819,5.30942359470039,26.3996030559851,9.26416715028945,3.85730209373981,6.08618707192803,4.21862363301941,3.89565083128871,3.4805743078731,-2.36251377254456,0.936990964233576,1.28291539030372,-0.999742416914426,0.38436834374946,-0.973770840639716,0.238935542267959,0.457361323861337,0.32142537821703,-10,990,306,-327,898,212,-67,1009,-174,9.96111111111111,1001.28333333333,299.027777777778,-312.288888888889,921.205555555556,196.494444444444,-65.8,997.066666666667,-170.561111111111,0.961120605935307,0.961120605935307,0.961120605935307,0.961120605935307,0.961120605935307,0.961120605935307,0.961120605935307,0.961120605935307,0.961120605935307,908,265,773,954,287,454,280,247,175,631.622685752505,601.177375254982,609.713881902745,810.537,860.127,742.611,9681.45098690583,12600.7920031026,2526.57147069236,666114.411,603682.989,620648.727,8.57345454627007,20063.1388978737,0,3240.96427031096,8.70135749541809,4424.57588946148,3.72501122869763,30947.4817438793,0,3792.32339649138,3.1385340090866,11762.4104560962,1.38783393417689,8490.78046705286,3.57588927061366,6207.81991097156,0,2052.66547898677,1
1144359,-1939,764,-277,-1136,490,-191,-262,857,-262,666,1362,1019,245,1148,474,242,1276,-9,111,960,386,-599.5,750,262,-29,1000,-106,90.02,964.345,376.165,-573.5,734.59,246.315,-43.34,1001.83,-107.66,0,960.419472472924,313.572763093392,-533.354440436746,706.372525285946,150.694957237495,0,998.800742740006,-77.1786748450767,205.877730704416,966.418369548096,396.42046491068,607.812833033328,748.534234354047,274.322993932335,129.876210292725,1003.39263999693,119.778420427054,34454.3111557789,4023.30248743719,15727.716356784,40737.8793969849,20784.9566834171,14655.3022864322,15064.7983919598,3149.18703517588,2770.04462311558,185.618725229377,63.4295080182496,125.410192395929,201.836268784837,144.169888268727,121.059085930929,122.738740387702,56.1176178679733,52.6312133920127,73.3238329401474,12.5930931888058,10.3084779174845,6.2149203643564,2.26343099096994,3.55828202615039,1.92291554999852,6.31073827559809,2.11569577345889,-6.53539583480719,1.43610322039344,-0.794379575995357,1.20561143216317,0.194992676654256,-0.707337572111972,-0.177451679016629,0.823133281133808,-0.270853953707327,131,960,346,-527,851,292,77,1009,-48,100.2,962.283333333333,383.244444444444,-587.605555555556,730.811111111111,250.972222222222,-43.0777777777778,1000.12222222222,-106.455555555556,0.887317256275207,0.887317256275207,0.887317256275207,0.887317256275207,0.887317256275207,0.887317256275207,0.887317256275207,0.887317256275207,0.887317256275207,2605,598,1296,1381,658,665,504,419,253,635.468690797027,599.389644005547,610.451552747976,886.08,939.831,730.044,34860.1069190719,57098.5687610873,16264.7527141567,680099.574,602995.827,622806.894,2.43883131741504,65757.9536148598,2.65863195078818,11587.450073219,2.10074939200128,40220.8051573516,1.33840818829611,132165.304458255,0.18639786693168,61506.7604149925,0.59397991009605,46192.287739396,0.304200745525395,44006.4647432952,2.50277083139962,12414.983414486,0.175032371435949,7932.37277880879,1
1147484,-111,872,247,-927,416,121,-320,914,-233,90,1137,366,-218,1000,323,165,1085,0,15,1000,301.5,-790,518,202,-281,980,-77,7.69,998.02,303.8,-723.965,580.385,203.3,-221.605,977.365,-89.73,0,995.500490813526,301.93992129281,-627.378954869948,547.039783238894,197.1953252265,0,976.841595289345,0,40.3510842481339,999.275847801797,304.740381308418,749.596321362372,603.255273495392,206.387426942631,260.260033428108,977.631487320248,101.712388625968,1576.95869346734,2520.90412060302,575.13567839196,37959.1193718593,27206.2078140703,1271.23618090453,18720.1095226131,523.599773869347,2305.46442211055,39.7109392166357,50.2086060412258,23.9819865397335,194.83100208093,164.943044151823,35.6543991802488,136.82145125167,22.8823026347732,48.0152519738318,3.1824460563086,3.21668702361643,2.73683584080337,3.87521566776206,3.56660975708299,2.93425963253358,4.09615460048986,6.29888682672002,3.47023793437287,-0.614601667956742,0.0615401069601601,0.290692946808182,1.54689880247508,1.49845190080868,0.406129987768195,1.6731964587615,0.890650521498007,-1.03448362382943,20,1019,297,-781,509,202,-281,980,-87,9.22222222222222,997.916666666667,303.388888888889,-740.155555555556,566.783333333333,202.433333333333,-235.711111111111,976.394444444444,-87.1222222222222,0.944964822361498,0.944964822361498,0.944964822361498,0.944964822361498,0.944964822361498,0.944964822361498,0.944964822361498,0.944964822361498,0.944964822361498,201,265,119,709,584,202,485,171,233,626.623237560622,589.739692922938,609.924237759019,800.958,904.59,786.942,3266.17638502455,62919.0545265128,20316.8352740576,655828.278,581044.404,620306.412,2.02711671134443,5872.65081095152,4.65040774059243,11320.4010990405,0,1558.69766470275,0.137481462740871,141193.585933219,0.0761930058800587,101228.739778718,0,3647.95162400197,0.074674647713547,70258.268092897,0,1597.20355909833,0.133309384356372,8023.47188589448,1
1280593,-111,950,257,-481,851,111,-145,914,-252,40,1068,356,-218,1009,242,126,1076,-126,-40,1000,297,-372,907,161,0,1000,-174,-43.325,1001.36,299.345,-369.265,904.795,162.955,3.44,998.16,-172.215,0,1000.94755773876,297.859806412276,-362.891366518113,904.170225647436,159.099265611196,0,997.395304932685,-169.986505487232,51.4987863934676,1001.56715700945,300.104706727502,372.051495091741,905.114669530883,164.992469525127,37.0549591822741,998.536223679442,173.296984970887,778.964195979898,417.005427135678,457.694447236181,2076.05505025126,581.48037688442,671.540678391961,1368.0767839196,754.979296482413,375.717361809045,27.9099300604623,20.4207107402186,21.3937945964754,45.5637471050314,24.1139042231742,25.9141019213856,36.987522002962,27.4768865864096,19.3834300836835,2.92932633168068,3.3657443667554,2.5762698231106,3.95982633022045,5.29562270665238,3.468883872177,5.47193946711186,3.6813967584355,3.76544886770129,0.278242025907759,0.274360508897467,0.43966971152847,0.624071247752639,0.969825206423887,0.702687957124264,0.680177115817993,-0.509282412305137,-0.0473495369431011,-40,990,287,-381,907,151,0,1009,-174,-43.8888888888889,1001.02777777778,298.827777777778,-371.361111111111,903.483333333333,161.838888888889,1.71666666666667,999.016666666667,-172.333333333333,0.967950535693639,0.967950535693639,0.967950535693639,0.967950535693639,0.967950535693639,0.967950535693639,0.967950535693639,0.967950535693639,0.967950535693639,151,118,99,263,158,131,271,162,126,627.997470597131,595.295554045441,608.255923257386,807.498,862.209,717.267,930.106756680083,2194.74625682266,1430.21789324317,657511.038,590926.437,617087.703,0,2552.21061407242,0,1289.352617269,0,1274.4704036048,6.0956470378984,8202.21710088926,0,1519.60680470131,0,1976.47295489444,5.47360815213581,4876.21945044987,0,2342.57032909362,0,738.355322361147,1
1283718,-141,941,247,-500,851,80,-233,923,-563,60,1068,356,-209,1000,252,126,1076,-116,-30,1000,287,-363,907,161,9,1000,-184,-29.02,1004.64,290.685,-355.98,910.33,166.895,13.63,996.44,-180.11,0,1004.26157863611,289.410440937447,-343.585286122133,909.401455113577,161.674087651242,0,995.679563435144,-176.559196237752,41.98118626242,1004.83076684584,291.324140777931,361.514909789347,910.801064997181,169.437436831416,43.2282315159896,996.820144258732,183.164843788321,924.884020100502,385.266733668341,373.855050251256,3991.22572864321,862.182010050251,859.400979899497,1691.35989949749,761.534070351757,1115.32452261306,30.4119058939176,19.6282126967368,19.3353316560967,63.1761484157052,29.3629359916588,29.3155416102022,41.126146178526,27.5959067680654,33.3964747033735,3.76588627520151,4.58663493154707,3.3244947403809,2.92441502790532,3.27070982711352,3.28308288251676,8.96162357453916,3.14917390453569,87.6282729007727,0.0919402000458949,0.491781705440049,0.20896232557086,0.219861193544618,0.526159610284214,0.316422557611416,-0.517993404989866,0.0593919588317455,-7.47479669006284,-40,1009,277,-372,907,161,9,980,-184,-29.0555555555556,1004.12222222222,290.594444444444,-356.688888888889,909.422222222222,166.277777777778,13.0333333333333,996.427777777778,-178.666666666667,0.943601631299382,0.943601631299382,0.943601631299382,0.943601631299382,0.943601631299382,0.943601631299382,0.943601631299382,0.943601631299382,0.943601631299382,201,127,109,291,149,172,359,153,447,628.138510728782,596.512994045342,608.412893705262,798.627,859.923,724.176,1012.84508007476,4343.00396069864,1779.09592297172,657790.227,593376.393,617441.064,0,3037.0393847895,0,1171.05184445891,0,845.886301766193,17.929646709508,17495.0939061521,0,2395.08944785153,0,2985.12319880306,2.23049307872017,5293.28804658589,0,1881.53847303835,0,1899.3102012307,1
1286843,-90,960,247,-518,842,70,-135,866,-252,40,1049,386,-227,990,242,135,1085,-87,-30,1000,297,-358.5,916,171,19,995,-184,-24.5,1003.085,294.675,-356.895,911.355,166.34,18.45,997.775,-181.11,0,1002.78942560071,292.957671097317,-342.922217133581,910.215503765947,157.479174955782,0,996.686332447438,-174.827990818915,35.9444015112229,1003.23338012648,295.578542861284,363.569615067046,911.92711605698,170.184635029135,60.3400364600486,998.315974529107,183.695236737374,695.226130653266,299.193743718593,535.999371859297,4832.98891959799,1048.37082914573,1300.3159798995,3317.10301507537,1085.26067839196,947.847135678393,26.3671411164211,17.2972178028316,23.1516602398035,69.5197016650531,32.3785550811911,36.0598943412137,57.594296723507,32.9432948927693,30.7871261354221,2.65945616734165,2.87609312407798,5.17953110828147,2.06292028306954,2.23787301711795,2.33599432381018,2.29798501529356,3.50350045872979,3.76387087934494,0.135746688024408,0.268635038259338,0.924914558085596,-0.0219395135553315,0.168661305055951,-0.239404001865939,-0.135900260189771,-0.0925414714292344,0.478436068250687,-40,1000,297,-381,916,181,0,990,-174,-24.6111111111111,1002.81666666667,293.694444444444,-356.4,910.805555555556,166.9,19.0555555555556,997.85,-182.233333333333,0.94586398334188,0.94586398334188,0.94586398334188,0.94586398334188,0.94586398334188,0.94586398334188,0.94586398334188,0.94586398334188,0.94586398334188,130,89,139,291,148,172,270,219,165,627.817127214485,597.624697232768,609.769981819,796.536,860.754,737.001,829.925386674516,5434.88528339769,3318.43266306019,657081.534,595654.044,620411.787,0,2203.77660603482,0,461.095253197587,0,1505.11930047287,21.9149731157975,20375.2686934766,0,2421.68259804248,14.0332126217359,5067.72306259426,9.14287561287237,13575.8264510212,0,1901.79594464496,0,1681.53432790241,1
1289968,-414,892,188,-700,787,60,-97,885,-252,262,1068,465,-45,1000,373,145,1123,-58,0,990,326,-363,898,202,38,1000,-165,-4.11,990.055,331.2,-360.915,902.01,200.15,37.01,999.18,-164.98,0,989.187575176974,321.989605809167,-320.107802452387,900.219059899349,171.624976033474,0,997.142374620358,-156.712708921509,85.6341637432164,990.485706610651,335.550622112372,375.315047659963,902.90175545294,212.122747483621,60.2952734465978,1000.20173965056,168.432330625685,7353.08331658292,857.318567839197,2915.35678391959,10655.0228894472,1617.628040201,4960.84170854271,2277.16572864321,2053.11316582914,1156.83376884422,85.7501213794063,29.2800028661064,53.9940439670858,103.223170312906,40.2197468937959,70.433242922236,47.7196576752518,45.3112918137316,34.0122590964526,7.43171924914475,4.0770044850254,2.48316070371242,3.68349006467452,2.62567593617286,2.30494255364971,2.88639831289528,3.10482822646873,3.11322515857284,-0.892980436066051,-0.135699219996143,-0.0452782415058854,-0.279042859438189,-0.00810670405203835,0.11375803490148,-0.357392050920857,0.16806021053884,0.247636139561683,-20,980,287,-381,898,232,19,1000,-184,-0.244444444444444,990.311111111111,331.383333333333,-359.055555555556,902.022222222222,199.388888888889,38.5444444444444,998.666666666667,-165.227777777778,0.893813711283084,0.893813711283084,0.893813711283084,0.893813711283084,0.893813711283084,0.893813711283084,0.893813711283084,0.893813711283084,0.893813711283084,676,176,277,655,213,313,242,238,194,629.385918433133,600.090911973787,609.05899922742,827.361,877.845,728.406,7491.88509351389,11890.3462046161,2465.15125090776,660593.619,600653.415,619445.094,2.32266355511281,26055.0795699671,0,2063.64209395128,0.453367076697688,6944.48044751152,2.71574568160968,42341.5557545316,1.4835751355043,5870.01010805137,0.706060297584993,18788.8032665441,0.827656953036241,9543.38449242232,3.39184747408957,7234.99496060386,0,3581.4166418312,1
1293093,-1656,607,39,-1790,620,-30,-145,809,-398,979,2343,752,563,1407,525,252,1504,-48,90,980,366,-336,898,262,58,985,-184,68.705,991.16,357.925,-332.835,895.085,253.505,60.17,991.76,-185.715,0,979.864513471611,322.371889774124,0,885.439482444077,211.76184312491,0,983.54388460826,-166.03222205029,230.135079898741,999.46671780505,367.884744179478,386.390624886267,899.882356199965,270.227154446033,103.212596130511,996.250289836846,193.795859088888,48484.1989698493,16618.6677386935,7265.20540201004,38712.1384673367,8654.36962311558,8801.93967336683,7067.74984924623,8971.60040201005,3082.18469849246,220.191278142095,128.9134117875,85.2361742572368,196.754004958823,93.028864462142,93.8186531206179,84.0699104867267,94.7185325161346,55.5174269801156,24.3428685314239,63.228191075942,6.09868392770149,19.7887798462361,7.86426561556673,3.63913093038079,2.55051468193757,8.76701242642039,3.47338255291424,-2.79249118341703,6.04511076452586,-0.227973118581165,-1.58274276426852,0.554156959685024,-0.457163969627543,0.0742149076419606,1.44741775463849,-0.203390316216685,121,980,376,-418,898,212,38,942,-155,82.9111111111111,982.127777777778,359.833333333333,-328.627777777778,894.3,256.566666666667,59.8777777777778,986.866666666667,-185.311111111111,0.850097659049962,0.850097659049962,0.850097659049962,0.850097659049962,0.850097659049962,0.850097659049962,0.850097659049962,0.850097659049962,0.850097659049962,2635,1736,713,2353,787,555,397,695,350,646.921874186522,605.66447824796,609.543585846808,897.846,895.371,756.189,48771.8969421008,39081.4214824322,9304.70516994272,712341.036,619265.211,624434.589,0.655923113964156,125976.521862711,1.18220233128961,33963.4333929849,1.01315922969448,21588.0226573849,3.77537598025899,115916.143299256,0.404492717449006,31931.7730224485,0.811157032344215,35224.5403595794,0.793632380779006,32653.3587819666,1.03134824068778,40627.2775587657,0.29354892826352,12228.3165254306,1
1296218,-1101,98,-108,-2654,435,-171,-184,733,-310,2313,2705,950,409,1407,585,378,1323,-9,161,990,346,-300,935,222,-29,995,-165,188.595,1002.04,330.635,-323.3,939.53,218.725,-8.84,997.09,-164.24,0,777.369820624113,262.833994287815,0,899.561423942369,0,0,985.320946685564,-112.929137308648,385.001097401033,1058.45882773021,355.828392627682,483.643132898628,955.84186453618,250.862482248741,110.925695850871,1002.97201855286,174.353290763323,113223.890427136,116835.103919598,17381.2480150754,130037.979899497,31072.4111557789,15167.1953517588,12287.8034170854,11823.5194974874,3441.49989949749,336.487578414324,341.8115034922,131.837961206457,360.607792344394,176.27368253877,123.155167783406,110.850364983997,108.736008283767,58.6642983380649,12.7591491081086,6.46828179136433,6.50160014156218,11.6864640894099,3.70838074679001,3.74298965767377,3.44149721226336,3.33350352442423,3.00027388739517,0.92347172277855,0.0689547142210121,0.207372329608311,-1.8861227619372,-0.419057304925522,-0.0922135052796628,0.80197154220094,0.267924513862394,0.0195902648102903,161,990,356,-300,870,252,-38,1028,-165,181.205555555556,1007.65555555556,330.672222222222,-298.377777777778,944.483333333333,219.122222222222,-14.7833333333333,995.544444444444,-164.211111111111,0.883318688359067,0.883318688359067,0.883318688359067,0.883318688359067,0.883318688359067,0.883318688359067,0.883318688359067,0.883318688359067,0.883318688359067,3414,2607,1058,3063,972,756,562,590,301,672.364325841972,639.003121385972,610.937977476384,958.878,918.435,750.066,127111.403113374,142257.581888641,15152.4211226666,837104.868,726285.801,629193.87,0.854579566650704,426427.619829965,0.162434248305158,455147.966182984,0.670475509251467,57106.967355945,0.790582789511837,446947.889140196,0.163329897124803,135445.089178379,0.766966759010719,60358.4073821818,1.01039092498321,56315.1302518251,2.56489090585925,53017.7856259541,0.494957259243939,12702.5514264204,1
1299343,-898,88,-326,-2763,555,-90,-271,780,-300,1939,2352,950,536,1583,474,398,1590,19,151,980,346,-281,916,232,-29,990,-184,236.98,961.84,327.6,-256.14,927.22,220.845,-24.355,1001.905,-169.28,125.118708120525,802.731205893075,358.282612082043,0,907.750323736526,0,0,993.980807651986,-140.746651221648,429.227317397204,1005.0769423283,366.379625525219,430.644087385395,937.321150940274,248.02823427989,125.117364901919,1006.35307173973,178.239754263744,128720.170452261,85470.8285427135,27047.5075376884,120448.874773869,18928.6548743718,12809.5386683417,15136.8733417085,8977.76479899498,3129.33829145728,358.775933490893,292.353943949305,164.461264550922,347.057451690451,137.581448147531,113.179232495815,123.032001291162,94.7510675348567,55.9404888382045,7.27921945243973,5.66945416683748,6.53204875157192,15.8963286889448,5.70425951628864,2.83717485378907,3.07661126419908,10.8291553274886,3.19289898559344,1.38525757800121,-0.0980318453219521,-0.173441195924774,-1.92381346777823,0.808224735482845,-0.539550409781088,0.553457854069869,1.81961905574761,0.681227484700355,121,970,336,-309,898,292,-9,1009,-203,215.888888888889,966.055555555556,328.194444444444,-243.95,922.638888888889,224.405555555556,-29.0055555555556,995.711111111111,-171.583333333333,0.871574563060216,0.871574563060216,0.871574563060216,0.871574563060216,0.871574563060216,0.871574563060216,0.871574563060216,0.871574563060216,0.871574563060216,2837,2264,1276,3299,1028,564,669,810,319,660.251716437816,622.550625828298,615.208373825691,954.792,890.673,763.71,134757.536327995,125935.272153699,16388.6210201276,797189.868,675325.965,636102.162,0.382837019732424,519327.776541434,0.202918358060634,316779.417909642,1.07765623276196,88844.5637992801,0.773697414473701,443093.411370735,0.446384083133744,70255.9091118214,1.91543965352145,53984.6172684221,2.52515787122081,70572.6632955767,1.99877830365437,36507.7388347191,0.546476834924717,10352.9112992276,1
1302468,-333,637,108,-1381,694,-151,-281,800,-300,747,1901,1089,36,1250,434,184,1257,-87,90,990,336,-272,925,232,0,990,-213,122.435,988.655,330.445,-283.745,929.17,222.525,-1.57,991.6,-208.73,0,975.770896766854,316.461472603033,0,925.746043831615,190.110853016917,0,987.837535250066,-200.58591537528,190.135648945694,995.890729447764,338.801793088525,322.037319265951,930.93068485253,233.022799313715,79.2337680537787,993.544639158201,212.260264769457,21267.5736432161,14431.7949497488,5620.86128140704,23313.3768592965,3291.50864321608,4806.28077889448,6307.06040201005,3879.78894472363,1493.67547738693,145.834062013016,120.132405910099,74.9724034655888,152.687186297006,57.3716710861387,69.3273451020193,79.4170032298503,62.28795184242,38.6480979789036,9.91744364718538,21.2632674641592,54.1437786668387,18.2804164986717,8.7476151924183,7.26931938875169,3.44495133618586,5.466699336583,2.78602548225222,1.83033252054764,2.40419841741491,4.81314519448716,-2.49320455850826,0.884651093578673,-1.05922283820322,-0.444683892242044,0.780941343743992,0.292348981031436,80,990,346,-300,916,232,-29,971,-223,109.05,984.411111111111,330.044444444444,-276.005555555556,926.955555555556,225.355555555556,0.577777777777778,989.072222222222,-209.561111111111,0.863644586766624,0.863644586766624,0.863644586766624,0.863644586766624,0.863644586766624,0.863644586766624,0.863644586766624,0.863644586766624,0.863644586766624,1080,1264,981,1417,556,585,465,457,213,636.836725775582,604.507767190632,610.364663559797,872.295,862.818,756.9,22925.546323255,23930.0491978893,6354.38129209703,685641.939,614783.76,623078.016,0.623580689229104,66572.1350283198,0.37715027899458,33414.5339580791,1.31844643979316,11082.225973066,1.46780980927501,73108.2271946213,0.961811152325346,10191.3815708289,1.60336779433102,17212.7428253292,2.99938875452037,29543.2233070377,3.92892650173953,16191.1948602023,0.275438390058378,5418.85439148749,1
1305593,-505,676,-29,-745,805,-10,-252,857,-300,747,1490,633,263,1101,393,126,1200,-9,90,980,346,-263,925,247,9,990,-194,111.945,983.94,338.36,-259.58,928.89,240.53,7.61,995.55,-195.75,0,977.89771998797,313.120025927583,0,926.993369502101,249.973652052781,0,993.401780700406,-174.724729878939,164.651009714487,986.980501327154,345.305893375714,286.625783906473,929.868087418855,247.139130855476,62.5873789193956,996.638219214977,198.229084647032,14651.5296231156,6022.69989949749,4772.53306532663,14846.7975879397,1827.16371859296,3239.26542713568,3878.66120603015,2178.83165829146,981.615577889447,121.04350301902,77.6060558171686,69.0835223865042,121.847435705228,42.7453356355166,56.9145449523729,62.2788985614722,46.6779568778611,31.3307449303308,15.0921619965801,15.2833394897464,13.219533955183,6.33199004073078,5.61527842971781,6.05898956272315,4.84809150177066,5.50276761056675,9.10030703459737,1.45477112832401,1.04619125769304,-1.30128129786096,0.625868278197308,0.871424465740077,-0.855218438780312,-0.918558492008334,0.486501523261077,0.759707072080285,60,980,356,-263,925,272,29,971,-194,105.972222222222,983.566666666667,341.894444444444,-263.727777777778,927.361111111111,242.505555555556,10.8277777777778,994.616666666667,-196.1,0.850869056355058,0.850869056355058,0.850869056355058,0.850869056355058,0.850869056355058,0.850869056355058,0.850869056355058,0.850869056355058,0.850869056355058,1252,814,662,1008,296,403,378,343,291,633.36082541817,601.740683210672,610.214573775822,868.335,861.744,743.442,14901.319586859,15005.7225648926,3924.04352437507,672285.975,604732.05,621899.814,2.58535645909979,36926.604046392,6.18845298132097,19734.4258080107,2.46621220860301,10106.2229413962,5.02899365295301,60728.8058046252,2.92923083695741,5989.66193394169,1.9272838807367,12155.0456497831,1.68817915832437,17795.643535232,2.37329179802464,8183.3784428972,0,2485.53266948956,1
1308718,0,843,79,-536,851,0,-106,885,-300,282,1088,613,27,1027,363,106,1076,-116,101,990,316,-290,925,196.5,19,990,-213,102.72,988.755,318.895,-291.965,927.285,196.495,12.71,988.43,-214.165,0,987.430948133092,305.403567447444,-318.048434144073,926.180454436547,0,0,987.181388874556,-209.537028324264,109.678393496623,989.390249092844,324.125862898967,301.817734734061,927.839557790031,203.489152045017,46.1527897314994,989.055266403248,216.231993469977,1485.37849246231,1262.92962311558,3380.45625628141,5879.7826884422,1033.94349246231,2811.60801507538,1978.428040201,1242.66844221105,894.09826633166,38.5406083561522,35.5377211300271,58.1416912058929,76.679741056176,32.1549917192076,53.0245982075808,44.479523830646,35.2515026943683,29.9014759891825,5.09486119777797,7.04499361365313,9.78665613449231,5.89627565668429,3.02624192862551,4.79141267231223,2.54665815778515,2.91379065736277,3.62675038135988,0.389938541932064,-0.925036983360054,0.583899414919525,0.431840355476229,0.195762353920119,-0.194107818538213,-0.242086795253864,0.120762408358963,0.344751991221312,111,990,306,-309,907,191,19,990,-223,102.116666666667,990.155555555556,318.027777777778,-293.233333333333,926.977777777778,196.944444444444,13.4055555555556,988.416666666667,-214.761111111111,0.839865739507881,0.839865739507881,0.839865739507881,0.839865739507881,0.839865739507881,0.839865739507881,0.839865739507881,0.839865739507881,0.839865739507881,282,245,534,563,176,363,212,191,184,627.950116643667,597.749695266198,607.745824592333,846.222,849.717,744.255,4198.44988550098,6083.06072808602,2312.14759104937,657587.994,596032.815,616270.005,2.81204014610686,4873.2040099494,0,4010.76615684742,1.07807957876471,13612.0649421148,5.16970284350617,23626.4618898829,0,3257.41132372625,2.66398444008464,11480.7325135481,3.61895552523766,8698.12932346827,4.00679231207481,4547.89452536573,0,3091.75373797307,1
1311843,-939,39,-287,-2763,583,-151,-310,800,-310,1080,2735,633,827,1379,505,242,1323,-58,80,990,336,-327,925,207,38,980,-203,97.27,985.84,327.285,-303.855,923.67,199.495,24.065,992.13,-200.45,0,805.617704626452,346.740271967382,-321.473178927441,913.020602354569,179.970140987136,0,984.093393436352,-189.907185723678,259.848417351347,1011.49662876354,345.796464701419,426.100404834354,928.875395303374,219.929932023815,110.837516211795,996.254565861557,204.747967022874,58351.5046231156,51502.4365829146,12522.3354522613,89682.1044974875,9691.68954773869,8613.98992462311,11764.6540452261,8242.43527638191,1750.27889447236,241.560560984436,226.94148272829,111.903241473432,299.469705475341,98.446379048387,92.8115829227318,108.464989951717,90.7878586396987,41.8363346204273,8.82177601313788,24.0249815927414,9.65152308486743,26.3662255304606,6.62744346585405,5.57007534848545,3.05955213722449,3.71497938839103,3.2757340798507,0.267208810199981,1.31586391661783,-1.3968187150177,-2.02101896880312,0.378504969920475,-0.471408800085569,-0.411080654090912,0.523855480686251,0.165792816224612,80,1000,336,-336,907,191,58,980,-203,93.3888888888889,992.272222222222,332.461111111111,-307.416666666667,922.661111111111,201.933333333333,27.0111111111111,989.377777777778,-201.044444444444,0.859208174003642,0.859208174003642,0.859208174003642,0.859208174003642,0.859208174003642,0.859208174003642,0.859208174003642,0.859208174003642,0.859208174003642,2019,2696,920,3590,796,656,552,523,252,646.663699931438,617.590018423998,611.633767039188,890.205,888.342,768.939,71989.7555163256,91481.3018197503,11784.0918808734,726133.095,655644.138,628037.907,9.09615004997422,212646.785783609,1.13222286804908,157884.854012066,7.63467814408478,45476.9322316611,2.33054409116288,300201.3174287,1.48298996954745,35389.6341519276,1.81387243061278,34479.4825748915,2.95594089278846,54586.7879632474,7.75907774668828,36249.6065063863,3.14442307474629,6021.20535156237,1
1314968,-101,803,-39,-772,777,50,-349,857,-281,474,1215,514,9,1037,434,271,1095,-87,60,990,326,-309,925,202,4.5,990,-213,65.74,992.755,321.42,-295.965,924.025,209.275,1.5,990.065,-207.545,0,990.442778864022,353.454019699905,0,922.623134845727,189.058840313475,0,988.320113023789,-200.95091157326,94.5616729970446,993.898533553602,327.650545551202,312.722696649923,924.715488677463,218.180189293162,127.729362325191,990.929419787303,210.195944299599,4643.37929648241,2283.22108040201,4064.38552763819,10251.461080402,1282.94912060302,3825.6978643216,16394.5125628141,1721.01585427136,1112.97283919598,68.1423458392974,47.783062693825,63.7525334997613,101.24949916124,35.8182791407267,61.8522260255975,128.041058113459,41.4851281096173,33.3612475665401,12.3374226505436,10.0203209809395,11.6984840727867,6.78066953034595,4.51946367428521,3.43968826868737,2.55534900996691,3.26923585971448,3.98783129107165,2.10361433338357,0.209947919536983,-1.40834770560323,-0.141003575750209,-0.23665064585572,0.398647885507914,-0.107987653461178,-0.11393219000492,0.697663757323354,60,990,287,-336,907,171,-97,971,-223,60.4277777777778,992.816666666667,323.072222222222,-297.072222222222,924.377777777778,207.988888888889,2.42222222222222,990.127777777778,-208.866666666667,0.864376343848461,0.864376343848461,0.864376343848461,0.864376343848461,0.864376343848461,0.864376343848461,0.864376343848461,0.864376343848461,0.864376343848461,575,412,553,781,260,384,620,238,194,630.081948089876,599.717261999614,612.157564786528,832.323,857.613,781.968,6721.11958105835,10473.9643185455,16406.9758647456,662478.651,600298.089,625462.944,2.33208034718794,17271.6634648068,0.57352235202517,9223.55994840564,2.0348839395393,15022.6821621434,0.998226136726058,44468.5143686716,0,3881.85470908065,1.29363635657493,15570.7269291188,6.06612178273523,77892.7646922566,4.14004375405225,6647.91377015697,0.625684789997868,4649.43150057637,1
1318093,-60,931,227,-409,851,101,-135,866,-252,121,1137,346,-72,1018,262,155,1123,-155,50,1009,277,-290,935,171,0,990,-213,47.275,1006.305,280.68,-282.49,934.545,178.555,-2.055,989.955,-211.975,0,1005.33227350452,278.883624528817,-262.344456296368,933.436994864103,173.444729490744,0,987.886397611206,-210.289199779125,58.1366923723736,1006.80894662294,281.566137878829,289.990206731193,935.099505400361,181.13327965893,61.4517290236817,990.986107369826,212.787863845662,1150.70288944724,1019.59997487437,500.731256281407,4315.29638190955,1041.93766331659,932.037160804019,3791.04721105527,2052.82711055277,347.009422110554,33.9220118720461,31.9311755949318,22.3770251883803,65.6909155204093,32.2790592074271,30.5292836601847,61.5714805007584,45.3081351475954,18.6281889111785,3.53193288288047,6.61906077646985,3.01969921477826,2.93642314429498,2.95583937013214,2.9570436587221,2.25444837277933,2.98617105430549,2.91344236659788,-0.54893673148864,1.2728877474214,0.011097192690655,0.434298668075538,0.102441495027755,0.409978905637793,-0.00487534106551508,0.0350433711835242,0.210815920692339,50,1009,267,-290,925,161,48,980,-203,48.3611111111111,1004.12777777778,280.7,-284.594444444444,934.377777777778,177.672222222222,-2.35,989.95,-212.344444444444,0.870152220122816,0.870152220122816,0.870152220122816,0.870152220122816,0.870152220122816,0.870152220122816,0.870152220122816,0.870152220122816,0.870152220122816,181,206,119,337,167,161,290,257,97,628.018565236172,597.171087568171,608.661514469376,803.376,837.354,751.959,1665.97003374301,4501.43807829637,4501.68613243877,657794.172,594788.802,618665.073,12.2741199986752,4198.01481508884,0,3114.85864941282,0,1870.91963542971,21.3693602865642,18973.2728232324,0,3791.92530593899,0,3741.77599744451,15.0619518171309,17844.3732837529,79.4195390133747,8474.37257043902,0,946.891434483764,1
1321218,-30,960,247,-400,879,141,-87,933,-233,80,1068,336,-200,981,222,77,1057,-145,30,1000,297,-300,925,191,-9,1000,-194,30.55,1001.75,298.21,-299.715,928.61,187.94,-3.57,996.75,-191.25,0,1001.41012221152,297.261773095889,-293.604672261221,928.205070556274,186.563704014895,0,996.104038492901,-189.676628215675,37.9539194286967,1001.92149393054,298.67504080522,302.677741170374,928.812010042937,188.610233020375,38.0174959722494,997.073427586956,192.022056024822,509.74623115578,345.344221105528,278.970753768844,1793.70228643216,377.103417085427,253.644623115577,1439.7840201005,648.097989949749,297.394472361809,22.5775603455241,18.5834394315349,16.7024176025162,42.3521225729261,19.4191507817779,15.9262243835624,37.9444860302587,25.4577687543459,17.2451289459316,2.54143287386839,4.26854832801473,3.12189664212731,2.40672842199398,2.38519835994027,2.70762081334509,2.11243980766,2.44518480794673,2.84758042104749,-0.205035503506668,0.552719584680407,-0.21060535645214,-0.0246086644707457,-0.0736217555358899,-0.133710724082056,0.0143461428482714,0.0973316751790387,0.0162304857977834,40,1009,297,-327,935,181,-19,980,-203,30.7222222222222,1001.18333333333,298.344444444444,-299.633333333333,928.733333333333,188.1,-3.54444444444444,996.588888888889,-191.111111111111,0.886656092427033,0.886656092427033,0.886656092427033,0.886656092427033,0.886656092427033,0.886656092427033,0.886656092427033,0.886656092427033,0.886656092427033,110,108,89,200,102,81,164,124,88,627.633743039374,596.877041378049,609.476501982049,799.326,849.759,732.012,570.096790381286,1903.86400410419,1446.28578077206,656696.376,593927.631,619483.932,0,1866.7520521183,0,1006.82000035126,0,673.731581714746,18.8773990482419,7939.82720239636,0,1309.18658679644,0,700.924824876271,25.4249647617811,6547.14261952341,0,2612.46827143787,0,737.884094387146,1
1324343,-80,950,257,-518,851,121,-126,885,-223,90,1098,356,-136,1018,232,135,1095,-145,30,1000,297,-300,935,181,0,1000,-184,28.1,1001.99,297.085,-304.715,927.97,180.82,1.215,995.695,-182.53,0,1001.53772490403,296.247151605919,-285.529168675537,927.028389476963,177.924813901528,0,993.85976859067,-180.982219950914,43.6463056855904,1002.22120811725,297.507907457936,313.744999960159,928.438479383529,182.154357620124,63.4326808514349,996.609650264335,183.298881611427,1120.99497487437,465.718492462312,252.721381909548,5612.75756281408,874.059396984924,486.771457286432,4042.4409798995,1831.41907035176,282.692562814071,33.4812630418025,21.5805118674769,15.897213023343,74.9183392956229,29.5644955476146,22.0628977536141,63.5801932986956,42.7950823150483,16.8134637363653,3.17053835327901,6.76514327255391,3.99511087253068,2.79908916356163,2.8007157579739,2.87984026010427,1.98448635334075,2.48447605445329,2.51582875884587,-0.553416400406923,1.14181650718338,0.340594940934292,-0.27917390481299,-0.0913010059963333,-0.387252705373609,-0.099927900428334,-0.000522658789828597,-0.0939593396829439,40,1000,297,-236,944,181,-29,1000,-184,29.4444444444444,1000.9,296.761111111111,-303.538888888889,928.033333333333,181.633333333333,1.72777777777778,995.488888888889,-182.477777777778,0.888633284288678,0.888633284288678,0.888633284288678,0.888633284288678,0.888633284288678,0.888633284288678,0.888633284288678,0.888633284288678,0.888633284288678,170,148,99,382,167,111,261,210,78,627.709835751305,597.97422558708,608.67298518588,801.465,848.103,739.626,1183.53520425065,6277.57698192696,4093.0605680644,656917.983,596168.487,618511.788,14.5600586894359,4507.65446516441,0,1492.77952694143,0,569.118067518416,11.3971237432403,25234.2743630383,0,3508.64822066822,0,1710.23816895538,20.2903111375986,18889.7616966091,20.2964732759213,8231.15532958502,0,829.203172031871,1
1327468,-80,950,237,-481,861,141,-165,885,-203,121,1078,356,-109,1000,262,165,1114,-126,40,1000,306,-281,935,191,9,990,-174,41.1,999.42,306.065,-290.115,929.67,196.555,5.65,998.885,-175.19,0,998.902672555785,305.030224767255,-257.127712098081,928.182415950322,193.111352723998,0,995.384613529792,-173.715794625965,58.6186830285362,999.683129796637,306.565237755359,305.400728551849,930.409769940105,198.227306393443,84.6908495647552,1000.64597885566,175.896759492607,1755.71859296483,528.666934673367,308.000778894472,9148.63494974874,1382.94582914573,663.514547738693,7176.5,3538.82590452261,249.380804020101,41.9012958387307,22.9927583093757,17.549950965586,95.6484968504406,37.1879796324798,25.758776130451,84.7142254878129,59.4880316073966,15.7917954653706,2.1391882849726,4.11233462636615,3.88542012344339,1.86796138674319,1.86564736986173,2.42841441600109,1.79193001176856,1.76969063533155,2.88319013846116,-0.325111490732682,0.81346427210922,-0.399959292411149,-0.175308647142834,-0.0912357615354883,0.00555647150550764,-0.112244259551125,0.162693710911101,0.258413434886842,90,1000,316,-209,962,181,67,933,-174,41.9444444444444,998.372222222222,306.294444444444,-289.322222222222,929.961111111111,196.616666666667,6.22777777777778,998.288888888889,-175.594444444444,0.887976319515135,0.887976319515135,0.887976319515135,0.887976319515135,0.887976319515135,0.887976319515135,0.887976319515135,0.887976319515135,0.887976319515135,201,128,119,372,139,121,330,229,77,628.243330787438,599.332849073733,610.732078908157,812.631,849.804,748.857,1780.73092678049,10313.6972003817,7201.39047207534,658070.853,598935.606,623642.751,38.2734174396589,7199.46683446725,0,1631.62445920626,0,751.396851112344,57.1493050445839,40872.4388481917,52.6183999544072,5898.19572471209,0,2285.38350145181,57.8531015614903,33963.3223735054,83.8526310063729,16222.0529081395,0,508.137072806625,1
1330593,-50,950,277,-509,842,161,-97,914,-213,101,1039,356,-145,981,252,106,1085,-126,50,990,316,-281,930,202,9,1000,-174,40.365,995.08,318.705,-293.17,926.485,205,7.785,999.33,-169.94,0,994.800669287989,317.921665006826,-272.487917501966,925.372953469953,203.534132787684,0,997.702177907152,-168.117651275593,52.2734636311771,995.219407969921,319.087158939372,303.779097371758,927.034894165263,205.719469180727,40.8622686594859,1000.14509947307,170.816743909957,1108.72540201005,278.857889447236,244.962788944723,6364.91567839196,1024.36158291457,296.984924623116,1617.20479899498,1637.96090452261,300.257688442211,33.2975284669906,16.6990385785301,15.6512871338022,79.7804216483716,32.0056492343863,17.2332505530186,40.2144849400682,40.4717296952158,17.3279453035324,2.48635889709992,3.08419991942798,2.88706781696834,2.24136024074398,2.13606439515496,2.72030714524981,2.80192098732177,2.02187903094463,2.64454902191029,-0.470461687418492,-0.0708951875391748,-0.397073948231718,-0.438824681617724,-0.274282258266329,-0.0565193247609274,-0.184230973791257,0.087280036188347,0.178194361520508,70,990,326,-218,953,212,19,1009,-174,41.5,995.2,319.116666666667,-290.461111111111,927.2,205.111111111111,8.21666666666667,999.088888888889,-170.188888888889,0.865105923420991,0.865105923420991,0.865105923420991,0.865105923420991,0.865105923420991,0.865105923420991,0.865105923420991,0.865105923420991,0.865105923420991,151,89,79,364,139,91,203,171,87,627.79983004285,598.120774740347,608.772073121887,815.31,854.793,721.413,1122.77152568628,7203.76565387306,1807.60282661046,657006.48,596397.561,618682.983,20.0739369778765,4445.95459163838,0,745.963943403088,0,599.741038880753,25.4363135827463,28599.2566080922,24.4149289719516,4406.01033293045,0,700.070648743204,15.4305542934932,7405.6595698424,37.2438406498839,7321.2443408297,0,810.545884150005,1
1333718,-30,950,277,-481,870,141,-126,904,-252,121,1039,366,-145,1000,252,135,1095,-48,40,1000,316,-304.5,925,202,14,1000,-174,42.06,996.77,317.79,-296.02,924.785,202.455,8.875,999.09,-170.635,0,996.537008203908,316.893937090057,-279.465173511648,923.962948050539,200.134453705998,0,997.657537988775,-165.479050660464,52.9439326079958,996.886543193357,318.238464048581,303.487215546224,925.197057388317,203.56697914937,63.3889185899239,999.805246035447,172.686493391927,1039.21246231156,233.514673366834,286.669246231156,4499.14532663317,766.129422110553,453.75675879397,3959.18530150754,1436.88633165829,707.86108040201,32.2368184272511,15.281186909623,16.9313096431185,67.0756686633325,27.6790430129106,21.3015670501954,62.922057352788,37.9062835379346,26.6056588041343,2.66894312105581,3.21956209933998,3.11117635228624,2.52297832904935,2.46551095377253,2.78466089686394,1.95202655944142,2.57723115063831,4.69638042383739,0.23114002537301,0.06419650111643,0.142586882668265,0.016474978324936,0.134453512599253,-0.170792693306073,-0.148945088207558,0.0326452359099424,0.230202498676418,30,1000,316,-309,916,212,58,990,-174,41.6222222222222,996.633333333333,317.766666666667,-296.183333333333,924.5,202.727777777778,9.55,998.933333333333,-170.655555555556,0.859953049717752,0.859953049717752,0.859953049717752,0.859953049717752,0.859953049717752,0.859953049717752,0.859953049717752,0.859953049717752,0.859953049717752,151,89,89,336,130,111,261,191,204,628.619164030344,596.781179236323,609.495846072935,815.352,853.956,734.838,1068.76256207975,5067.17384871184,4500.86617950859,658716.936,593720.16,620069.586,25.5887507817143,4333.90221741686,0,453.352698534808,0,668.5144875052,43.3390482699861,20335.4485418591,0,3084.35532491582,0,1505.11858826248,33.9003689295773,18186.4951693789,16.4841615984985,4557.31103879488,0,1326.75769061325,1
1336843,-40,960,257,-390,870,141,-165,904,-300,111,1058,415,-163,990,282,252,1085,-19,60,990,306,-281,925,191,24,1000,-203,60.125,994.8,310.825,-282.845,929.61,198.945,25.03,994.98,-194.53,0,994.515972708216,308.259756617116,-277.646110527298,929.240104427763,195.160480640756,0,993.747100613438,-174.710947663465,63.8053681127223,994.942415419104,312.135763731105,285.349706500638,929.794025577708,200.927437150828,87.4038900736117,995.591366977436,199.982024192176,458.401381909548,284.793969849246,820.657663316583,1430.31253768844,343.897386934673,796.705502512563,7048.18,1223.08502512563,2161.6975879397,21.4103101777986,16.875839826487,28.6471231246103,37.819472995911,18.5444705218206,28.2259721269713,83.953439476891,34.9726325163781,46.494059705942,5.61766706579418,3.10145124911953,2.8595475992642,3.65773956268958,3.55591029419299,2.94028275710973,2.23302234260975,2.87370028965276,3.50233380810408,-0.991106556571366,0.205654492999617,0.406193665986914,-0.140224490922372,-0.195196819512739,0.590407438140229,0.0401756909415142,-0.161013247473974,0.569069739038459,70,990,287,-281,925,181,77,1000,-203,61.2222222222222,994.561111111111,309.977777777778,-282.555555555556,929.938888888889,197.883333333333,24.6777777777778,995.372222222222,-195.916666666667,0.840666318896267,0.840666318896267,0.840666318896267,0.840666318896267,0.840666318896267,0.840666318896267,0.840666318896267,0.840666318896267,0.840666318896267,151,98,158,227,120,141,417,181,281,626.767015247607,595.819055082261,611.059045081563,819.81,846.84,757.272,906.590755022979,1585.2275452017,7121.28211433026,654846.162,591787.932,623300.652,0,1389.84106563147,0,669.559454033785,0,2152.60106307587,9.77790071174204,5891.99069136162,0,1043.04298116186,0,2168.54794388824,40.9296929627676,31943.2764615026,0,1810.59487563038,2.83292255475323,5047.17244137192,1
1339968,-60,941,237,-490,842,131,-174,866,-291,161,1068,326,-72,1009,242,194,1114,-87,50,1000,287,-276.5,935,181,19,990,-203,50.765,1003.27,291.775,-283.06,933.99,182.68,19.76,991.76,-202.435,0,1002.70989569172,290.851746191757,-257.959835460784,933.124319501488,180.45764690136,0,989.682077295805,-192.237319838971,63.721385735089,1003.55162298708,292.225298357278,294.026648452143,934.419081568864,183.774018838355,90.0313834171174,992.785137882311,206.291335251871,1490.78369346734,568.007135678391,264.295854271356,6360.50894472361,805.728542713567,402.922211055277,7753.96221105527,2044.65567839196,1584.10630653266,38.6106681302893,23.8329002783629,16.2571785458411,79.7527989773626,28.3853578929977,20.0729223347094,88.0565852793263,45.2178690164846,39.8008329879246,2.77232800372529,3.23487542023896,3.27116920555489,2.49248494317701,2.92364421842368,2.97910070281673,1.96667897770635,3.25124797390177,3.67701197286276,-0.0646716196694046,0.293487460480058,-0.300211027303663,-0.141056497426841,-0.221090429799,0.106065559172807,-0.0676957057765073,-0.179524509487647,0.723263793192408,70,1000,287,-318,925,181,-87,1000,-194,50.85,1002.88888888889,292.194444444444,-282.488888888889,934.383333333333,182.588888888889,20.7722222222222,992.172222222222,-204.161111111111,0.864376343848461,0.864376343848461,0.864376343848461,0.864376343848461,0.864376343848461,0.864376343848461,0.864376343848461,0.864376343848461,0.864376343848461,221,127,89,418,167,111,368,248,204,628.180159882918,597.866943788935,610.055397615931,809.466,839.838,762.753,1689.0215116875,6712.31649419597,7766.22102682873,657943.14,596018.148,621770.457,17.1057358835421,6335.06596235604,0,1619.11140384666,0,713.813765291058,22.3249069084203,29742.8623363539,0,2915.34313803067,0,1007.86270604909,48.3477819708361,36526.8466045733,20.9065092863882,5714.52966873503,0,3255.71009973929,1
1343093,-60,931,247,-572,833,141,-116,904,-300,131,1098,386,-109,1000,282,203,1123,-67,60,1000,306,-272,935,191,29,990,-213,59.355,997.76,307.025,-276.395,932.33,198.045,30.905,993.915,-202.415,0,997.132756136968,305.393629067998,-255.271408653429,931.366136314686,195.501636803711,0,992.102867664607,-191.198359446924,67.9617907356774,998.077036104929,307.859748911741,285.62255688233,932.80256753506,199.315792149042,82.4966362950636,994.818498521213,206.645578225134,1101.29545226131,635.932060301508,515.853643216081,5212.10952261306,885.830251256281,507.500477386934,5879.97585427135,1805.84701005025,1739.25907035176,33.1857718346479,25.2176933977219,22.7124116556583,72.1949411151021,29.7629005853979,22.5277712476608,76.6810006081777,42.4952586772954,41.7044250691909,4.16189590407966,4.4439703230924,4.13029094727454,4.45657125717308,3.77812020412695,3.15952598586544,2.03624029839135,2.78746610681172,3.43078217359443,-0.879672676956019,0.516566854050832,0.534451538677017,-0.381116710475794,-0.520215956095293,0.250047679182045,0.105332220504282,0.0194963838174275,0.578392240275958,60,1009,297,-263,944,191,-9,990,-223,61.2833333333333,996.855555555556,306.25,-275.616666666667,933.3,197.827777777778,30.6666666666667,993.827777777778,-203.811111111111,0.848548178294616,0.848548178294616,0.848548178294616,0.848548178294616,0.848548178294616,0.848548178294616,0.848548178294616,0.848548178294616,0.848548178294616,191,167,139,463,167,141,319,219,233,627.882861052248,597.30766283572,611.021048734796,820.224,844.062,758.343,1185.31742065725,5681.4681265,6065.81413392364,657332.52,594856.596,623503.161,8.33398880580507,4252.06994565318,0,1911.65624292536,0,1775.30291048029,16.971935853792,23658.5319105229,0,3457.92386944996,0,1733.03590419777,23.5051365966833,27224.3799800424,11.067148299254,6071.05326387876,0,4072.85625969867,1
1346218,-111,941,277,-463,861,161,-87,923,-213,131,1098,366,-145,1009,252,97,1114,-106,50,990,316,-272,935,212,29,1000,-165,47.37,993.94,319.025,-285.6,928.785,206.13,24.01,998.88,-167.175,0,993.374878489483,318.040128301762,-268.665333308973,927.754205631646,204.643433225771,0,997.338493322881,-164.124337597327,58.9676182323824,994.228233354897,319.515375216906,293.962259482404,929.297382434708,206.847987662438,39.9045110231913,999.658481682619,168.544460009815,1239.46040201005,575.93608040201,314.697864321609,4870.8040201005,956.832939698494,298.003115577889,1020.99487437186,1563.64381909548,462.064698492462,35.2059711130093,23.9986683047625,17.739725598825,69.7911457141986,30.9327163323639,17.2627667416868,31.9530104117258,39.5429363995073,21.4956902306593,4.20128350021262,5.10846692163313,2.51375399450992,2.35454877417952,2.52249103209168,3.15004783324289,3.2050037397463,2.40338399849539,3.41359179413121,-0.526961054209549,0.915936609681319,0.0229731850562523,-0.328165083616221,-0.117956304894341,-0.210732359115063,-0.308331836636701,0.314453878249318,0.448989803826129,20,980,316,-245,944,212,29,980,-165,48.25,992.572222222222,319.138888888889,-284.255555555556,929.088888888889,206.311111111111,24.5611111111111,997.916666666667,-167.916666666667,0.830081255590645,0.830081255590645,0.830081255590645,0.830081255590645,0.830081255590645,0.830081255590645,0.830081255590645,0.830081255590645,0.830081255590645,242,157,89,318,148,91,184,191,107,627.462907429109,597.704791407761,608.25273070786,818.187,852.309,719.403,1253.0083426764,5388.89976119978,1722.92617590472,656434.221,595676.115,617590.011,9.63578874650009,4635.15036392597,0,1453.72188316053,0,839.733051385227,12.464288927288,22040.433928221,0,3916.69287325339,0,834.008746583175,1.84494382763101,4382.59740322125,25.2399826670457,6520.51187877659,0,1357.1637164423,1
1349343,10,774,138,-472,759,60,-87,790,-271,272,1166,425,-63,1101,292,155,1219,-77,80,990,316,-272,935,202,38,1000,-194,97.05,992.51,311.21,-268.895,934.645,196.75,41.315,995.115,-188.995,66.7527572728867,990.203488980767,305.543050835698,-241.969799689342,933.031156175989,188.171700472129,0,992.952243868464,-177.36259047827,111.737862875571,993.654034360048,313.563900983516,278.738255357961,935.445367191478,200.080533785773,65.6558070546696,996.192795095407,194.008981750846,3082.05778894473,2283.65819095477,1478.04613065327,5417.58188442211,1504.28037688442,1328.29899497487,2616.83997487437,2157.00680904523,1930.02510050251,55.5162839979832,47.7876363817544,38.445365528933,73.6042246370554,38.7850535243207,36.445836455964,51.155058155322,46.4435873834615,43.9320509480551,2.78598440146345,7.2200332265199,5.13740754590985,3.23183648235275,8.23413109204414,4.02410481518747,2.46039506547977,7.88019034319432,2.22393196758942,0.762166300746299,0.15589637038885,-0.751765829421045,0.220527889821166,0.127645423214621,-0.36150367074835,-0.10569778361939,0.25616315116064,0.20652431929576,60,990,316,-300,916,191,38,1009,-194,94,991.9,312.777777777778,-269.422222222222,934.061111111111,197.4,41.5388888888889,994.627777777778,-189.772222222222,0.811278124459133,0.811278124459133,0.811278124459133,0.811278124459133,0.811278124459133,0.811278124459133,0.811278124459133,0.811278124459133,0.811278124459133,262,392,287,409,342,232,242,429,194,628.333168525228,597.305279695286,609.586971461705,840.462,840.174,743.163,3836.07288441839,5499.27472358737,2878.4322522057,658893.606,595671.162,620610.153,0.822809219245095,8996.35101979727,47.8225148550723,8128.33002416914,0,3998.53921342374,4.94609697764963,19446.3564572601,5.67458328736235,4458.20099827952,2.01302067613963,4405.8846102861,14.0963965030881,11202.5555160686,9.84074105888169,7979.25444329211,0.996949900721301,5920.46622083565,1
1352468,-767,558,-99,-981,648,-181,-213,800,-320,868,1352,524,409,1240,373,242,1238,-58,101,1000,316,-300,935,202,29,990,-194,109.4,1000.28,308.165,-309.96,922.415,188.825,23.915,991.77,-186.035,0,981.471907217643,246.365754531017,-271.935889277109,914.759935149688,0,0,984.618338226525,-163.440005713472,250.225618192862,1007.92597942508,321.715907284673,373.358152448825,926.078946418716,206.879107209984,91.3874444330292,995.388989290117,195.221118222389,50898.9949748744,15431.8609045226,8578.34952261306,43538.8024120603,6806.81685929649,7179.98429648241,7818.83193467336,7227.64532663317,3519.86309045226,225.6080560948,124.225041374606,92.6193798436,208.659537074298,82.503435439359,84.7347879945563,88.4241592251425,85.0155593208277,59.3284340805677,7.41635628315693,6.34150074836414,5.22094071072945,4.44520255309221,4.34168810971915,5.38782573484218,2.92978495646236,3.05625410915636,2.02976558133857,0.171076526546776,-0.870538090108073,-0.882255841480134,-0.181370418031051,-0.160461816392497,-1.0185565051664,-0.275996574791889,0.322303116094646,0.166309104035455,121,990,356,-236,935,212,19,971,-213,105.911111111111,1006.20555555556,312.494444444444,-308.238888888889,923.366666666667,193.983333333333,25.2222222222222,989.411111111111,-186.433333333333,0.861436225099467,0.861436225099467,0.861436225099467,0.861436225099467,0.861436225099467,0.861436225099467,0.861436225099467,0.861436225099467,0.861436225099467,1635,794,623,1390,592,554,455,438,262,647.336990885512,608.944422233294,609.058781336379,888.621,865.638,750.966,52598.4447908182,43901.9660902892,8831.9155685364,709217.259,623890.494,622357.314,1.29778068862405,201809.08332037,0.986152921620911,61707.0875419063,0.779684029606036,23653.9512734984,2.12266776501942,171612.294713422,0.381348421921995,28478.2156598808,1.44581272784089,26151.6607232698,0.926197950906304,36071.9575407664,1.66466670722994,31149.7068564713,0.307101405331416,13074.9420269988,2
1355593,-444,333,9,-909,740,-50,-194,771,-291,1303,1401,564,327,1138,474,252,1247,-58,141,990,346,-272,935,232,0,990,-174,190.185,985.765,326.71,-250.04,939.975,216.805,-2.29,997.615,-175.545,0,929.083445743406,240.59556577361,0,931.910317522175,0,0,989.95559569946,-162.248076766263,346.018272638888,1004.02606788868,341.431076500075,333.631218563251,944.001347986326,240.560855086608,88.7579855562304,1001.39362640272,181.278749444054,83978.2017839196,36518.301281407,9885.18180904524,49034.9632160804,7623.66268844221,10919.7155527638,7912.29738693468,7591.46409547739,2056.21907035176,289.789926988361,191.097622385542,99.4242516142075,221.438395984257,87.3135882233814,104.497442804902,88.9510954791153,87.1290083466889,45.345551825419,6.01885606886009,5.364469692653,3.80967145931924,3.42507608164431,2.54616206148439,2.6973356660206,2.5073440087537,2.93202640381527,2.5867750214708,1.24591763605711,-0.997756680207367,-0.477463539914204,-0.0215500020013797,0.150789975557464,-0.478813743248096,0.227651965042211,0.0429552297337079,-0.0216126233372985,141,970,366,-281,861,303,9,952,-135,171.577777777778,996.7,328.85,-248.627777777778,939.322222222222,218.977777777778,-3.73888888888889,997.677777777778,-175.305555555556,0.866558560097376,0.866558560097376,0.866558560097376,0.866558560097376,0.866558560097376,0.866558560097376,0.866558560097376,0.866558560097376,0.866558560097376,1747,1068,555,1236,398,524,446,476,233,656.83061324773,614.408696543369,610.666693531921,936.246,864.006,748.128,92230.8305444248,50655.9135505838,8097.81355774228,746623.302,636190.716,626117.496,0.488631564907137,347157.212671315,0.41126263456266,153819.378821562,1.42118343808668,39798.990946219,0.440485806644283,196041.34334051,0.386577331315263,32192.1196727425,0.847605487243013,48667.5778761462,0.737812520911572,36441.5499555835,1.90745580928899,34399.0908247759,0.322343535073815,8359.72409831835,1
1358718,-454,480,-9,-1045,777,10,-233,800,-291,969,1411,584,172,1185,373,310,1228,-38,131,990,346,-281,925,212,-19,1000,-194,190.9,1001.93,332.105,-281.095,933.355,204.86,-6.77,997.015,-190.165,0,973.598624866132,349.376271851566,0,928.233478823661,146.779852564858,0,992.361111195618,-172.643021402803,319.890637562277,1013.3916468967,343.120598332423,346.427647568724,936.026877285049,219.565388893605,92.8595175520528,999.338493704711,196.454460371863,66218.3015075376,23214.98,7475.39092964824,41203.7346482411,5019.85826633166,6272.70391959799,8620.15788944724,4661.82389447236,2443.84701005025,257.329169562134,152.364628441118,86.4603431039239,202.987030739013,70.8509581186568,79.2004035317876,92.8448053982948,68.2775504428239,49.4352810252987,4.49917733926047,5.16357115111304,4.87601043984737,3.52679884535055,3.71999354390887,2.36951781062657,3.77988077128065,3.81453771317184,2.83309537359678,1.09860875565645,-0.563226870261563,-0.328296913369516,-0.143279284303265,0.748793563384102,-0.087119234130947,0.657681209745627,0.185323579545118,0.325727236890571,131,990,366,-327,925,242,-67,971,-194,178.616666666667,1007.15,332.194444444444,-279.9,930.266666666667,205.122222222222,-10.5388888888889,996.322222222222,-191.238888888889,0.873691936839469,0.873691936839469,0.873691936839469,0.873691936839469,0.873691936839469,0.873691936839469,0.873691936839469,0.873691936839469,0.873691936839469,1423,931,593,1217,408,363,543,428,253,660.700572256469,610.866541518244,612.233443002504,934.827,861.192,756.318,71460.4859111508,41660.9876182107,9157.61825272564,748214.637,626620.434,627536.802,0.498628335194523,275631.989104069,0.238844084789594,100009.389395638,1.1891011968584,31162.2350738733,0.571864412472084,159139.681198828,0.484399452200437,21360.6058963932,0.50947064735345,27587.8476969175,1.56234912520866,39974.9170932007,1.49122432892967,19126.5669037879,0.703682785660586,9633.18295139194,1
1361843,-363,627,-227,-872,750,-131,-242,733,-310,1272,1539,653,172,1138,434,339,1380,-87,151,985,356,-254,925,242,0,990,-194,179.635,994.395,337.265,-255.735,937.345,221.49,-7.53,990.825,-194.615,0,969.779811679438,0,0,931.224831475795,176.537096994647,0,982.75471021881,-181.491389511461,312.832950630205,1005.80634070382,351.842329744447,329.984840560896,940.451032749712,245.752151567387,101.729789147526,994.91860219819,200.484201372577,65925.348517588,22939.677361809,10095.8238944724,43708.1455025126,5861.805,11393.2662311558,10343.9689447236,8169.69283919598,2330.56962311558,256.759320215621,151.458500460717,100.477977161527,209.064931307268,76.5624255101679,106.739244100545,101.705304407998,90.3863531690265,48.2759735594797,7.870872782255,4.21229495278328,7.90276533057437,3.15991226951292,2.8296517056615,3.5318506003514,3.15514631870627,5.09054897857362,2.38269838601634,1.73407342936086,0.0266603464699462,-0.890667512650013,-0.532213656784183,0.345638344709022,-0.899773462509087,0.198233217664933,0.510025066930715,-0.00288356269573324,181,970,376,-236,907,252,0,961,-233,158.072222222222,993.877777777778,338.766666666667,-247.377777777778,935.883333333333,226.766666666667,-9.66111111111111,989.272222222222,-194.611111111111,0.874393433485705,0.874393433485705,0.874393433485705,0.874393433485705,0.874393433485705,0.874393433485705,0.874393433485705,0.874393433485705,0.874393433485705,1635,912,880,1044,388,565,581,647,223,656.905982498991,613.099371791992,609.601092622357,932.421,857.88,759.648,70854.6205365961,45969.6566601401,12704.3418789381,739982.325,632239.356,624243.534,0.635789769615975,279037.121602613,0.310338716327556,95378.478765058,2.31484717533029,35486.4084430242,0.780509084193731,196269.398965467,0.596713582852893,23178.6030296714,1.46123058171859,51389.1583939409,1.72987151121299,48558.7875547091,2.90311979484498,36362.1017388108,0.660682058356939,9301.43203886106,1
1364968,-535,107,-287,-900,722,30,-262,752,-349,1757,1490,594,536,1185,464,252,1209,-9,151,990,356,-272,935,247,-9,990,-184,205.025,1012.07,340.345,-274.605,936.035,236.21,-2.75,996.08,-181.91,337.710793285424,922.579858653432,334.239315854208,0,929.537622904254,178.168163507582,0,989.782415079951,-153.857420575733,386.998481909167,1029.67643461429,360.894728418136,363.577178876783,939.319554251906,253.050903969933,90.6037526816633,999.198288629439,188.967166460208,108273.944095477,36128.5176884422,14482.6994723618,57065.7879145729,6190.6570603015,8281.00090452261,8242.69095477387,6253.11919597989,2630.4943718593,329.050063205399,190.075031733372,120.344087816402,238.884465620042,78.6807286462289,91.0000049699043,90.7892667377255,79.0766665709923,51.288345380401,7.768875313835,8.52836801309588,12.3679101342228,4.82224050961693,3.82553874692433,2.66685663030941,3.17050267793226,3.76412540845455,3.1420842112655,1.74563104220373,-1.18871686104287,-2.33359685947488,0.321949874920788,0.373750305864068,-0.27684701559449,0.2751807075751,0.127957744870688,0.0890098545034575,141,960,366,-227,935,282,-38,990,-223,179.933333333333,1021.52777777778,351.127777777778,-279.105555555556,934.122222222222,236.811111111111,-4.68333333333333,995.55,-182.277777777778,0.877868813155833,0.877868813155833,0.877868813155833,0.877868813155833,0.877868813155833,0.877868813155833,0.877868813155833,0.877868813155833,0.877868813155833,2292,1383,881,1436,463,434,514,457,340,680.046201105982,619.93581360192,610.789352147883,972.438,893.706,749.742,116773.847324446,58446.8217297015,9010.02740386114,804147.834,647126.61,625388.91,0.768065173772738,465834.31384348,0.528257420605119,159044.647911488,3.45466590584574,52800.5305244276,0.622006719198019,232559.895592443,0.76721709966816,25129.5815906679,1.15654473421036,34858.7288818113,1.55361087914465,37927.9752546434,2.57689011647233,27613.6826593507,0.634785949353895,9800.61343665729,1
1368093,-1020,539,-39,-1800,777,-101,-271,733,-330,2333,1676,722,436,1277,444,223,1257,-58,196.5,980,306,-204.5,944,222,14,990,-213,222.425,966.17,303.33,-196.64,943.12,219.965,5.98,989.355,-206.17,303.98672408563,942.879792774663,0,-524.851342703184,938.08244692242,184.445270459277,0,981.976182208096,-190.756357693593,393.122239258987,977.276982231752,320.563613031798,314.688449104825,945.735190209183,233.313319379756,90.5609739346922,993.057030084375,212.247355696131,105600.215452261,21694.3026130653,10805.9709547739,60664.8546733668,4964.53829145729,6080.90831658292,8206.5624120603,7375.82811557788,2555.64934673367,324.96186768952,147.289859165746,103.951772254127,246.302364327602,70.4594797841801,77.9801789981462,90.5900789935648,85.88264152655,50.5534306129037,14.1673897469035,7.70733965701615,5.17643847560724,11.5465203502977,5.39969011238343,3.81553952936835,2.95987205427463,3.71180127374298,2.80761538458068,1.94468748186413,0.567272320224789,0.119752851467167,-1.25170025773974,0.786042483760879,-0.529256608396886,-0.329669435243991,0.286271587301219,0.258197514418409,212,980,356,-172,953,262,29,990,-242,200.683333333333,965.077777777778,302.577777777778,-191.672222222222,940.5,222.294444444444,7.71666666666667,987.372222222222,-207.072222222222,0.838257782681785,0.838257782681785,0.838257782681785,0.838257782681785,0.838257782681785,0.838257782681785,0.838257782681785,0.838257782681785,0.838257782681785,3353,1137,761,2236,500,545,494,524,272,646.165947950206,610.264988911039,609.568890251539,926.595,847.989,760.947,111711.359687521,60921.9296586983,8788.41111308483,727425.855,628727.385,623647.497,1.0334560585029,318123.747878263,1.02361924434608,70667.4887966816,3.21763064252385,34646.459728538,1.37787673307241,212149.378922862,1.41875678545865,15327.8181603974,0.89420915240463,24439.1846618617,2.81150363752563,37993.0504150793,4.77395414948509,29527.5312388752,0.618960361902607,9826.15288164515,1
1371218,-777,352,-287,-909,750,-10,-271,714,-339,1626,1539,871,609,1157,464,242,1200,-87,202,1000,316,-213.5,944,232,19,990,-213,222.67,976.35,306.235,-199.84,949.45,229.645,15.06,990.395,-207.175,326.79075841624,936.321794933189,0,0,944.517798894716,0,0,983.305159271407,-194.381547029389,384.552779212425,990.816325057273,334.942047226084,326.883985536153,951.927791379157,246.594616729563,95.5761999663096,993.776763161627,212.853177096326,98792.8754773869,28600.6708542713,18498.7937437186,67253.3813065327,4734.89195979899,8112.64218592965,8952.77025125628,6743.71756281406,2396.97927135678,314.313339642763,169.117328663479,136.010270728789,259.332568927493,68.8105512243507,90.0702069828289,94.6190797421761,82.1201410301642,48.9589549659384,10.3796434461051,5.40297007921601,8.4224632887291,3.1731694269406,2.98366329338653,2.86080545212371,3.19394005955676,3.80689062776496,2.84397781424255,1.65986801460068,-0.811478061855858,-0.272900149167272,0.375259629118529,0.224799716704533,-0.137610355134569,-0.232890253903421,-0.2939132985478,-0.0291929663086101,202,1019,297,-318,935,232,19,971,-213,201.172222222222,984.283333333333,306.5,-207.694444444444,948.861111111111,230.522222222222,16.6333333333333,992.027777777778,-206.744444444444,0.835828807603321,0.835828807603321,0.835828807603321,0.835828807603321,0.835828807603321,0.835828807603321,0.835828807603321,0.835828807603321,0.835828807603321,2403,1187,1158,1518,407,474,513,486,252,654.197918592169,619.758515453413,610.449144034325,940.017,870.249,763.29,108495.183270865,68917.1650446648,10638.91675615,745070.403,644297.139,625220.124,3.72995320373002,381678.761627286,2.05131591758156,117287.372503882,5.50384080169714,74129.2910835372,1.99281238765388,277072.607575439,2.17690534287834,15631.3685234712,1.92151473396473,32675.7816590385,2.90134647077355,40763.8817577124,3.72501976624698,27094.0393308138,0.665706242272523,9606.29050256284,2
1374343,-929,568,-297,-863,759,-10,-203,790,-320,2050,1490,643,354,1148,404,242,1323,-77,171,980,346,-236,935,252,0,990,-184,230.87,992.825,333.88,-232.57,940.985,235.565,0.53,992.72,-188.325,191.951897152226,976.320979784879,393.692314218719,0,935.587873444561,0,0,984.778563292529,-174.98747230126,418.416921263947,1000.69256267847,355.63405348757,313.676329996383,943.660540130825,249.365023609968,73.756830192193,996.678463698298,194.182504361232,122383.681507538,15762.9390703518,15075.1011055276,44526.668442211,5067.78369346734,6725.67414572865,5467.1247236181,7914.53427135679,2251.79836683417,349.833791260275,125.55054388712,122.780703310934,211.013431899988,71.1883676836837,82.0102075703302,73.9400075981745,88.9636682660781,47.4531175670701,10.8049780945924,6.18477112999566,12.6202752085555,3.7231721825551,3.1507789635446,3.15800682282806,3.220925727198,4.2460311496813,2.65354288420568,2.00168714387634,0.34929021255531,-2.08406413706837,-0.170976996218537,0.0701728833305202,-0.610213278683318,0.0589079616147352,0.256234542264159,-0.0206110626015273,191,980,386,-263,953,252,9,990,-184,202.366666666667,992.088888888889,341.15,-230.938888888889,941.305555555556,238.561111111111,0.316666666666667,990.894444444444,-188.322222222222,0.859208174003642,0.859208174003642,0.859208174003642,0.859208174003642,0.859208174003642,0.859208174003642,0.859208174003642,0.859208174003642,0.859208174003642,2979,922,940,1217,389,414,445,533,243,672.557589812685,612.5535295629,608.579005229923,967.737,862.23,743.997,125373.500840143,45192.9406617828,8140.46654539736,781760.343,630642.582,621908.925,0.80713176566882,437003.837830862,0.639027752482663,60726.4553781505,4.19893655734614,41966.0466207565,1.13502309458424,165352.256998314,1.48365386992232,19445.4891039208,1.07834177105396,25178.727906692,2.0196326225045,25012.7686042173,4.1815988099201,34980.9337435346,0.857556872702053,9103.61256238895,1
1377468,-646,735,-465,-700,796,50,-213,790,-320,1727,1392,544,272,1111,383,155,1228,-87,196.5,980,336,-209,944,242,-9,990,-203,226.035,979.11,322.765,-203.82,941.975,230.9,-13.645,992.215,-205.44,331.276933595902,970.619768120308,250.455018107672,0,938.413335798856,200.770572105307,0,988.029594807321,-192.405796922593,346.683306491674,983.305288300638,337.306855844941,244.722720645223,943.743262227604,241.392211970478,72.6308818616434,994.313418897683,211.196093713875,69444.717361809,8274.26924623116,9646.90429648241,18438.8116582915,3351.20037688442,4980.29145728642,5114.6321356784,4189.51635678392,2410.24763819095,263.523656171147,90.9630103186518,98.2186555420222,135.789585971427,57.8895532620906,70.5711800757676,71.5166563513591,64.7264733844191,49.0942729673325,10.7725955452411,5.10176649809366,23.0456688419254,3.39120561597195,3.10306042296423,2.32049921459993,2.84250458553762,3.84723822499332,2.19670298207611,1.87374265979422,0.236215852515789,-2.86866452344685,-0.00616392376810035,0.0284788534806024,-0.422201925429687,-0.282060201658377,0.236169335514686,0.108292490077385,242,960,346,-336,972,262,9,1000,-184,206.661111111111,978.477777777778,327.811111111111,-203.333333333333,941.794444444444,232.983333333333,-12.1944444444444,991.566666666667,-206.166666666667,0.875092786771832,0.875092786771832,0.875092786771832,0.875092786771832,0.875092786771832,0.875092786771832,0.875092786771832,0.875092786771832,0.875092786771832,2373,657,1009,972,315,333,368,438,233,651.036101180763,601.483910944214,610.262768714476,939.186,829.755,752.448,71185.228311064,18701.4668631911,5858.35920187912,720512.712,605286.453,623122.926,0.384761041548709,261993.544299486,0.536322572128991,31314.2178724058,1.25284490124617,29267.0476625768,0.945287172928608,70803.1076319468,0.938191414450898,12875.8701697028,0.428163148323254,21860.3730010725,1.87967095098689,23152.784474809,2.10686016773339,18407.6951365394,0.300244111889164,9610.31295845106,1
1380593,-292,607,-217,-836,787,80,-165,828,-320,1494,1284,643,463,1101,434,174,1209,-87,181,980,346,-218,935,252,-19,990,-203,233.395,977.95,328.255,-211.9,941.685,245.985,-14.56,992.09,-200.745,0,965.318825521846,363.781407603331,-891.872350402273,938.541974447181,222.342857208379,0,988.026569882686,-187.110380509904,367.775305043718,983.597021142297,342.923555621366,290.111306225731,943.278211876009,255.574988995402,66.9767123707935,994.139980083288,206.881548234733,81191.4060050251,11132.5603015075,9894.69344221106,39460.2613065327,3018.236959799,4834.12540201005,4295.3632160804,4092.19286432161,2513.98992462311,284.941057071502,105.510948728118,99.4720736800589,198.646070453288,54.9384834137146,69.5278749999599,65.5390205608873,63.9702498378864,50.1397040739484,8.04287059784452,4.65917806547544,13.074391385671,4.1741343074874,3.98957612322799,2.77308104594923,3.05759495336679,3.83304725582725,2.18683602706711,1.97012049315978,-0.568038750383347,-2.10142229631852,0.192110918790487,0.417051614221704,-0.0772486826495966,0.0183439858590348,0.325958532595059,0.0167611748049137,202,980,346,-245,935,252,-29,1009,-262,205.95,981.866666666667,334.872222222222,-212.266666666667,940.2,245.805555555556,-14.7166666666667,990.738888888889,-200.833333333333,0.872282504006348,0.872282504006348,0.872282504006348,0.872282504006348,0.872282504006348,0.872282504006348,0.872282504006348,0.872282504006348,0.872282504006348,1786,677,860,1299,314,354,339,381,233,655.299010758372,610.083628615047,609.383979461381,944.58,858.306,746.871,81874.3260171909,39562.7227610186,5237.77465084503,732191.004,623554.158,621360.093,0.679974066022039,358267.416133144,0.893428196361218,40869.963075321,2.07937057822789,34548.8312564913,1.87050849329914,158561.866692683,1.01680736789744,11795.1693769044,1.72238266987485,20392.6496242383,1.28016157723982,19033.4072358348,2.58387889947894,17129.7219472584,0.31593461601401,10006.7117100408,1
1383718,-484,549,-356,-1272,777,30,-184,771,-349,2252,1696,801,909,1148,585,174,1247,-29,181,980,346,-245,935,257,-9,990,-194,237.385,987.455,338.16,-223.645,940.765,253.175,-8.19,994.29,-195.245,223.044934899566,966.916068278127,340.184177254012,0,936.824355682381,211.407710831476,0,986.496939240971,-174.236878638237,450.393366958262,996.885738186679,354.060503304167,333.462464154513,942.779839092882,266.117370722018,72.239116827381,998.17259028687,203.511166769787,147238.740477387,18807.837160804,11061.9642211055,61487.5668090453,3814.11032663317,6754.64761306532,5177.30040201005,7774.78984924623,3312.74871859296,383.71700571826,137.14166821504,105.17587280886,247.966866353239,61.7584838433811,82.1866632311187,71.9534599724714,88.1747687790914,57.5564828546096,12.6415297084129,6.84081973951941,16.9265681510624,6.40352917597499,3.55336740960905,3.82938669130553,2.57939070594097,3.2162803766109,2.70356494902288,2.73947218639661,0.139077022070802,-1.81662914189118,0.344844732135817,0.509905831536295,-0.0817512172673603,-0.00888729493986343,0.171560435848469,-0.0959036116691136,191,960,356,-163,953,252,-19,1028,-242,190.694444444444,990.294444444444,341.727777777778,-227.033333333333,938.816666666667,254.261111111111,-8.23888888888889,992.961111111111,-194.488888888889,0.855450810560131,0.855450810560131,0.855450810560131,0.855450810560131,0.855450810560131,0.855450810560131,0.855450810560131,0.855450810560131,0.855450810560131,2736,1147,1157,2181,371,555,358,476,320,672.072298061248,618.329334978051,610.49405881978,970.86,878.499,748.941,150769.24395751,61752.1842160655,8238.96211083113,793196.52,642509.697,625790.283,1.0018073285593,619978.749680268,0.825543586230068,65371.6102868094,2.93581464426639,33464.599341268,1.36833142754892,204936.519985726,2.06076445336789,14217.856901984,2.89173584646511,27475.0622042407,2.62265371767277,21180.2787292024,12.237181908203,32494.1431118817,0.730664738473574,12144.5294624716,1
1386843,-474,509,-287,-681,685,40,-165,733,-320,1626,1274,722,563,1175,393,126,1238,-58,202,980,336,-200,935,272,0,1000,-203,234.045,964.78,335.115,-183.645,941.345,258.375,-9.045,997.205,-198.605,0,946.006464564659,275.197743134709,-558.644443658312,935.869099554227,228.862853596246,0,988.628793380621,-181.545971843962,394.97871461637,972.76901163637,350.787506904109,261.456736382905,944.053661080767,267.79984129943,66.164151925344,1001.36415703779,205.337928790567,101739.822085427,15556.8860301508,10803.8309296482,34808.1798743718,5132.56881909548,4984.03454773869,4317.47032663317,8354.13364321609,2733.38590452261,318.966804049304,124.727246542809,103.941478388795,186.569504138195,71.6419487388184,70.5976950596738,65.7074602053159,91.4009499032482,52.2817932412672,7.99631625379067,4.72180057849282,11.4468083302788,3.96162590319995,3.90997342701299,3.00910072364987,2.57310519007173,3.08686662421401,2.62436363458726,1.78428802123163,-0.649673926350379,-1.15501945388775,0.324868385342991,0.1142567951955,-0.540189898577964,-0.334928034050443,-0.115347593287548,0.21371525044698,181,1009,326,-254,916,272,-9,971,-242,204.483333333333,968.977777777778,337.3,-185.172222222222,941.1,260.661111111111,-7.41666666666667,997.2,-199.261111111111,0.862910649645152,0.862910649645152,0.862910649645152,0.862910649645152,0.862910649645152,0.862910649645152,0.862910649645152,0.862910649645152,0.862910649645152,2100,765,1009,1244,490,353,291,505,262,653.937653773924,607.449626382273,612.177515628357,954.168,852.099,748.701,103755.540278082,35205.1049764195,8408.4027661678,735203.766,618788.217,629562.921,0.673023373400604,428796.59157298,0.681862187985831,63161.0175309042,2.63876971235611,39123.4444476992,1.24604583581779,136045.455264242,2.30789066987314,19654.3571516798,1.49631235939615,20529.0236122199,0.963373909423995,17831.8434945755,8.40805330588125,35194.2820277311,0.472542521938211,11178.5805698328,1
1389968,-272,578,-316,-836,814,-80,-165,761,-320,1717,1529,752,590,1101,404,126,1180,-29,186,980,346,-227,935,237,-19,1000,-213,250.585,986.665,335.08,-213.745,941.3,237.94,-12.685,991.15,-208.515,0,969.135242127609,360.043965104468,0,937.96467316566,212.41868963325,0,983.507955990136,-189.486499460213,402.624483855615,994.892609782584,357.312538263073,300.993762393841,942.985503600135,251.02736902577,64.2158469538478,994.817028402711,215.0621654313,99812.6962562814,16385.4098241206,15470.9985929648,45135.9999748744,3191.92964824121,6431.45366834171,3982.67917085427,7319.19346733669,2787.16560301508,315.931473988081,128.005507007006,124.382468993684,212.4523475391,56.4971649575552,80.1963444824121,63.1084714666285,85.5522849919082,52.7936132786446,8.66223140312009,5.88027776936042,9.86621655478657,4.48219073562508,2.85554261908936,3.3916543039987,2.31813896610568,2.88713415860939,2.81083498512627,2.1756596133179,0.160289958751177,-1.1414338779415,0.073028120147238,0.299231570636615,-0.228207507653725,0.0772458793986533,-0.286359268043496,0.307564859150503,161,980,346,-245,916,262,-19,1028,-213,217.15,986.333333333333,340.655555555556,-212.7,940.444444444444,238.844444444444,-12.9055555555556,992.655555555556,-209.522222222222,0.870864469235364,0.870864469235364,0.870864469235364,0.870864469235364,0.870864469235364,0.870864469235364,0.870864469235364,0.870864469235364,0.870864469235364,1989,951,1068,1426,287,484,291,419,291,666.62883255593,610.567365815603,609.750721109718,963.846,857.643,751.902,102337.196458304,45446.7426128484,7424.17490766559,767754.018,625700.187,624021.798,1.07526263275573,402872.366641782,0.526127693027947,61315.000555516,3.86581203944547,50754.1657336852,1.29206553791072,159721.402936657,2.38845340129414,11391.4347934112,1.15970699896841,27473.9431933149,1.82128907282051,17455.9959343588,6.76115831049699,30909.023221142,0.487477343322861,10340.0889760619,1
1393093,-474,235,-168,-1100,768,-151,-174,809,-339,2323,1441,881,881,1231,525,174,1200,-58,181,980,356,-236,935,262,0,990,-203,233.675,977.45,347.11,-210.355,939.77,255.605,-1.35,993.16,-195.87,0,944.042234307028,353.32389896041,0,935.60095901962,271.579455303001,0,988.571257133048,-173.693248300433,420.554746733407,989.161852276967,364.180710636903,323.050917039404,941.939913157947,269.922535183708,65.2197822750122,995.506569541357,204.590420108078,122876.672738693,23148.4095477387,12203.2541708543,60414.7426884422,4103.66542713567,7562.06932160804,4273.16331658291,4689.9943718593,3509.73175879397,350.537690895991,152.146013906835,110.46834012899,245.794106293138,64.0598581573178,86.9601593927244,65.3694371750508,68.4835335818713,59.2429891108979,14.2816405206458,6.41685986935392,10.1142087903911,6.3732116517835,5.4879423817932,5.73354006533103,2.8327809590793,3.83318584609623,2.37858271891183,2.81755681234967,-0.524695061037546,-0.202391399435681,0.636912114170951,0.857657463376009,-0.670303446557696,-0.0110222870616385,0.5220278060113,0.148207349296053,181,960,366,-245,935,262,-19,1009,-203,194.038888888889,979.627777777778,346.488888888889,-215.9,937.411111111111,258.35,-1.71666666666667,991.027777777778,-196.616666666667,0.858461102803253,0.858461102803253,0.858461102803253,0.858461102803253,0.858461102803253,0.858461102803253,0.858461102803253,0.858461102803253,0.858461102803253,2797,1206,1049,1981,463,676,348,391,281,664.885743047125,616.597375426352,609.651214050918,962.523,878.808,744.75,126811.833688606,61329.0014945519,5329.5317969913,772761.033,638682.522,622286.514,1.21684692070915,493297.486645604,2.09382870516522,86065.8820228681,1.6955622146047,40144.8317927524,2.29394803392988,214948.160989519,2.82407055131665,14987.1228596985,2.76737606798581,29347.0828267933,1.7902934031908,18623.9070155102,5.04129262948877,19959.6148566774,0.649293299035369,13903.9814429659,1
1396218,-595,578,-306,-854,759,0,-242,771,-349,1747,1490,544,418,1138,393,135,1333,-58,181,980,336,-236,935,242,-14,1000,-203,220.78,983.575,322.565,-221.855,941.565,237.26,-18.875,992.37,-205.935,221.424396986558,965.5864471671,0,0,937.352484904167,0,0,986.028371271187,-188.840976516595,385.473332410946,991.802054343507,337.563882842937,292.113633711267,943.655686678144,246.580554788897,65.8049010332817,995.541269862782,213.185400532025,100347.619698492,16333.2003768845,9950.9505276382,36292.1949497487,3961.21183417086,4532.3240201005,3993.98932160804,6335.88251256282,3054.06108040201,316.776924188762,127.801409917436,99.7544511670442,190.505104786588,62.938158808237,67.322537237544,63.1980167537561,79.598256969376,55.2635601495417,11.429610455316,5.59827757989465,15.4246307514543,4.31106104284629,4.10091675110816,2.85922078603338,3.87690872029714,5.55403251527385,2.57280118044173,2.29922511886752,-0.0471155573603512,-2.46110786401005,0.225139407910182,0.116433113861475,-0.33596346624945,-0.511583812187251,0.355366603281716,-0.0447822147582518,191,980,356,-245,935,232,9,1028,-174,189.027777777778,984.466666666667,329.072222222222,-224.027777777778,941.611111111111,238.805555555556,-17.1388888888889,991.311111111111,-205.911111111111,0.870864469235364,0.870864469235364,0.870864469235364,0.870864469235364,0.870864469235364,0.870864469235364,0.870864469235364,0.870864469235364,0.870864469235364,2342,912,850,1272,379,393,377,562,291,658.486801569191,609.233530045621,610.272861644839,947.694,857.628,749.004,103851.831926696,36330.5430598783,6670.86453764354,747726.228,621971.04,624528.432,1.30152095468634,377081.711621629,0.537951468510909,55809.3351682843,2.63400818834893,30422.5960684598,0.662068253595998,110092.364407965,1.87097059835015,15075.5198335127,2.27195692043453,17094.307461497,1.54433834104426,17986.6366718857,7.32339517023357,27341.105630668,0.326581999775154,12165.4641190765,1
1399343,-444,372,-346,-690,768,40,-184,800,-330,1959,1362,594,818,1185,434,155,1295,-38,202,980,336,-236,935,252,9,990,-213,237.505,978.96,316.9,-203.885,944.83,241.76,1.48,990.165,-210.28,0,955.291614421328,359.462642671329,-467.202652190544,940.544620422611,212.126366248699,0,983.778412713149,-190.947943747241,413.589778645459,988.663557536132,337.762164843844,292.913545265493,946.998632522772,251.721492924224,67.5957838921926,993.373618031,217.944534228321,115223.999974874,19188.8928643216,13726.3015075377,44451.509321608,4123.2975879397,4940.51497487437,4589.94934673366,6396.39977386935,3298.63477386935,339.44660843036,138.523979383793,117.159299705733,210.835265839489,64.2129082657039,70.2887969371675,67.749164915397,79.977495421333,57.4337424679025,11.7065755832066,5.06786518798086,16.1764368334984,5.76721759606638,4.18974495174998,3.14041428263257,2.91707522949312,3.86407426737446,2.41590340706006,2.28979088227485,-0.525803533997389,-2.81239523707146,0.878256695765667,0.395374570227463,-0.179582651308527,-0.472122761938436,0.288971084419917,0.0674304806021934,212,950,336,-300,953,272,19,952,-233,207.383333333333,981.961111111111,326.016666666667,-211.35,943.844444444444,242.3,3.42777777777778,988.527777777778,-210.238888888889,0.847770089271221,0.847770089271221,0.847770089271221,0.847770089271221,0.847770089271221,0.847770089271221,0.847770089271221,0.847770089271221,0.847770089271221,2403,990,940,1508,417,394,339,495,292,660.702772353203,611.862378302434,609.636156606456,958.761,862.185,751.953,118445.85645706,45216.2840183526,6630.79433652802,757557.249,627581.079,623316.093,1.39925244378731,449268.100109333,0.793418451213196,72589.6247995115,3.48868625198377,41490.8509599276,1.21244858935037,173241.855356296,2.32196075296641,14998.064883748,1.2642666175752,19365.7808797567,1.50350443507161,20257.2888963861,4.54525368429507,26934.1234103982,0.442336074414834,11887.9231704359,1
1402468,-565,313,-29,-1172,768,-60,-165,780,-349,2525,1735,980,1327,1175,515,242,1323,-77,232,970,336,-190,944,252,9,990,-213,286.39,963.5,331.49,-181.54,946.945,248.38,11.21,990.825,-209.655,0,926.220086353576,0,0,941.518586389156,202.582452999584,0,983.928446737506,-188.733015351883,498.593361367758,977.988532652607,352.820209171754,331.227489801194,949.667655024641,261.753548208998,78.2855669967332,994.345153857553,218.088548530178,167413.173768844,28270.6733668342,14669.8290452261,77140.5813065327,5189.77082914573,6856.57849246231,6033.13155778894,7023.22047738694,3625.52359296482,409.161549719477,168.138851449729,121.119069700961,277.741932927912,72.0400640556748,82.8044593754607,77.6732357880689,83.8046566569361,60.212320939861,12.4048030007422,6.93795551791754,10.5707228448037,8.36762928350218,3.58967714121679,4.22643606609415,2.87121381814001,4.46664081863518,2.45216898183671,2.37701462232709,-0.148425033770034,1.40614351664497,0.936310112127483,0.254437028064181,-0.210680671259324,0.19616201307566,0.520323943372748,0.149455992931429,222,950,306,-254,953,282,19,1000,-233,250.305555555556,966.688888888889,325.344444444444,-190.7,945.85,249.494444444444,10.1888888888889,988.583333333333,-210.177777777778,0.843846044976836,0.843846044976836,0.843846044976836,0.843846044976836,0.843846044976836,0.843846044976836,0.843846044976836,0.843846044976836,0.843846044976836,3090,1422,1009,2499,407,575,407,543,272,669.276543216576,620.001749472062,610.541212584438,983.706,874.239,757.17,174733.369116644,77988.271960015,7066.20415935947,797723.406,648057.135,625448.118,1.29466921915501,682576.705183239,3.91231542196852,103291.446589235,2.8964579804361,47425.4445955064,4.6662513582703,281824.631120905,4.62361785755742,19332.0775555854,3.78044210910892,26989.3509163817,3.91561604842472,25719.2073360024,5.2195393796839,29203.6824742259,0.652096345518334,13128.3080561093,1
1405593,-545,313,9,-881,759,-10,-116,742,-359,1909,1588,762,1118,1185,494,194,1161,-38,212,970,326,-213.5,935,262,19,1000,-203,234.22,960.25,325.285,-179.505,942.225,262.415,19.795,989.835,-205.82,0,919.934164376571,234.813841950174,0,938.073301358496,273.910608108222,0,984.800352611063,-182.139651426292,413.241382245293,975.255863863427,343.406006062794,317.638922363113,944.343563010836,272.081651347532,68.6243032751517,992.219620346222,214.648410196768,116491.891055276,29189.8869346734,12178.245,69017.5276130654,4016.89886934673,5192.75655778895,4339.14871859296,4750.19876884422,3730.72120603015,341.309084343321,170.850481224588,110.35508597251,262.711871854063,63.3790096904861,72.0607837716809,65.8722150727677,68.9216857661231,61.0796300416935,11.372866590547,5.24484272309684,7.46413456174377,6.28572791418517,4.65992260032293,3.93475200145775,2.63658313436899,4.14466929051361,2.72379291941328,2.13743415583006,-0.583355346941384,1.05411390777225,0.976349961162161,0.541968823944258,-0.236521173104483,0.310282297001368,-0.528232802982174,0.0275255249150726,202,990,346,-281,916,292,48,1019,-213,203.666666666667,965.583333333333,319.627777777778,-190.455555555556,940.844444444444,263.472222222222,18.6,991.366666666667,-205.977777777778,0.830081255590645,0.830081255590645,0.830081255590645,0.830081255590645,0.830081255590645,0.830081255590645,0.830081255590645,0.830081255590645,0.830081255590645,2454,1275,753,1999,426,504,310,419,321,652.03104320159,617.410217990392,609.16013257779,949.287,880.785,750.414,123466.391851552,70136.0508345796,4923.39914901464,743892.075,640024.605,621169.806,1.37213643763748,466694.652227717,1.50358980847517,115410.589909153,2.45894927321229,38919.1171636849,1.77049196067814,283924.524383168,2.02139094239548,11581.2862665161,3.55238720224777,19795.6922699146,1.70988560140721,18895.3953070254,2.65449785213995,18549.308605753,0.348115972796016,14289.5516606911,1
1408718,-373,264,9,-1363,740,-272,-194,800,-320,2717,1872,1118,1363,1240,535,155,1190,-38,212,990,316,-249.5,939.5,252,0,1000,-194,273.58,973.61,324.895,-201.225,946.55,241.665,5.015,996.195,-192.525,252.351534067282,922.319882497239,230.961202441925,-263.874805145556,941.356267723223,243.406474225351,0,991.784228044583,-171.09006263111,475.458326249525,991.578010042579,350.308999313463,358.44106210087,949.270040610152,260.908269320848,63.4448973519542,998.386721165701,200.678561386113,151974.4759799,35487.9576884422,17245.8632914573,88430.6476130654,5182.62060301507,9719.75153266331,4020.2058040201,4393.5346482412,3222.11997487437,389.839038552964,188.382477126834,131.323506241104,297.372910018827,71.9904202169641,98.5888002394964,63.4050928870868,66.2837434688265,56.7637205869592,15.9930600884727,7.57258793824872,11.9942739863735,8.54976075128702,4.83749733453522,7.65314790457055,3.06297891689304,3.84894934258702,2.43006150275447,3.11633276461145,-0.184062536533833,2.02675558493724,1.20277641017853,0.872918009223537,-1.16227211457047,-0.290526006168804,0.11450965926926,0.163684120129872,212,990,336,-209,925,262,-9,961,-174,225.355555555556,976.827777777778,314.905555555556,-217.022222222222,943.133333333333,245.6,6.32777777777778,995.566666666667,-193.038888888889,0.848548178294616,0.848548178294616,0.848548178294616,0.848548178294616,0.848548178294616,0.848548178294616,0.848548178294616,0.848548178294616,0.848548178294616,3090,1608,1109,2726,500,807,349,390,282,666.19422308568,624.659150901418,610.882701388119,966.159,895.194,743.349,165238.081673015,89500.8493749432,4744.29999022815,799202.379,658600.038,624643.911,1.45757123060108,545258.636873827,1.61960958148884,112729.541020004,1.76240066273142,57387.5402999283,2.73935312725658,310006.937909349,1.40107905458185,14437.9614495732,1.51563816539417,36051.596846436,1.63041879777497,17426.4100116374,5.26495513042699,16227.5245014567,0.851761342016654,13124.7638552254,1
1411843,80,745,217,-681,824,141,-165,866,-339,525,1166,455,345,1027,484,213,1104,-116,277,960,316,-181,944,262,48,990,-213,282.765,957.1,318.945,-173.41,942.225,264.695,40.935,988.7,-210.415,257.945512256957,949.93633980484,314.436566683142,0,940.528217039126,252.614004919442,0,986.020404953503,-202.753106366974,292.710411499147,960.615344453752,321.132643933936,235.839055289831,943.067683148988,270.553405079293,77.0199000259024,990.041539532559,214.050636532574,5752.10027638191,6775.30653266331,1407.29846733668,25677.4189949749,1596.68781407035,3151.45927135678,4277.77967336683,2667.89949748744,1550.95756281407,75.8426019884729,82.3122501980313,37.5139769597504,160.241751722124,39.958576226767,56.1378595188379,65.4047373923849,51.6517134032109,39.3821985523164,3.5971079175773,2.98099704872698,4.03497051981287,4.00823564245579,2.60179138397193,3.80189227115817,3.39655108479733,2.42407069490766,2.83874075255285,0.113027679838962,-0.0242629409546968,0.135749474424182,0.142464192257904,-0.0795642221308101,0.4038789813362,-0.165779526041597,0.112106621312817,-0.0982789746098799,252,970,326,-245,944,242,48,990,-203,282.244444444444,957.016666666667,319.127777777778,-175.672222222222,942.388888888889,263.238888888889,41.5388888888889,988.305555555556,-210.138888888889,0.796883141014166,0.796883141014166,0.796883141014166,0.796883141014166,0.796883141014166,0.796883141014166,0.796883141014166,0.796883141014166,0.796883141014166,445,421,238,1026,203,343,378,238,223,631.566316715969,604.695488263762,608.682145718278,935.286,842.394,756.774,11803.5199359422,25934.0066383182,4375.91228910148,666952.44,610917.516,619159.194,4.82186349968035,17944.1491894988,5.59822639028442,26406.9361788005,0,4048.90230582103,4.9415081025612,85075.345612329,10.3827612235182,5566.65344941021,7.55222340212289,12112.7410447349,6.71415463522527,18805.9381620378,10.2167154185357,10662.6804780488,3.61451585839777,5393.50374253527,2
1414968,-575,431,-227,-1309,768,-202,-165,790,-330,2595,1774,960,1081,1175,525,271,1209,-48,222,980,336,-222.5,939.5,262,29,990,-203,262.95,965.93,331,-186.87,943.595,255.78,17.92,995.01,-199.635,302.313646045333,923.084291496286,325.305545640077,0,938.15524357809,0,0,987.903317700106,-178.422376129307,486.471150223731,983.38633811946,357.412772575352,353.990437723959,946.367679604497,272.730324679893,91.3360279407858,998.564324417811,208.076416251338,168353.243718593,34198.9196984925,18274.2613065327,90843.0483417087,5266.59394472362,9003.43879396986,8061.45085427136,7121.41698492462,3458.95655778894,410.308717575672,184.92949926524,135.182326161864,301.401805471879,72.5713024874407,94.8864521097182,89.7855826637627,84.3884884621393,58.8128944857243,14.2184435927524,6.90513450425807,10.0112255914925,7.23354903913419,3.59153037988035,5.72488393111485,2.84973860951525,2.82988461203965,2.32575408720403,2.79686881297015,0.0921422422780411,1.07122696268722,0.719035568433411,0.450086570815694,-0.787114977196755,0.254656294614323,0.179889773055051,0.149523165167835,232,990,336,-209,925,272,38,1057,-252,216.738888888889,968.794444444444,324.3,-200.211111111111,941.2,259.05,15.7611111111111,994.183333333333,-200.177777777778,0.837450399296938,0.837450399296938,0.837450399296938,0.837450399296938,0.837450399296938,0.837450399296938,0.837450399296938,0.837450399296938,0.837450399296938,3170,1343,1187,2390,407,727,436,419,282,664.762610168889,623.981353810121,612.394240069726,971.934,890.187,760.857,183462.663655477,91737.6957112649,9698.32736429357,798868.056,657181.707,629261.265,2.27740987375134,557711.319729469,3.00841297820892,107740.849390236,4.33243028043061,59219.0617293094,3.72176833220784,296657.376016131,2.78766262486613,16921.6860348169,3.2275087568649,31550.9512598582,3.82269428429013,36193.6790941232,5.71178621932584,30103.4604295767,0.614077970260534,13817.1394274294,2
1418093,-565,617,-9,-818,796,70,-223,800,-339,1676,1509,732,409,1074,464,165,1295,-67,171,990,326,-227,944,232,-19,980,-223,206.08,983.97,317.765,-221.365,937.605,230.445,-19.39,988.36,-219.345,223.97416214521,965.46519419593,416.765358962815,-220.10050146663,934.009346783968,206.471716703235,0,982.997495697573,-206.369074535187,354.109305158732,992.645253854568,329.028152290955,288.416253009431,939.371414830151,240.119897134744,72.8931409667604,991.165051845554,224.437040169398,83341.1392964825,17233.8081407035,7321.53746231155,34353.2379648241,3332.17987437186,4575.54469849246,4962.24914572865,5580.57326633166,2271.11153266332,288.688654602987,131.277599538929,85.5659830908963,185.346265041473,57.7250368070204,67.64277269962,70.4432334985316,74.7032346443691,47.6561804246135,10.6430123890913,5.84181652982,9.89753655305397,4.43739642605363,2.76576172796491,3.38791290659063,3.19224846234381,5.42379913620374,3.04831716702671,2.0016068823403,0.1580943833703,0.304280781890829,0.387722658838476,-0.161931397578859,0.0942594696001698,-0.143580811649409,0.888783702906868,0.41538211818545,121,1000,287,-227,953,191,-38,971,-242,182.961111111111,984.216666666667,318.294444444444,-224.855555555556,938.138888888889,229.888888888889,-18.3111111111111,985.094444444444,-220.638888888889,0.88061073177399,0.88061073177399,0.88061073177399,0.88061073177399,0.88061073177399,0.88061073177399,0.88061073177399,0.88061073177399,0.88061073177399,2241,892,741,1227,278,394,388,495,272,652.376138467639,605.589384833574,609.717776687116,931.083,852.033,758.799,87328.4969140418,34600.1965063474,5608.70645650624,731398.515,613956.093,622856.133,0.940242269092971,335629.11985809,1.21925662278601,69980.0612362914,2.31055857642372,24785.7097167382,1.58136155071828,148092.883736584,0.602464866100078,12403.1932474936,0.691331503564537,18795.031785658,0.783610701756297,20795.8607818982,2.98904922266048,21822.3165785732,0.367458199449965,8670.94922989383,2
1421218,-696,656,-59,-690,805,80,-233,847,-300,868,1392,534,145,1092,373,135,1285,-106,151,980,346,-254,925,232,-29,980,-213,185.38,989.215,330.445,-244.285,932.82,232.585,-31.505,988.725,-210.86,190.863020963691,980.078720626792,320.77162770731,0,929.92289804414,209.037751996267,0,985.36099608682,-202.433635836165,269.343126884649,993.756703122047,337.909891835087,280.747991978571,934.30747080391,241.881282864136,67.756660189239,990.481016981143,214.620572173312,38371.8347738694,9051.32540201005,5014.26831658292,19240.4761557789,2791.25386934673,4432.93746231156,3616.48238693467,3492.98429648241,1608.09085427136,195.887301206253,95.1384538554735,70.8114984771747,138.710043456769,52.8323184172977,66.5803083675013,60.1371963674286,59.1014745711341,40.1010081453242,6.57522506450986,6.59401053167308,8.35019088017271,3.43483234743013,3.57467484754246,2.33146499632749,3.31939976180201,6.15722089397265,2.48514131999015,0.645103332059698,0.484951962789728,-1.39222669798515,0.075140937993896,0.614033159123806,-0.233134044651335,-0.267087672232156,0.980130344088429,0.216775321160416,111,980,356,-236,925,212,-38,980,-203,177.027777777778,987.75,334.322222222222,-243.555555555556,931.166666666667,233.838888888889,-30.9555555555556,986.261111111111,-211.494444444444,0.890591609073061,0.890591609073061,0.890591609073061,0.890591609073061,0.890591609073061,0.890591609073061,0.890591609073061,0.890591609073061,0.890591609073061,1564,736,593,835,287,293,368,438,194,646.549993210879,601.977344476161,608.410340987381,919.134,848.418,751.056,39423.2638155148,19321.5308691233,3719.02072555263,704568.72,606153.864,619023.36,0.376329492508269,150273.31697272,0.456074375927684,36985.0884258403,0.473512424088752,15893.8214527497,0.839608731905072,81277.5199316667,0.466100359143651,11657.8817461201,0.545488144900879,19443.6905062172,0.979361886314715,16026.6235409185,3.17784494939881,15002.9050530611,0.191167885861521,5927.66705919446,1
1424343,-252,588,39,-700,685,101,-223,866,-320,1252,1509,514,536,1287,444,135,1171,-126,161,980,346,-245,935,242,-19,990,-223,182.04,990.815,331.915,-239.77,937.965,235.945,-29.71,989.695,-217.245,0,976.145077524739,298.699586059799,0,933.627248657275,216.976549699475,0,986.941417007013,-207.524178815312,272.483228841703,997.755132785595,340.332403687924,288.458229211787,940.128818300981,244.292355590591,72.6488816156175,991.101853998871,221.783576939322,41315.1240201005,13870.2922361809,5687.01283919598,25847.7357788945,4084.27515075377,4028.85625628141,4417.26221105528,2800.6954522613,2002.57786432161,203.26122114191,117.772204854035,75.4122857311458,160.772310361251,63.9083339694735,63.4732719834215,66.4624872469822,52.9215972194841,44.7501716680686,8.09456492963574,6.62126715289478,4.41299939111963,5.96990111203691,7.85461719185785,2.52557666569818,3.0934672750324,3.8228438618727,2.14059727455893,1.43072300574891,0.23101599366821,-0.911317177833351,0.588382346609236,0.403297484345774,0.00666513646566453,-0.323267926494633,0.552189329313997,0.0282881690054655,161,960,376,-254,953,282,0,980,-233,171.233333333333,990.244444444444,335.35,-242.688888888889,937.861111111111,235.877777777778,-28.6333333333333,987.55,-217.288888888889,0.893173458377857,0.893173458377857,0.893173458377857,0.893173458377857,0.893173458377857,0.893173458377857,0.893173458377857,0.893173458377857,0.893173458377857,1504,921,475,1236,602,343,358,305,194,648.426963722748,606.547134060318,610.15091462366,919.17,857.028,756.966,43182.1507418889,26300.2692964491,4697.1307046324,711353.136,616037.46,622049.22,0.484902777401839,162240.267082303,0.569598705174562,51184.9276988382,0.682438099112323,20309.0734248876,0.631416623390178,95798.6390674388,0.613449716136526,12423.1442026835,0.929410175747682,14961.098550084,1.24535914179058,20034.995199383,1.58904077193781,10604.6154950508,0.334603619118706,7421.8321240212,1
1427468,-303,647,-49,-600,805,20,-252,838,-330,1040,1245,465,81,1055,373,135,1200,-116,161,980,346,-222.5,925,242,-48,990,-213,210.355,988.5,336.88,-235.195,930.41,235.215,-46.16,986.81,-214.315,0,978.780003851419,353.906611832375,0,927.001066596423,197.806659798456,0,982.895090216149,-203.799846301923,311.151884133778,992.946418493969,344.174853817068,280.104132422212,932.106839369823,245.354508823457,85.1637833823745,988.771798748326,219.150895503532,52830.421080402,8854.61306532663,4993.16140703517,23257.9266080402,3176.27326633166,4897.22489949749,5147.86371859296,3895.16974874372,2106.72942211055,229.848691709137,94.0989535825273,70.6623054183429,152.50549697647,56.3584356270794,69.9801750462049,71.7486147503418,62.4112950413923,45.8991222368201,6.03838935958579,5.08878163198403,11.0152282585944,2.31904023435593,2.20882427319031,2.888516283803,3.12234418653423,3.01674218779262,2.3541170915412,1.63884530074229,-0.474972665460496,-1.99288893401982,-0.105481487168072,0.0144981426825479,-0.375616295795587,0.0448305718334507,0.172359112264407,0.0322056263365289,141,970,346,-400,879,292,-29,990,-233,190.683333333333,991.522222222222,342.027777777778,-233.105555555556,930.444444444444,237.05,-46.3222222222222,986.338888888889,-214.183333333333,0.895722000221804,0.895722000221804,0.895722000221804,0.895722000221804,0.895722000221804,0.895722000221804,0.895722000221804,0.895722000221804,0.895722000221804,1343,598,514,681,250,353,387,362,214,652.7410162299,601.189561216531,608.698149482152,931.257,842.976,762.735,54477.8681400974,23574.1285391694,5412.77254745653,720728.649,604488.192,619769.793,0.440804195407238,228929.547206039,0.48310605142049,35529.1416277731,1.02842825141647,18439.1589766367,0.81211575711293,96229.5530176902,0.453015513398355,13236.5933343982,0.875784982736271,21063.2085594621,1.28009838421288,23352.6761628644,0.799362944342396,16836.8138016868,0.44764186929266,7004.00894087396,1
1430593,-373,627,0,-654,796,60,-203,761,-320,1161,1245,554,172,1083,383,174,1180,-58,171,980,336,-236,935,242,-38,990,-233,203.23,984.28,335.205,-223.385,940.145,238.105,-37.345,985.81,-228.065,0,971.12940611364,0,0,936.89085730688,216.868560734106,0,982.106902072891,-216.953779717497,298.738815690228,990.108069859043,342.778040428497,276.855440618385,941.775904873341,246.527473114053,81.6763429641656,987.600850546414,232.235107165131,48183.363919598,11564.6950753769,5160.19394472363,26882.4892211055,3084.65726130653,4102.31555276382,5302.89042713568,3551.84311557789,1929.14650753769,219.507093096323,107.539272246826,71.8344899384942,163.95880342667,55.5396908643407,64.0493212513905,72.8209477220372,59.5973415143485,43.9220503567136,7.50040734884091,4.67799423822904,5.50659267823941,2.68973122425642,2.921173502852,2.46135723953656,2.89614407982904,4.60522622727791,3.49565773194952,1.51202097641742,-0.645846079179291,-0.644452683547823,0.106583639977353,0.167043955423432,-0.18124245001393,0.20415679803162,-0.30835788566819,0.521088656571678,141,970,336,-263,925,262,-19,990,-233,187.211111111111,987.6,336.85,-223.844444444444,939.616666666667,238.572222222222,-38.5166666666667,986.627777777778,-229.733333333333,0.887317256275207,0.887317256275207,0.887317256275207,0.887317256275207,0.887317256275207,0.887317256275207,0.887317256275207,0.887317256275207,0.887317256275207,1534,618,554,826,287,323,377,419,262,648.493683457371,606.291789851952,609.640031637113,928.971,849.321,767.382,50310.478536669,27466.2504591301,5513.8829067766,712233.393,614619.951,621575.766,0.670435717616765,199940.036376064,0.495297597447253,50816.2977745994,0.562643745257224,20273.3520507633,0.793513969214909,115155.420726792,0.511596659072553,12509.8087362612,0.79734598353577,17487.5718413263,1.0723471378288,24453.3980963139,1.7598395046077,15459.2263214777,0.496772435823045,6152.3137812959,1
1433718,-424,637,-227,-863,768,50,-242,866,-330,1050,1284,584,227,1120,393,135,1266,-135,161,980,356,-254,935,257,-48,980,-213,218.12,990.31,335.87,-237.015,934.405,239.455,-49.235,987.405,-216.53,194.330506551979,978.096405453323,330.042772934266,0,929.913310496073,205.294660883373,0,983.776692688621,-208.574272383944,334.235994470973,995.873591375934,348.188986040627,298.953232128372,936.653225585649,251.330250865271,92.5108372030002,989.312455698401,220.372049044338,64459.663919598,11105.8431155779,8469.25939698493,33363.7434924623,4227.6994723618,5857.48540201005,6164.99474874372,3789.44821608041,1687.03427135678,253.889077984064,105.3842640795,92.0285792402824,182.657448499814,65.0207618562087,76.5342106643169,78.5174805297758,61.5584942642395,41.0735227531896,5.6227727859359,4.76694700058667,10.8695418566712,3.22284103895621,3.03476645428644,2.27198310604798,2.5516297354414,5.96874729977478,2.14308067728851,1.53455502046422,-0.402489347049692,-1.73553536321771,0.00352412018883601,0.174494754634605,-0.428311193621955,0.0438191092720997,1.05967916313097,-0.0805950958474631,111,960,366,-345,907,282,-48,961,-242,199.211111111111,993.633333333333,340.772222222222,-237.394444444444,934.261111111111,241.433333333333,-50.0222222222222,984.372222222222,-216.372222222222,0.891240201191303,0.891240201191303,0.891240201191303,0.891240201191303,0.891240201191303,0.891240201191303,0.891240201191303,0.891240201191303,0.891240201191303,1474,647,811,1090,352,343,377,400,195,657.739919269748,607.230312096595,609.595543517818,941.7,856.413,767.112,65668.247858065,33572.3047464926,6443.13408871307,734828.088,617915.517,621516.738,0.553715383184657,278535.197834421,0.31173222520982,46384.8987286485,1.31376288902294,31725.30574179,1.17812477389675,136422.534071784,0.785648232279834,16670.8265400887,1.0544046900041,25208.099000542,1.4047393662012,28343.8561553798,2.28165721268384,14058.8523832107,0.342883009238738,6578.51108456938,1
1436843,-393,401,-237,-500,777,-40,-252,800,-310,1595,1245,544,681,1101,434,213,1219,-106,202,980,346,-218,944,252,-9,990,-218,258.28,978.44,333.825,-202.78,945.58,242.79,-12.745,990.045,-218.625,219.474255158684,961.048822178535,315.963922505419,0,941.943793487361,227.12955542476,0,985.588978475795,-210.010211093296,397.183924649526,985.403577221029,345.04780103632,258.40839769636,947.379527961207,255.944818271439,79.4382464559736,992.255871738737,222.540030106945,91504.0317587939,13744.0968844221,7657.14007537689,25784.0920603015,3423.55135678392,6593.73457286432,6178.89444723618,4404.6361557789,1735.85364321608,302.496333463389,117.235220324023,87.5050859971973,160.574257153199,58.5111216503659,81.2018138520582,78.6059440960808,66.367432945526,41.6635769373692,7.69980125407336,6.08032350130179,11.4482073031238,6.60136995250298,3.2854324605157,3.50492815641218,3.46265868428038,3.75377544347842,2.36967144519785,1.83980749934689,-0.917831497143143,-1.5557124475476,0.964232804102095,-0.00680747054586374,-0.621695599408877,-0.228222649263925,0.0835468552159466,0.140538617020655,212,980,346,-218,962,282,0,1019,-213,232.088888888889,983.233333333333,336.744444444444,-208.744444444444,945.811111111111,245.466666666667,-11.7833333333333,989.838888888889,-219.25,0.868002516791083,0.868002516791083,0.868002516791083,0.868002516791083,0.868002516791083,0.868002516791083,0.868002516791083,0.868002516791083,0.868002516791083,1988,844,781,1181,324,474,465,419,204,660.715613945936,607.601033248398,610.771222731633,961.209,846.786,761.349,93995.0875304118,25884.2185470687,6316.13692691008,748699.959,617886.372,624243.729,0.40363795758943,363890.243305094,0.482107959372961,50857.2131519523,1.36411792808436,26747.7855483344,0.83629566907997,98165.2144949707,1.03144374287899,12087.9891775596,1.88116178981274,27184.683884438,3.48516933924625,28646.6999348607,2.06341615485882,19129.9098468068,0.269668933654337,6917.77024904826,1
1439968,-454,666,-39,-572,796,40,-165,866,-291,1343,1196,495,300,1120,424,165,1171,-116,212,970,346,-204.5,944,262,-9,985,-213,240.675,969.12,337.97,-193.46,944.065,251.535,-8.295,990.23,-209.92,183.232132886873,960.749132197707,343.923388280543,0,941.492092940818,219.940039119816,0,986.092983673056,-199.092936132349,333.959016946691,972.983674066528,344.498432507319,243.576558806466,945.372553547013,261.790842085815,54.9234467235988,992.345030722682,214.852972983852,53873.5370603015,7541.36241206031,4477.83829145729,22012.8325628141,2482.95555276382,5291.04399497488,2962.59092964824,4214.27849246231,2105.9232160804,232.106736352699,86.8410180275445,66.9166518249179,148.367221996012,49.8292640198891,72.7395627906497,54.4296879436971,64.9174744769258,45.8903390277344,10.7549169939708,4.1678985925422,7.03036987977643,3.24153273277232,4.28893967877236,2.83644177287829,3.41383353973275,2.78054540649373,1.94836921030665,1.95381368429261,-0.566848594100911,-0.958098855517773,0.103821119183786,0.483798795268318,-0.458735037778106,0.346271227575727,0.45988042121079,0.133178807732579,191,960,366,-218,935,272,9,952,-233,222.255555555556,972.394444444444,339.383333333333,-192.538888888889,942.527777777778,252.944444444444,-10.1333333333333,987.994444444444,-210.527777777778,0.861436225099467,0.861436225099467,0.861436225099467,0.861436225099467,0.861436225099467,0.861436225099467,0.861436225099467,0.861436225099467,0.861436225099467,1797,530,534,872,324,384,330,305,175,645.809243565574,605.568610531757,608.914750278363,942.741,842.49,745.983,55355.1973629429,22188.3189104346,4419.80384889833,706143.015,612955.95,620356.227,0.626846330298765,239012.839907229,0.44676751308615,32662.5586161542,1.15661452262089,16104.9664163188,0.981676283529286,93069.8824658224,1.67511358104088,9447.74005209207,1.30122467227774,21980.1911008527,1.38750078090824,13345.8635634633,3.17773195663921,17370.530631032,0.283865548768936,8817.85314868391,1
1443093,-404,588,-277,-709,740,-20,-135,790,-339,1696,1303,623,518,1203,484,184,1266,-116,217,970,346,-190,935,262,19,980,-213,266.435,974.22,328.305,-180.785,943.395,255.485,19.15,986.21,-219.16,320.615640439976,960.294004647259,0,0,939.079347277624,213.250483720863,0,980.495799054161,-208.477679193584,422.114883651359,980.669276565754,350.11111807539,258.62038782741,945.605739724543,269.084698561624,63.5764893651733,989.162524563077,224.455630359321,107732.025904523,12670.9764824121,14867.9617839196,34373.1545477387,4197.07434673367,7169.83896984925,3693.71608040201,5861.64412060301,2361.02954773869,328.225571679786,112.565432004732,121.934251889777,185.399985295951,64.7848311469102,84.6749016524333,60.7759498519111,76.5613748609768,48.5904265029511,8.50254299048587,4.97142300488502,10.4347769020942,4.5777332775565,4.67602816413641,3.60638763452693,3.11567351570124,4.4952609854587,2.22513604433074,1.96226208566915,-0.132611024694118,-1.88423228489337,0.527042680630725,0.595627286719069,-0.266797293289424,0.0185331484976187,0.675715038991588,-0.284877173070716,222,970,376,-254,925,292,9,942,-184,235.777777777778,974.833333333333,336.6,-185.483333333333,941.483333333333,256.5,18.6888888888889,982.827777777778,-218.511111111111,0.832558239674567,0.832558239674567,0.832558239674567,0.832558239674567,0.832558239674567,0.832558239674567,0.832558239674567,0.832558239674567,0.832558239674567,2100,715,900,1227,463,504,319,476,223,663.732863640559,608.328461758492,608.100425454411,970.056,848.907,753.552,109296.776534591,35066.2184284393,5938.12996751213,757482.6,620076.777,619718.88,0.768813329506901,436924.127770361,0.480145290464135,50075.9847339347,1.84680567044726,51773.7571481103,1.42116835594187,136918.618098371,1.73876723366924,15694.8020896092,1.98549120686551,30815.6975408115,1.83254707730431,15956.5319507485,5.96613304862141,23942.4043913771,0.244916409650645,9190.53423076063,1
1446218,-484,627,-267,-827,750,40,-184,704,-339,1626,1382,722,436,1120,444,252,1257,-126,181,980,346,-227,935,262,9,990,-242,242.18,984.14,333.16,-213.42,942.73,244.995,7.5,985.765,-236.935,0,966.119305417779,308.421723344234,0,937.236958819801,212.224592886017,0,977.866880022355,-229.508673511437,400.441319046874,992.580016925588,352.347697594294,314.575142056711,945.471162965852,255.946898789573,80.4406613597874,989.670311265322,240.391357997745,102213.163417085,16767.3873366834,13219.4114572865,53677.8126633166,5201.87648241206,5513.83414572865,6446.68341708543,7753.45706030151,1658.10128140703,319.70793455447,129.488946774168,114.975699420732,231.684726866741,72.1240354002191,74.2551960857194,80.2912412227226,88.0537169022495,40.7197898006244,7.42882760353339,4.69929874558604,10.9566379993105,3.16678874773321,2.85401063859875,2.70751824517999,3.14971687355493,3.41236703014097,2.5336655492326,1.77362527575194,0.0440203972037898,-1.52920797222878,0.024329600146601,0.136398859221559,-0.38050720920796,0.114103599064409,0.118667012393343,0.0672931104122781,191,970,376,-272,935,282,29,1019,-203,213.977777777778,983.638888888889,338.311111111111,-212.877777777778,942.483333333333,247.022222222222,6.38333333333333,984.655555555556,-237.211111111111,0.849324033956362,0.849324033956362,0.849324033956362,0.849324033956362,0.849324033956362,0.849324033956362,0.849324033956362,0.849324033956362,0.849324033956362,2110,755,989,1263,370,404,436,553,213,666.247591189117,614.662935920184,610.788620032931,963.282,869.679,772.02,104613.524762686,53773.701935618,8049.57952656209,761830.344,635029.233,626223.618,0.628878937665931,437423.734417334,0.908078048404161,70568.262305879,1.93107977250873,43450.2769003783,1.47863504546496,216993.262288236,0.90030833362773,21367.4552848942,1.90475646706913,22338.8188752351,2.1669747076283,29346.5265469999,8.80144981906571,33886.6860792539,0.42835247991185,6169.19818499832,1
1449343,-494,617,-108,-736,750,60,-281,742,-339,1626,1274,544,181,1194,434,252,1361,-145,181,980,346,-263,935,242,-9,990,-233,217.17,984.97,333.92,-239.26,939.285,237.37,-5.34,985.855,-231.265,0,968.037324753822,314.268698097137,0,934.149492874398,207.158673455799,0,978.84969762285,-223.080863118002,354.056167860412,992.452794847191,344.477067451521,293.270131448806,941.912265022597,247.487110775491,93.3492367403183,989.379535365473,235.331266515948,78585.8905527638,14871.004120603,7197.87296482412,28906.5551758794,4967.23997487437,4930.00311557789,8729.2104522613,6996.76781407035,1906.83896984925,280.33175088235,121.946726567805,84.8402791415971,170.0192788359,70.4786490710085,70.2139809124784,93.4302437771694,83.6466844176764,43.6673673336194,7.50639201651811,4.32562699025077,6.91303812353038,3.19332966999553,4.34421797685311,3.01553858402877,3.18906752208094,5.30483417948694,2.14348364042293,1.40332460025333,-0.506487838118547,-1.05970879512972,0.13052784416821,0.550543363909248,-0.419457234923363,0.00481916333308712,0.424764600097996,-0.215517061339712,202,970,336,-290,925,252,-9,971,-233,201.883333333333,989.116666666667,337.016666666667,-239.572222222222,937.1,239.177777777778,-4.53333333333333,984.511111111111,-230.466666666667,0.862174529941225,0.862174529941225,0.862174529941225,0.862174529941225,0.862174529941225,0.862174529941225,0.862174529941225,0.862174529941225,0.862174529941225,2120,657,652,917,444,374,533,619,194,658.758695521011,608.573596503524,610.770018863956,947.19,858.825,773.52,79533.1805206491,29433.1818790393,8801.8254471042,737389.662,620673.573,625780.05,0.678652497190323,325348.677133085,0.627850308622729,60938.8270398767,1.48481281257914,24277.6302197253,0.953337413971626,119017.801272896,1.4894499795952,19468.448759229,1.69999806520417,20864.0073796854,2.45338584352152,40149.2623898414,4.42829700785408,30324.235641219,0.26960423490829,7301.7256409574,1
1452468,-343,705,-217,-718,777,40,-252,742,-330,1828,1196,712,545,1185,404,223,1200,-116,176,980,356,-245,935,262,-9,990,-223,226.375,985.445,341.91,-230.76,937.72,247.25,-9.96,988.41,-225.63,0,976.138706881513,297.720140075216,0,933.967623823237,207.277548763379,0,982.39549106186,-216.734802382471,366.710628425193,989.840696779032,356.188124451111,292.170070335755,939.636759604476,259.152117490867,85.1187405921869,991.332144137372,229.68458807678,83649.2908291457,8726.38891959799,10017.62,32274.5451256281,3616.52422110552,6057.54522613065,7181.90793969849,5814.16271356784,1855.39005025126,289.22187128422,93.4151428816441,100.088061226102,179.651176243375,60.1375441891796,77.8302333680855,84.7461381993215,76.2506571353181,43.0742388238174,12.2255501857002,3.92436168403266,11.5245464769622,4.82706986390404,4.05145535633934,2.66761825347042,3.49323119354827,3.6122227382899,2.56264391898394,2.58834157134459,-0.273196948593547,-1.46005643945812,0.541579105905732,0.522525751555164,-0.532769811932009,-0.0937320238967971,-0.143021043686926,0.0872314437665854,151,970,346,-327,925,252,-38,990,-203,194.727777777778,987.755555555556,347.322222222222,-234.183333333333,936.094444444444,250.266666666667,-9.60555555555556,988.811111111111,-225.95,0.862174529941225,0.862174529941225,0.862174529941225,0.862174529941225,0.862174529941225,0.862174529941225,0.862174529941225,0.862174529941225,0.862174529941225,2171,491,929,1263,408,364,475,458,214,659.631509320843,609.23573693821,611.07010149121,949.596,864.33,768,85484.5593936143,32609.2747757729,7650.17885288869,744678.762,621264.246,625643.778,0.723535034735341,368305.586850687,0.619115672669354,35672.7323616096,3.3368437059042,36909.4847067598,2.12878354556904,123456.861894128,1.14114388807398,12575.4618131005,1.31861226846087,25376.9274430025,2.9302940403976,32398.6856937239,4.67208143608507,24887.3827118121,0.319783139404941,7074.71762460824,1
1455593,-404,627,-306,-818,777,-40,-203,771,-320,1454,1392,663,372,1129,515,223,1190,-106,181,980,356,-236,935,262,-29,980,-233,215.265,976.26,339.47,-221.6,936.655,248.965,-20.955,985.235,-225.375,227.926580833908,964.012863263196,352.913360446438,0,933.024907876403,205.256917771189,0,980.518519313251,-215.202641533811,340.064295391327,981.882243448775,358.677808067352,277.279047170896,938.471424711483,265.109628267251,69.3508831955297,987.51090373727,229.956985108085,69652.9696231155,11064.4747738694,13477.2754773869,27916.6934673367,3423.14168341709,8341.25002512563,4392.39494974874,4512.34148241206,2096.80841708543,263.918490491128,105.187807154011,116.091668423651,167.082893999765,58.5076207294151,91.3304441307805,66.275145791984,67.1739643196087,45.7909206839678,9.71633246938501,5.23264545337909,13.387697417075,3.93212648586384,3.14179857520184,3.15914592776931,3.76364727597908,3.78289773546867,2.27901716400574,2.05434329525677,-0.29866105656019,-2.2060117601216,0.318391239743104,0.159629580185325,-0.331793631173935,0.176623903959376,-0.308283839006258,0.150062499979827,181,990,376,-290,925,262,29,980,-213,191.827777777778,978.905555555556,347.238888888889,-224.3,936.1,250.427777777778,-21.4,986.872222222222,-225.672222222222,0.875092786771832,0.875092786771832,0.875092786771832,0.875092786771832,0.875092786771832,0.875092786771832,0.875092786771832,0.875092786771832,0.875092786771832,1858,765,969,1190,352,555,426,419,214,652.354869358728,607.04445616294,608.453052626836,943.269,857.382,759.303,71923.2608119458,29122.325940321,5250.30404047493,725031.741,616737.24,619720.527,1.23423666979651,301523.429993469,0.599355079597044,42230.3551714677,3.96254999305164,48864.8111048976,1.1748038228315,99558.5001412872,1.27836673834946,8321.8659071092,1.38331642034992,33704.7407009977,1.46968723275667,19559.4644281893,5.19281751481838,17952.6087253539,0.382264693466729,8364.24167111899,1
1458718,-272,686,-267,-772,759,-10,-233,780,-330,2020,1254,643,327,1166,424,145,1209,-116,181,980,346,-227,935,252,-33.5,1000,-233,212.195,970.05,332.495,-214.08,937.19,248.105,-32.775,988.545,-225.96,0,958.988418947733,349.507819427628,0,933.966905701353,237.662380531221,0,984.35477110769,-213.9009157708,334.27754187202,975.042065759216,345.162143057433,270.41904518728,938.79276733473,259.63812316376,82.4224787300164,990.614942851156,231.347487559299,67050.0070100502,9758.82160804018,8627.11555276382,27433.3805025126,3021.87326633166,5885.29042713568,5748.00439698492,4117.33464824121,2476.11899497487,258.940161060524,98.7867481398198,92.8822671599042,165.630252377132,54.9715677994694,76.7156465601098,75.8155946819975,64.1664604621543,49.760616907097,17.4599748671892,4.36863808593346,13.9906982456975,4.47508259219786,4.85573608979457,3.49178941974707,2.38048363054351,4.45142316473703,2.39777175870781,2.86247330919353,-0.62707609494047,-1.65710215195886,0.0557696388605621,0.140452572637855,-0.392554685996304,0.0847973895291017,0.0477343079954149,0.101803861916866,171,980,346,-263,925,252,-9,1000,-233,188.138888888889,973.427777777778,335.272222222222,-214.077777777778,937.044444444444,249.633333333333,-33.2888888888889,988.222222222222,-226.316666666667,0.890591609073061,0.890591609073061,0.890591609073061,0.890591609073061,0.890591609073061,0.890591609073061,0.890591609073061,0.890591609073061,0.890591609073061,2292,568,910,1099,407,434,378,429,214,644.810899957841,605.152953209279,611.14760102942,927.816,852.249,769.434,68386.6949574173,27456.8550855111,6276.6484878885,708951.246,613122.165,624979.854,1.30554246388587,262018.727067742,1.21803967845292,38096.4842672855,2.10579977454701,27994.0170621125,2.11784437879312,100423.750424616,2.02543466130473,7409.45224023633,3.19353389589548,24116.4960479423,2.68096890223232,26081.4706231617,7.13750560266675,16171.2659423558,0.541239799433432,9461.42884092399,1
1461843,-303,539,-277,-627,787,10,-223,780,-330,1424,1274,613,354,1101,373,97,1171,-145,181,990,306,-209,944,232,-19,980,-252,202.44,980.555,307.39,-208.69,944.045,235.805,-29.51,982.49,-247.545,0,969.011981806646,306.327002965629,-220.128814547061,941.334410046391,198.534681733887,0,977.709180600042,-241.027841239206,291.208207301923,985.48579137398,319.36771909509,256.708940241667,945.393894099174,242.982334748845,71.7421772739021,984.821207123405,250.526495604756,44040.4687437187,9742.85123115578,7544.85216080404,22460.2652261307,2561.46027638191,3453.68540201005,4297.58783919598,4609.25618090452,1492.46027638191,209.858211046694,98.7058824546733,86.8611084479357,149.867492226068,50.6108711284632,58.7680644739135,65.5559901091882,67.8915030096147,38.6323734241363,14.5657328598857,6.86634133682277,21.0998451530625,5.69494104632087,3.41194704421095,3.79343453904386,2.69840197883848,3.47734842620977,2.93323247636594,2.41434719143186,-0.801837257575679,-2.24766745469158,0.725614131003755,0.0535790410592702,-0.414355696626915,-0.397277844361102,-0.167238684058668,0.191163359248273,202,990,297,-209,972,232,-9,980,-262,187.338888888889,983.627777777778,308.205555555556,-214.411111111111,943.527777777778,237.188888888889,-27.8277777777778,983.605555555556,-248.011111111111,0.875092786771832,0.875092786771832,0.875092786771832,0.875092786771832,0.875092786771832,0.875092786771832,0.875092786771832,0.875092786771832,0.875092786771832,1727,735,890,981,314,363,320,391,185,640.388541140269,604.667988806061,609.845339356155,911.829,846.894,771.723,45575.8832310832,22618.4413734631,5889.99347594353,694788.123,611225.706,622669.965,1.69204315156912,155226.433441809,1.92386966600855,39698.0950704524,5.22083284781303,27675.815337188,2.75922472958306,94152.8425881778,3.08503038563482,9260.08048439014,2.19112126463551,13609.3002888313,3.97790682698386,19402.3372607502,5.30443671229918,18889.2567336759,0.76611768962793,4968.46280599558,1
1464968,121,901,207,-318,851,111,-145,876,-359,232,1078,336,-100,1037,292,48,1095,-174,171,1000,267,-209,944,207,-38,971,-271,172.025,993.875,268.82,-210.515,948.495,204.29,-42.075,973.695,-269.165,168.236509575176,992.212364621023,266.402636351802,-202.300766155384,947.158869046176,196.669291992961,0,971.725316314522,-266.578948151224,173.914131110729,994.693291924702,270.018073469166,214.315993336942,949.159509776939,207.860698545925,57.2063370615529,974.687311397866,270.399343564292,656.808417085429,1635.40640703518,648.811658291458,1622.89424623115,1267.34670854271,1479.06120603015,1509.80841708543,1943.11756281407,669.354547738693,25.6282737827859,40.4401583458222,25.4717816081141,40.2851616135663,35.5998133217397,38.4585647942062,38.8562532558844,44.0808071933134,25.8718872086806,2.41311965484244,2.42966833581459,2.83377165121586,2.91671043933237,2.59397785879005,2.32328170896858,2.43745015926776,2.70161644291771,3.81800973813588,0.218825005733994,-0.321577374912183,0.104519573285041,-0.0577178473496346,-0.072856933320146,-0.0329991089625885,0.010024099294626,0.252400105826241,0.169388306958144,181,1000,257,-181,944,212,-58,971,-271,171.527777777778,994.9,268.577777777778,-210.372222222222,948.694444444444,204.211111111111,-42.1722222222222,972.883333333333,-269.355555555556,0.90498458090735,0.90498458090735,0.90498458090735,0.90498458090735,0.90498458090735,0.90498458090735,0.90498458090735,0.90498458090735,0.90498458090735,111,177,129,218,186,181,193,219,185,626.869747179643,596.644358941905,607.249323016625,860.832,817.98,773.859,2352.58161723234,2368.77292767275,2129.47245671164,655542.378,594024.714,615842.235,0,2536.59046288595,19.870570146387,6767.5680650213,0,2086.72475858964,6.35117911564658,5341.58305001767,18.5229548638267,4457.26412089446,42.077535328804,6323.61356644585,3.7063047158206,5673.25937672181,25.0527428273992,7663.73629746894,0,1848.50659789869,1
1468093,-111,862,59,-700,842,70,-194,895,-330,474,1205,396,-81,1074,313,0,1123,-213,151,990,272,-236,944,202,-67,961,-281,145.395,996.465,273.77,-238.055,942.685,199.62,-70.945,969.57,-282.78,155.552089981816,995.037389013919,265.893251063573,-224.462579625881,942.017530742234,193.820123719534,0,968.434036256143,-281.477788296014,155.503327938665,997.205994265979,275.895668686553,246.594981700764,943.018835973068,201.948359735849,77.252993469509,970.153312626412,283.40234649699,3056.86329145729,1484.72238693467,1174.27849246231,4159.70047738694,632.679170854271,939.694070351759,939.529623115579,1137.15085427136,354.132261306533,55.2889074901764,38.5320955429973,34.2677471168198,64.495739994103,25.1531145358636,30.654429865058,30.651747472462,33.7216674301755,18.8184021985538,15.229521130909,11.6761870209973,15.0677271270009,23.6141029392629,8.62394221106102,5.79146168775379,4.47300296029863,5.45250546404389,3.53594302209697,-0.4080697816434,1.32177091465456,-1.20146822532662,-3.30885125317569,0.215750858269418,-0.265847734362843,-0.683304707032009,0.906788200888909,0.484592215366958,161,990,267,-227,944,202,-67,961,-291,148.372222222222,995.588888888889,273.661111111111,-233.344444444444,942.738888888889,199.916666666667,-69.8222222222222,967.988888888889,-283.516666666667,0.92159315967549,0.92159315967549,0.92159315967549,0.92159315967549,0.92159315967549,0.92159315967549,0.92159315967549,0.92159315967549,0.92159315967549,585,343,337,619,232,243,194,228,117,627.381910410664,596.902752072652,607.853921947889,851.664,828.216,793.977,3063.80544709101,4204.90676133955,1149.55348655585,656831.7,594526.05,616489.419,3.07316039080913,9204.01429762351,1.86756289455002,6029.92304699069,3.14149651194102,4534.80979733751,2.76454540511147,18431.2086116885,0,2119.66272734713,0,3554.77561873305,5.65014845078965,4171.10106154337,1.71548606342965,4400.91045636326,0,867.010793008296,1
1471218,-585,774,-49,-627,796,50,-184,838,-339,868,1284,841,127,1074,434,106,1152,-145,146,990,287,-231.5,944,212,-38,971,-271,155.195,991.23,291.995,-228.955,941.55,218.935,-36.11,974.665,-268.565,154.116160037027,988.351587232465,277.838673669308,0,939.590667559761,203.883425896038,0,971.716276456161,-263.128267199916,194.220557614275,992.659992142325,298.899790899893,246.400476866422,942.515899070143,224.856565392252,59.8972453456751,976.155901995168,270.776854623877,13704.6602763819,2851.20311557789,4100.50751256282,8334.47535175879,1828.96231155779,2641.14650753769,2295.2240201005,2923.09826633166,1198.94047738694,117.066905128571,53.396658281,64.0352052590043,91.2933477957666,42.7663689311799,51.3920860399506,47.90849632477,54.0656847393211,34.6257198825806,21.4303643455776,8.15716171311806,34.3855901598082,8.26083890041297,4.2423810082379,5.83666314850236,4.16718806688954,4.07074217788021,4.71812868804478,0.281149089911664,0.247992555273105,2.35654858891359,-0.149275038309945,-0.149840516564783,0.419975793915845,0.608306284628147,0.376542988778867,1.00770566493504,141,1019,287,-254,944,202,-58,971,-271,153.277777777778,991.794444444444,289.616666666667,-229.683333333333,941.733333333333,218.055555555556,-37.75,973.65,-270.672222222222,0.90316907055218,0.90316907055218,0.90316907055218,0.90316907055218,0.90316907055218,0.90316907055218,0.90316907055218,0.90316907055218,0.90316907055218,1453,510,890,754,278,384,290,314,194,631.617253223481,599.114762497047,608.025242829316,871.332,835.404,776.19,14124.1093630621,8426.46178079121,3204.73098181931,667461.942,599765.934,617872.878,3.07434177310931,58257.778355153,4.28326527361978,10855.1099765685,1.87125403694932,16066.8761908865,2.1912209013913,32705.2706594196,1.35753366103634,5108.43073343409,1.24273930540625,10254.7154237968,1.01680993904469,9235.87201790393,4.43649233045371,11401.0632330765,0,4053.28910601323,1
1474343,50,901,148,-418,824,121,-145,904,-310,252,1147,405,-118,1037,282,38,1114,-213,161,990,297,-236,944,222,-67,971,-252,162.39,990.985,294.275,-233.905,939.875,219.885,-69.02,977.355,-256.33,153.069852757434,989.545070193795,289.284653895645,-223.417513875958,938.839606723459,215.673723351058,0,976.229236683914,-255.150271825526,166.283432728579,991.712581850205,296.293174069198,238.849105085198,940.388853081532,221.696425320753,77.8334760883773,977.927709495953,256.93187813115,1286.0983919598,1449.82389447236,1197.85866834171,2349.09143216081,971.034547738694,803.911331658291,1300.7935678392,1125.43615577889,310.473467336683,35.8622139857511,38.0765530802403,34.6100948906776,48.4674265064776,31.1614272416828,28.3533301687525,36.0665158816207,33.5475208589084,17.6202573005244,3.08307311734985,4.02985087589854,7.50972796596614,3.90085538620541,3.72307989244333,3.97139123473083,2.75046724044949,3.86545753481186,3.1247564743011,-0.0463052987845285,0.391071636480224,-0.811543194951777,-0.285579462340892,-0.124663199009533,-0.677432656642942,0.18165573262146,0.601147648273245,-0.443340697031693,171,1000,297,-245,953,222,-87,961,-262,162.577777777778,990.155555555556,295.388888888889,-233.016666666667,940.022222222222,221.316666666667,-69.3888888888889,976.383333333333,-255.677777777778,0.915492974482269,0.915492974482269,0.915492974482269,0.915492974482269,0.915492974482269,0.915492974482269,0.915492974482269,0.915492974482269,0.915492974482269,202,246,257,300,213,161,183,210,97,628.718483282778,596.838840396063,608.147987424964,868.59,836.199,782.187,2386.5036317718,2378.448265835,1466.61786193991,659360.202,594317.637,617048.787,1.30249699603473,4840.16410369042,3.6620902917928,5734.77326073449,2.4875939737519,4307.12685346857,1.42164178571445,9563.43700305217,0,2996.48864187183,0,2922.93239582709,1.26095285384285,5434.37157731113,5.10709419497022,4255.86593291891,0,667.329017330187,1
1477468,30,941,217,-381,879,151,-174,914,-310,191,1088,326,-154,1000,292,-19,1057,-165,121,1000,287,-254,935,212,-87,980,-242,129.755,996.68,283.68,-255.675,936.02,208.57,-87.955,980.61,-240.725,120.612279230027,996.160513549341,282.252881696302,-250.668520863816,935.606924353347,205.991144145849,-72.8963390967039,979.960742213515,-237.272725515481,133.046627165066,996.94157301218,284.368229589735,258.103787263961,936.226206640254,209.876296898911,93.2777304612414,980.935415814925,242.322316347463,869.391934673366,524.098090452261,392.91216080402,1254.13002512563,388.009648241206,549.361909547739,969.500477386935,641.52552763819,775.456658291458,29.4854529331561,22.8931887349111,19.8220120271384,35.4136982695345,19.6979605096874,23.4384707169162,31.136802619841,25.3283542228505,27.8470224313383,3.31255474200623,3.80361895261762,2.9521427942105,3.55937152897683,3.34713583940673,4.08216650338617,2.62884437238066,3.14492981668336,3.04887069989778,-0.232848428096937,0.372525319718472,-0.35629988445629,-0.161803973987478,-0.0220972519894971,0.447414225390239,0.113433929450155,0.154472008581544,0.391245456123904,111,1009,287,-263,944,212,-97,990,-252,130.283333333333,996.15,284.144444444444,-255.238888888889,935.9,207.966666666667,-88.0111111111111,980.144444444444,-241.305555555556,0.91829583405449,0.91829583405449,0.91829583405449,0.91829583405449,0.91829583405449,0.91829583405449,0.91829583405449,0.91829583405449,0.91829583405449,161,147,109,227,121,141,155,143,145,627.018272057889,595.999312080616,608.637806435699,846.069,840.159,785.574,1190.00969372097,1264.41201205643,975.373529230297,655475.517,592311.081,617793.078,0,2842.24922858253,0,2009.24997520051,0,1095.05850192959,3.6046236736616,4768.76731987194,0,1268.57041230931,0,1849.62975012915,0,3484.12444366993,0,2022.77176725317,0,1944.7442757807,1
1480593,20,960,227,-418,861,70,-165,904,-291,333,1078,326,-190,1000,272,252,1123,9,111,1000,277,-290,935,181,-48,990,-213,121.7,1000.05,280.535,-294.125,930.225,182.99,-41.26,993.035,-205.495,102.50588967989,999.68265679452,278.982394566429,-288.21893780775,929.656870976189,174.320920327186,0,991.94853074499,-214.548036007983,133.012142302874,1000.23613711963,281.299049056338,297.121061185504,930.507090247033,186.244785161894,65.6987823327039,993.59694293008,209.029579246575,2895.81909547739,374.198492462312,431.425904522613,1780.31092964824,527.53203517588,1207.81899497487,2627.07778894472,1121.98369346734,1472.53263819095,53.8128153461365,19.3442108255238,20.7707945086993,42.1937309282818,22.9680655514538,34.7536903792227,51.2550269626768,33.4960250398064,38.3735929799511,5.49267808313204,4.41701518426239,2.40679036160585,3.29463186902588,3.41520739627439,4.09056497454337,12.280684594538,5.78191269322657,10.9972935296937,1.57404430134809,0.75418908923843,-0.0904700246846079,-0.432527707445497,-0.217807287370656,-0.636642075232594,2.08135644324897,1.14686657972127,2.19628805330576,111,990,277,-281,935,191,-58,1000,-203,117.322222222222,999.238888888889,280.594444444444,-292.811111111111,930.5,184.461111111111,-44.8166666666667,990.794444444444,-209.066666666667,0.901335109355824,0.901335109355824,0.901335109355824,0.901335109355824,0.901335109355824,0.901335109355824,0.901335109355824,0.901335109355824,0.901335109355824,313,118,99,228,139,202,417,219,300,628.431180559793,596.539473942881,610.130754852277,841.371,844.404,752.274,2994.18677521133,2052.68862265778,3090.37798459173,658376.229,593286.894,621146.748,0.151263600500457,9810.00725855977,0,1164.62408593935,0,1025.49676397699,1.28175913417799,6928.60475773123,0,1951.01888744088,0,3930.61869736788,0.707972895440008,8797.71246220826,0,3218.75268042298,0,3499.53957635651,1
1483718,-30,803,237,-954,481,30,-339,895,-291,474,1186,524,-290,962,383,155,1123,0,222,950,336,-690,643,212,-165,990,-116,224.245,957.445,336.5,-638.86,689.23,209.745,-117.37,988.015,-119.015,217.172529647033,954.195604690031,329.908121971845,-591.720016748203,664.252965385945,182.406278410309,0,986.474349428057,0,237.930756733971,959.154255060155,339.883185815362,658.231334714476,702.21587848752,219.706611188649,191.794342982268,988.810666912529,138.320840801377,6357.01002512563,3292.41907035176,2299.82914572864,25252.6536683417,18159.9468341708,4299.52761306532,23124.9779899497,1580.79876884422,4993.05002512564,79.7308599296761,57.3796050034484,47.9565339211316,158.910835591352,134.758846960676,65.5707832274811,152.068990888839,39.7592601646991,70.6615172857591,3.29088893594411,5.79809804756914,4.16334059576289,2.05972654324104,1.72744224161652,3.0605238628618,1.49883071527134,5.12850780123415,1.85149050534043,0.103576985459036,1.09362755066956,0.56115505519266,0.438070493368126,0.371161029602883,0.11230135943259,0.292969744365102,0.956404725852554,-0.192849593047847,171,950,346,-754,574,242,-242,990,-87,223.661111111111,954.088888888889,334.955555555556,-641.511111111111,686.394444444444,209.033333333333,-119.694444444444,985.744444444444,-117.95,0.878557484671913,0.878557484671913,0.878557484671913,0.878557484671913,0.878557484671913,0.878557484671913,0.878557484671913,0.878557484671913,0.878557484671913,504,383,287,664,481,353,494,228,291,626.208371924616,591.379904534262,609.58312807677,911.274,922.701,763.926,7240.85472280238,40473.1276045951,27384.3133989803,655265.106,584787.975,620198.556,0.512852623879174,19599.4625584544,5.21217191566729,13148.7404665506,0.408525345179816,6235.14923857996,0.159414950382392,78758.274112154,0.11168745325777,55705.0327776158,0.266802965590277,13011.1841284952,0.0309974190529934,64580.0256019219,0.181066059148871,5974.47982975872,0.0532875303360869,13779.0819899075,1
1486843,-60,921,247,-890,509,0,-310,552,-233,303,1098,415,-627,787,242,223,1123,9,151,985,306,-772,574,161,-233,990,-67,151.02,986.705,311.165,-771.075,584.135,163.565,-166.7,984.675,-78.745,124.045517697968,985.854642732005,308.39318870842,-769.155849895278,581.273110007981,0,0,977.821226218882,0,157.750213945972,987.137105472183,312.586316079255,771.987742778342,585.739110014006,168.099598452822,214.618358953748,987.178719888147,94.3910218188149,2088.53226130653,857.193944723618,891.002788944723,1415.49685929648,1886.03695979899,1511.5233919598,18363.9698492462,4961.77826633166,2722.50248743719,45.7004623751941,29.2778746619972,29.8496698297439,37.6230894438041,43.4285270277383,38.878315189316,135.5137256858,70.4398911578635,52.1776052290366,7.00336909319423,4.58016130030268,3.0179321454908,5.1850566160917,7.54094497019451,5.5604931851271,3.56464465410456,17.664661362816,3.62872265309233,-0.165720098127666,0.648495199369363,0.45650479176886,0.812978364500311,1.85987219355329,-0.982312720471334,1.28200685399205,-3.26248174232327,-1.09766438734957,141,990,287,-790,564,151,-252,990,-58,151.183333333333,985.75,310.355555555556,-772.961111111111,580.022222222222,165.838888888889,-178.455555555556,993.088888888889,-75.0777777777778,0.901335109355824,0.901335109355824,0.901335109355824,0.901335109355824,0.901335109355824,0.901335109355824,0.901335109355824,0.901335109355824,0.901335109355824,363,177,168,263,278,242,533,571,242,628.231598042651,589.856969520043,607.329815921204,869.694,911.265,756.966,2236.70477630874,2490.01410955523,20776.6048603098,658221,580387.713,617695.518,0.852231944237317,5361.07509107515,0,3124.60443093687,0,2571.47434756769,0.662236925716457,5408.45559176489,0.241105451342239,7322.13345399233,0.358234463298799,5386.43852939476,0.104192380358125,63254.8810702063,0.180091772121422,20603.8464377137,0.0972191118365333,9320.90496322242,1
1489968,-646,441,138,-881,500,0,-135,561,-291,1171,1490,1099,418,1148,737,242,1228,-58,161,980,346,-267.5,925,232,-9,990,-194,178.265,985.35,341.715,-269.585,921.855,229.89,0.39,989.095,-190.83,187.332738558789,973.187503805937,320.599741657041,0,909.813681663699,0,0,982.351329227803,-178.594925273261,273.476845454967,990.471943065527,353.179649753493,320.105677862796,926.575034738148,254.453453503779,65.8667594466283,991.92414276496,195.437432443225,43227.3113316583,10170.9020100503,8006.75756281407,29941.2791708543,8768.49645728644,11956.9325628141,4360.07829145729,5632.74972361808,1788.64432160804,207.911787380269,100.850889981449,89.4804870506082,173.035485293781,93.6402501987603,109.347759752151,66.0308889191815,75.0516470413414,42.2923671790554,8.02678552428118,10.5361551568391,27.2814366721853,5.09675716195125,8.46700404915719,4.99464788857938,3.03794868691375,11.2086246275309,3.39658030033269,0.838926196945046,-0.397477055752113,2.787365152646,-0.346779957355326,-1.41503524981925,0.510082594247226,0.33766956661897,-1.31211098592287,0.339158126793639,151,980,376,-318,925,232,-19,1009,-203,171.472222222222,987.972222222222,340.277777777778,-264.861111111111,927.372222222222,228.2,-1.03333333333333,990.305555555556,-191.605555555556,0.875789999048481,0.875789999048481,0.875789999048481,0.875789999048481,0.875789999048481,0.875789999048481,0.875789999048481,0.875789999048481,0.875789999048481,1817,1049,961,1299,648,737,377,667,233,648.236882505735,605.770963358803,606.217600623268,923.376,857.04,739.983,44210.7768878295,32714.5712251593,5887.76130319778,708336.072,615453.3,615868.635,0.794595050862259,151215.679036379,0.427714982085605,32418.3959075906,1.3572113305672,22563.9803383316,0.799563065541433,104815.744942852,0.392122325751101,25949.8519010631,0.949063404646981,43916.8099325636,1.17116148560568,19531.874031674,1.04444991812107,20025.1736100531,0.874126062711996,6659.36180828315,1
1753078,-616,509,-435,-1045,759,10,-155,828,-271,1969,1343,762,754,1212,606,155,1238,-58,191,980,366,-263,925,262,-9,1000,-184,232.775,982.17,358.145,-238.785,929.375,250.58,-3.45,997.535,-180.44,187.056365486264,964.128157821497,334.736195043002,0,923.680130223252,155.630100824773,0,993.513579229397,-168.015876820987,403.896898972993,989.800277833867,373.129957253502,319.696598355378,932.286455441674,270.133578068333,61.4450974447921,999.582460330312,185.301457090871,109495.984296482,15122.2925628141,11013.1899246231,45414.7123366834,5447.38128140704,10232.9784924623,3782.51005025126,4109.5666080402,1786.97125628141,330.90177439307,122.972730972415,104.943746476973,213.107278938762,73.8063769697919,101.158185494118,61.5021141933451,64.1059015071171,42.2725827964345,12.6143898960509,5.84403974778672,19.9894412922856,6.64550723053297,4.69241680911264,3.58819181844152,2.60971163198524,4.45395103552046,3.01292550687512,2.36621408943903,-0.600287976068356,-1.92901139458703,0.282404663270284,0.555476032810002,-0.00584965578452068,0.128103307733248,0.498014153928768,0.298435568523029,191,980,376,-318,916,262,-9,1019,-213,202.627777777778,986.45,360.688888888889,-239.611111111111,927.8,250.177777777778,-3.93333333333333,995.461111111111,-181.066666666667,0.862174529941225,0.862174529941225,0.862174529941225,0.862174529941225,0.862174529941225,0.862174529941225,0.862174529941225,0.862174529941225,0.862174529941225,2585,834,1197,1799,453,596,310,410,213,667.129808539288,611.011558974808,609.927451735122,972.69,872.19,736.773,112781.353457932,46515.5687201748,4305.27485981882,769237.956,626601.66,622366.335,1.17776080737597,431567.00667259,0.809291225990588,57462.4471915512,2.7408087844107,29271.45315107,1.62336396831556,151716.481023075,0.993398015335425,13585.5952234294,0.891914479964246,37432.8887255952,1.55054546481272,16541.3084111943,2.79523039692383,14639.1531714001,0.591511206800215,6109.62357572096,1
1756203,-343,676,-29,-909,750,-70,-155,800,-271,1464,1245,722,518,1157,575,184,1238,-38,181,980,346,-236,935,262,4.5,1000,-174,226.355,981.285,347.16,-228.02,941.495,253.27,3.005,998.645,-168.015,0,969.132489928058,277.342243012999,-331.644828118295,935.226344729119,211.475282689518,0,994.506338590894,-150.987928616532,350.114102829349,987.055730442816,359.460025593946,305.589217741726,944.624086608001,272.923634007757,61.5842106387668,1000.68935489491,174.461041496375,71701.8080150753,11415.8429899497,8735.12,41599.647839196,5931.4874120603,10393.5850251256,3802.59796482412,4107.88841708543,2218.70831658291,267.77193283665,106.844948359526,93.4618638804084,203.959917236686,77.0161503326432,101.948933418284,61.6652087065642,64.0928109625832,47.1031667362494,11.023121798345,3.90388227053751,7.6805085773276,4.59733027006161,3.17478521339459,4.11470958547453,2.82240583843584,4.60243514011249,2.55865045082816,2.45449328757105,-0.106463281357719,0.132841480594825,0.144388448237679,0.17599068640903,-0.0266374750740232,0.147959926803529,0.047961109094409,0.150785864983149,161,970,346,-254,925,282,-9,1019,-184,197.077777777778,982.633333333333,345.677777777778,-228.55,940.905555555556,253.172222222222,2.58333333333333,998.694444444444,-168.572222222222,0.851638228637512,0.851638228637512,0.851638228637512,0.851638228637512,0.851638228637512,0.851638228637512,0.851638228637512,0.851638228637512,0.851638228637512,1807,569,751,1427,407,645,339,438,233,656.3757868365,615.214373499934,609.476023332803,946.47,874.149,729.681,73438.3784077704,42198.754734886,4494.89586501294,735642.246,636112.047,621365.073,0.764512320839615,315720.598590684,0.41114548478509,46667.9763822368,1.41735189425992,29694.6720862345,1.92070571964879,170755.704561258,0.692215468208678,12079.4209344192,1.50572187511955,38122.8859241705,1.47433190842518,16500.905839404,2.34794963438498,15564.3575120687,0.588534128570926,8820.09223680593,1
1759328,-343,588,-79,-700,712,-80,-184,838,-320,1111,1284,554,290,1157,666,194,1161,-87,146,990,346,-263,935,237,-29,1000,-194,185.455,982.975,334.885,-245.445,932.875,228.49,-28.455,996.42,-195.79,0,971.034086169232,323.702943425656,0,924.39333392618,0,0,993.251987149155,-182.241476868835,307.640821413544,988.429686421852,342.921208151377,288.995977480656,937.07701657868,251.975812331263,72.1405225930614,997.982109058073,201.84437074142,60552.0783668342,10807.4315326633,5474.36359296482,23392.388919598,7897.05464824121,11340.8340703518,4416.65123115578,3131.12924623116,2419.52351758794,246.073319087694,103.958797283651,73.9889423695516,152.945705789989,88.8653737303862,106.493352235488,66.4578906613487,55.9564942274903,49.1886523253884,5.45113691609899,4.81475579740751,8.25518741600461,4.39826260442617,2.73421661813258,4.44157837165732,3.52559895172989,3.47230819749306,2.40149251161199,1.24883592458613,-0.368782913760872,-1.29356679978865,0.27777684837897,0.0932492005715551,0.202120390275568,0.263554651670984,-0.0946613648132609,-0.0225185498538699,121,990,356,-272,814,252,-67,1000,-233,171.05,984.777777777778,338.438888888889,-247.261111111111,932.311111111111,227.083333333333,-29.4222222222222,996.172222222222,-195.761111111111,0.893813711283084,0.893813711283084,0.893813711283084,0.893813711283084,0.893813711283084,0.893813711283084,0.893813711283084,0.893813711283084,0.893813711283084,1454,696,633,990,445,746,378,323,233,649.855812202062,604.574611589574,611.527386564395,925.131,853.584,749.235,61651.1297025822,25797.2056617893,4815.39787285089,713538.645,615074.292,625148.217,0.393018886777563,253106.01393889,0.957082032547928,45481.7669883369,1.21484608469056,18179.786742254,1.35502535928656,84891.8597516796,2.00554780397839,13583.878040723,1.44124539307972,42302.839306964,0.947674526694239,19113.9090537846,2.03525694984082,11096.2469964047,0.997554847620976,9059.42861922777,1
1762453,-414,676,29,-672,759,0,-223,857,-330,1363,1264,663,381,1166,595,126,1180,-97,171,980,336,-254,935,242,-9,990,-194,194.485,977.455,331.25,-228.985,938.495,243.23,-20.285,993.295,-198.1,166.633514116734,969.639890568844,300.293680584487,0,932.971911226322,0,0,990.221003151624,-185.379339187357,303.269756157781,981.06961271869,339.226561460037,276.155309563296,941.230325159575,259.471212276044,62.5431451079972,994.833209638681,203.946610660731,54420.2309296482,7114.88238693467,5374.97236180905,23947.3615829146,5167.49746231156,8205.50462311558,3517.75253768844,3073.52560301507,2362.42211055276,233.281441459985,84.3497622221585,73.3142030019358,154.749350831965,71.8853076943513,90.5842404787697,59.3106443877357,55.4393867481872,48.6047539912791,12.6140079658547,5.05363157202283,7.20595231849599,4.95369978356146,3.44844621607573,4.5913392981046,3.11686856287874,3.54268403701229,2.72750547248631,2.36009273501728,-0.519679062263656,0.0954643108182962,0.981707095796898,0.078600371522064,0.58146911522653,-0.497505901441229,0.163842920154866,-0.141257572015394,161,980,326,-236,916,282,9,990,-223,173.677777777778,979.844444444444,331.188888888889,-238.011111111111,938.255555555556,239.95,-18.3222222222222,992.333333333333,-197.472222222222,0.869437813301743,0.869437813301743,0.869437813301743,0.869437813301743,0.869437813301743,0.869437813301743,0.869437813301743,0.869437813301743,0.869437813301743,1777,588,634,1053,407,595,349,323,233,643.971015253372,606.968467385141,609.649464033375,917.82,858.504,743.874,55402.1659444562,23989.3560627316,3845.33101132119,701726.874,617700.954,621119.388,1.15946449709369,211298.396039551,1.51225441473585,23888.1544139779,2.1221021102138,16138.8083516497,1.7053290452119,77676.8698415654,2.00550272083534,9754.30900208142,1.71271786346072,25975.4391367758,1.59892118469279,15666.1968776448,5.01389827990409,9510.91952792762,0.662148581740136,8430.76608874688,1
1765578,50,931,237,-409,824,60,-135,914,-300,232,1068,405,-72,1074,404,97,1085,-145,121,990,316,-267.5,935,202,-9,990,-213,126.305,990.44,315.68,-267.91,935.435,207.23,-14.06,990.73,-211.96,116.586656881275,989.91528619592,312.169655098915,-254.380297171929,933.161037936282,184.33864071469,0,989.826421296004,-206.987452831838,131.130946004366,990.702896937321,317.434638941625,273.416916082381,936.589026734779,217.248222087086,49.2444920777949,991.18024596942,214.46372653668,1248.61505025126,523.453668341708,1116.46994974874,2996.02201005025,2171.22188442211,4273.88653266332,2238.52904522613,896.831256281405,1073.01346733668,35.3357474839752,22.8791098677748,33.4136192255305,54.73592979068,46.5963720092252,65.3749687010504,47.3130959167346,29.947141036857,32.7568842739459,3.09699075336511,3.77984480869906,2.79448216439565,3.26086322800067,3.35883438035612,3.5126784785846,2.61488811392961,2.76125435296905,2.72707332053749,0.555340601394514,0.157838675550937,0.211108247927158,0.156996785214665,0.419786573890012,0.420846998349325,-0.378302286492537,-0.0536528453844514,-0.334570723754889,101,980,326,-245,944,222,29,1000,-213,125.188888888889,990.305555555556,315.261111111111,-268.555555555556,933.766666666667,205.133333333333,-13.0888888888889,990.588888888889,-211.35,0.868002516791083,0.868002516791083,0.868002516791083,0.868002516791083,0.868002516791083,0.868002516791083,0.868002516791083,0.868002516791083,0.868002516791083,182,137,168,337,250,344,232,171,155,628.987518764849,598.923719978004,608.954724772316,859.455,846.345,744.816,1425.48115384243,4648.93106161267,2379.73485903245,659671.383,599491.563,618514.794,0,3470.29443865611,0,750.324894430842,0,2424.26112089321,5.06060589560762,6599.94392938852,0,1265.05846716989,8.28618177338809,9545.38352822446,11.0040639651523,8474.58951566077,0,1628.90475556811,0,2433.24326817987,1
1768703,-10,941,257,-445,870,70,-174,885,-320,151,1078,366,-172,1046,282,97,1114,-126,101,1000,306,-281,925,181,0,990,-213,101.64,994.555,306.855,-289.12,932.45,181.75,-1.96,990.46,-214.045,100.402760395789,993.899389682304,305.224868410528,-278.124974047633,931.280672292684,172.76540264072,0,988.751642720526,-210.241637304066,104.834345517106,994.88518181748,307.668758569992,294.676381815713,933.049468141963,185.375807483069,58.6818540947711,991.31857139872,215.93699312531,662.86472361809,660.177864321608,502.586909547739,3260.09608040201,1123.92713567839,1337.81658291457,3457.00341708544,1710.04864321608,817.611030150755,25.7461593954922,25.6939266038028,22.4184502039668,57.0972510757042,33.5250225306172,36.5761750722321,58.7962874430473,41.3527344103879,28.5938984776605,3.89086918134388,3.1413876689778,3.08836262812893,2.61776578069897,3.75038018879783,3.32445148940983,2.38632242660155,2.91518146029726,3.6869456305973,-0.601347727654532,0.339067646454213,0.145485669681691,-0.386396030198899,0.788959483796376,-0.34443990860892,-0.334312378639816,0.210944534406443,-0.344062171654003,101,1000,316,-263,925,171,67,990,-203,102.377777777778,993.905555555556,306.616666666667,-287.533333333333,930.555555555556,182.577777777778,-0.35,989.622222222222,-213.488888888889,0.853932422802498,0.853932422802498,0.853932422802498,0.853932422802498,0.853932422802498,0.853932422802498,0.853932422802498,0.853932422802498,0.853932422802498,161,137,109,273,176,212,271,229,194,627.839594028563,597.1150147741,609.271781801246,841.89,841.992,752.733,959.629541929194,3263.7638386642,3582.83988678991,657268.098,595067.802,619670.913,0,2068.95954917551,0,1506.96958616952,0,1070.72991784988,45.4586722057296,12244.0874312341,0,1015.90773462958,0,2510.53799783562,30.1493234327788,15891.7002093914,0,2098.22799088508,0,1812.14676899557,1
1771828,30,931,158,-427,842,-101,-97,904,-310,141,1058,356,-154,1083,272,126,1104,-145,101,1000,297,-300,930,171,9,990,-213,97.995,997.135,295.51,-293.805,934.255,163.21,5.565,990.09,-214.52,91.2901518416227,996.669955379403,292.604968805755,-281.419356539829,932.064608034741,152.159278093332,0,988.040807406718,-210.33223553553,100.650608542621,997.367487438808,296.734982770822,299.3349044131,935.377536078347,170.581153706967,51.7748491064918,991.123443371208,216.637531374414,530.175854271357,466.026909547739,729.135577889448,3296.48942211055,2109.27635678392,2472.78984924623,2662.98067839196,2057.76070351759,917.577487437186,23.0255478603953,21.5876564162889,27.0025105849335,57.4150626761876,45.9268587733139,49.7271540433014,51.6040761800069,45.3625473658346,30.2915415163571,2.80207313117602,3.11835893826676,6.75828842410018,2.64441763783899,3.22120990377421,7.53618746937931,2.31516076100336,2.35287624752582,2.79056222108367,-0.237499767459409,0.0444108400333552,-1.17879217057245,0.164295053973406,0.609423175331182,-1.36849842228444,-0.12948494408134,0.258703861590777,-0.341938596293476,90,1009,297,-327,935,191,0,1019,-213,98.3833333333333,997.027777777778,297.055555555556,-294.277777777778,932.244444444444,166.294444444444,6.03333333333333,989.311111111111,-213.766666666667,0.853169909129483,0.853169909129483,0.853169909129483,0.853169909129483,0.853169909129483,0.853169909129483,0.853169909129483,0.853169909129483,0.853169909129483,111,127,198,273,241,373,223,200,165,627.156686349772,597.506167724358,608.984071448112,834.384,835.608,747.867,842.433744914275,3742.4742325268,3095.35277444885,655754.46,596178.27,619162.881,0,1268.38686385157,0,659.201902675153,0,1590.68023195579,12.059481654126,11223.7592763971,0,2145.43214360233,4.44651684264952,6327.81779757771,11.5560809691182,11696.1210124901,0,2512.97641063107,0,1643.32736884182,2
1774953,-60,696,-59,-627,759,-90,-116,866,-320,282,1147,673,-72,1231,444,135,1095,-67,111,990,306,-281,930,171,29,990,-184,108.605,995.5,303.115,-294.16,935.255,168.225,23.845,996.21,-190.135,0,993.779950151148,336.541027727799,-257.375161800812,930.188680358237,0,0,994.240274108092,-180.225281468669,119.476629513893,996.277652062918,309.69304964755,308.943376688998,937.879659124773,191.612930148255,55.5256247150809,997.189615870522,194.509832656347,2492.0793718593,1556.69346733668,4051.33846733668,8960.70793969849,4941.04520100503,8458.1551507538,2527.14670854271,1962.57879396985,1691.21283919598,49.9207308826633,39.4549549148986,63.6501254306438,94.6610159447831,70.2925686044053,91.9682290291261,50.2707341158125,44.3010021779401,41.1243582222991,3.85626850525647,19.5579912458149,15.2133450977602,3.41322798737114,4.59188753803337,3.00071479685628,2.55467491701137,2.77403200515561,3.33416588986437,0.199761461451418,-1.66601195755254,-0.466756279637228,-0.227831037449686,0.719030703694315,-0.140265812292733,-0.179487441244394,-0.0284579680674276,-0.118027753513952,111,990,306,-281,898,131,48,980,-194,107.783333333333,995.694444444444,303.4,-293.25,932.577777777778,168.794444444444,24.3777777777778,996.272222222222,-190.066666666667,0.843846044976836,0.843846044976836,0.843846044976836,0.843846044976836,0.843846044976836,0.843846044976836,0.843846044976836,0.843846044976836,0.843846044976836,342,451,732,555,472,534,251,229,253,629.812046292963,602.039890299067,609.970375345695,845.34,839.904,738.912,4776.38061865038,11951.9100063376,2752.30150479871,661652.166,607067.868,621182.58,9.13917276718526,6079.00124522177,0,1767.36758420012,7.10346895985458,6513.7229517052,17.0665655238011,27922.6834644611,9.31395114993742,5020.26551755028,23.3058837820867,28529.9319519739,8.14549931225349,10172.8654298655,0,3634.86711835621,3.5036762479357,4449.76199102859,2
1778078,-30,882,39,-490,777,-121,-116,876,-281,262,1137,504,-54,1157,303,145,1085,-87,111,1000,277,-290,935,131,38,1000,-184,107.435,1002.57,278.075,-293.28,939.44,122.745,36.405,996.845,-185.93,81.8114267953566,1000.72524895394,257.556111942739,-262.172877654033,933.908904608538,0,0,995.412527248374,-176.813167422785,116.878847530252,1003.48858488774,284.053049622777,304.009309067996,942.307906153822,143.771850513235,60.5844451984171,997.551971077197,190.117437390682,2129.03092964824,1851.99507537688,3377.31595477388,6440.70512562814,5423.79537688442,5632.17082914573,2356.93565326633,1417.06630653266,1582.588040201,46.1414231428577,43.0348123660006,58.1146793398525,80.2540037981168,73.6464213447226,75.047790301552,48.5482816716136,37.6439411663107,39.7817551171514,3.91114090024925,3.63630528971907,5.86464555135604,3.09147261262177,3.35605249762021,4.03217515322808,3.02043450868649,2.8577680436795,2.3730147933765,0.391600706543999,0.0281032398196708,-0.173409151214633,0.167275495144068,0.64026854193308,-0.662672474433576,-0.310025016015108,-0.264786927900672,0.00134649627339025,111,990,297,-300,898,141,58,990,-184,106.438888888889,1002.52222222222,278.044444444444,-294.25,936.316666666667,125.833333333333,37.4222222222222,997.388888888889,-186.088888888889,0.828418429937968,0.828418429937968,0.828418429937968,0.828418429937968,0.828418429937968,0.828418429937968,0.828418429937968,0.828418429937968,0.828418429937968,292,255,465,436,380,424,261,209,194,629.34112546352,598.598113863562,610.042917516369,833.028,817.731,739.356,4387.68331738809,7065.41955070687,2379.48855941994,660801.684,600621.717,620955.03,6.60467503035334,6156.51903920001,24.9678235703407,4317.49788758678,15.0285053408899,11044.9521246688,12.7527957039917,18770.3104113531,0,3723.86620522867,8.26203382475583,17076.4010835535,10.0134248129222,9947.45373624104,0,2936.72975570122,0,3387.38459733658,2
1781203,-30,950,158,-572,768,-131,-106,857,-262,181,1078,366,-81,1138,282,155,1085,-116,70,1009,292,-327,916,141,58,1000,-194,65.825,1002.975,288.4,-326.52,925.22,131.265,54.88,995.5,-192.655,0,1002.38706818328,283.670039355044,-299.700485880065,921.079165534166,103.244449907231,0,994.208533008434,-187.460862558734,74.8610379302879,1003.26863551095,290.43302153853,336.643060228486,927.319513436442,146.415453419371,76.1216132251544,996.134769998518,195.149058414331,1277.63253768845,592.064698492464,1182.69346733668,6746.97447236181,3908.97648241206,4228.12540201005,2796.66894472362,1270.58291457286,972.066306532662,35.7439860352542,24.3323796306992,34.3903106606597,82.1399687871977,62.5218080545665,65.0240371094417,52.8835413406063,35.6452369128452,31.1779779096185,3.61524077541658,2.80408087960968,4.22824982294532,3.85187270913581,3.18923262731763,3.75458353652473,2.94528672804301,3.61308100636646,2.67838682584279,0.159695262269797,0.00291625318115766,-0.784664966502953,0.00742923648182614,0.361283937559265,-0.378449771610039,-0.403675433410685,-0.374582735098845,-0.0787064775584595,80,1009,306,-327,888,141,97,1009,-203,65.3611111111111,1002.98888888889,290.088888888889,-326.25,924.066666666667,132.355555555556,56.45,996.105555555556,-192.527777777778,0.807736949392036,0.807736949392036,0.807736949392036,0.807736949392036,0.807736949392036,0.807736949392036,0.807736949392036,0.807736949392036,0.807736949392036,211,128,208,491,370,413,261,228,146,628.150869246197,597.369251841957,610.387190910309,814.8,831.249,751.383,1583.02085516088,7987.37677030408,2899.88209501981,657902.082,596812.509,621697.281,0,3988.60335850528,0,1070.25634673903,0,3259.23735959399,11.8434059014607,22036.9826968035,0,3989.95442065057,6.44523702417004,14483.8669761459,5.42111624812465,12232.07676814,0,2496.28282170088,0,1985.78378416603,2
1784328,0,941,207,-527,814,10,-106,866,-291,161,1088,346,-109,1148,232,262,1114,-97,70,1000,267,-318,916,121,87,980,-203,75.825,1005.95,271.685,-314.055,935.965,119.45,75.515,990.41,-205.56,0,1005.10793346786,268.715781652452,-277.00718355017,931.361199240554,99.3806020597077,0,987.151328727882,-198.559256272598,83.9638314990449,1006.37533256733,273.148412040048,330.516058611378,938.354749015531,125.568746111443,123.250659227446,992.045679391831,208.963226429915,1307.02952261307,860.208542713566,801.322386934674,10663.6401758794,4501.66208542714,1506.74120603015,9535.88922110553,3258.95668341709,1417.80542713568,36.1528632699136,29.3293120054591,28.3076383143256,103.264902923885,67.0944266346105,38.8167644971879,97.6518777141819,57.0872725168849,37.6537571450138,2.19171067182344,2.6220192991375,2.94393997335615,2.06361535651316,2.83734534731081,3.0242753499381,1.68361294271098,2.12199489845816,2.35013876470736,0.206053629378492,0.400593827350197,0.0916924375263608,-0.113680692666828,0.649091975964055,0.0108811837971448,-0.147597102911574,0.14548394013622,-0.184528856802844,50,990,257,-272,879,131,-29,971,-184,75.3611111111111,1005.16111111111,271.705555555556,-313.027777777778,933.027777777778,119.466666666667,76.4055555555556,989.772222222222,-205.327777777778,0.821674552776763,0.821674552776763,0.821674552776763,0.821674552776763,0.821674552776763,0.821674552776763,0.821674552776763,0.821674552776763,0.821674552776763,161,147,139,418,334,222,368,248,194,627.493099857753,600.782949545609,611.926163647706,812.076,821.682,779.607,1414.48667048177,12644.9010068693,10400.4844048239,656670.774,603310.806,625806.591,10.365705779649,4712.69162969005,0,1215.37342571782,0,1347.2641607811,70.2124483078946,47194.0042220295,27.4191114673777,8428.96884396491,0,2581.94982918596,68.6181360329597,44718.0782846389,15.540584052822,6189.48013197171,0,3330.02573109934,1
1787453,-40,941,207,-536,833,-20,-67,914,-291,161,1166,366,-109,1129,303,233,1085,-106,70,1000,277,-309,925,131,92,990,-194,70.05,1004.65,282.035,-314.71,933.04,127.45,81.1,987.365,-199.475,0,1003.74145455893,279.471571511507,-295.494268674331,929.641279576076,108.473872659018,0,985.776617782227,-193.867974976266,75.7003963001516,1005.12213685701,283.319792813704,323.443920950758,934.825144077757,136.733097675727,101.112313790161,988.164513125218,202.186906104228,827.685929648243,953.655778894472,730.013844221105,5601.59386934673,3351.16422110553,2464.76130653266,3664.81407035176,1587.39876884422,1094.74309045226,28.7695312726545,30.8813176353353,27.0187683698037,74.84379646535,57.8892409788341,49.6463624703025,60.5377078386006,39.8421732444934,33.0869020981454,4.1604818961291,7.26410430508814,3.45575709230074,2.89891678158736,3.81368329047977,3.17740694778563,2.43419594030708,2.1226992089049,2.95384739853685,-0.0370352381509837,1.4131263957898,0.279312665296909,-0.21452879983767,0.943940010494857,0.119643048299195,-0.215936651745174,0.218913019638093,-0.177112646899004,70,990,277,-290,888,111,116,952,-194,70,1002.68333333333,281.65,-313.505555555556,929.155555555556,126.938888888889,82.1222222222222,986.388888888889,-198.944444444444,0.79039033594486,0.79039033594486,0.79039033594486,0.79039033594486,0.79039033594486,0.79039033594486,0.79039033594486,0.79039033594486,0.79039033594486,201,225,159,427,296,323,300,171,185,627.999433726172,598.303646800887,607.805057879415,814.281,825.24,763.686,1179.27561723718,6456.87302392976,4013.76854785111,657762.699,598325.976,616543.41,0,1873.11441898014,0,2151.08541876237,0,1444.17276189681,39.2066248921658,17531.1814681826,9.02611181024781,4683.08778575224,11.1928431441026,7413.54367450504,23.6437640904974,16502.8210956013,0,3095.52835795379,0,2893.5739954573,1
1790578,-30,931,227,-563,805,40,-145,866,-262,161,1068,356,-90,1101,222,252,1133,-126,60,1000,287,-327,935,141,97,990,-184,64.965,1002.225,289.35,-321.9,928.915,137.25,80.5,990.95,-192.245,0,1001.62872068763,287.324471347826,-284.673739898079,925.11215125619,120.622304591777,0,987.800863270554,-187.730460375568,73.824894175339,1002.5229797865,290.356332805055,337.420716613548,930.824395361445,143.262870276984,124.038300536568,992.526029885363,194.586368998448,1235.84298994975,600.376256281405,586.309045226133,10284.5527638191,3568.82188442211,1695.16331658291,8950,3141.72613065327,910.266306532663,35.1545585941532,24.5025765233251,24.213819302748,101.412784025581,59.7396173776005,41.1723610761262,94.6044396421225,56.0511028495717,30.1706199229095,2.68326974382063,2.80189831596866,2.80349066753154,2.06906930969763,2.55558782743774,2.46351804984423,2.10116223000659,2.20689445888207,2.65378115926764,0.0516668726783029,0.0282897062839822,0.0947281192380462,0.0514955610441854,0.17575244905461,-0.406920644123082,-0.19997479523298,0.0977211622637501,-0.502122673061358,60,990,297,-236,861,141,126,961,-174,64.9611111111111,1002.14444444444,289.166666666667,-322.372222222222,927.75,138,81.5666666666667,990.461111111111,-191.377777777778,0.819965310218763,0.819965310218763,0.819965310218763,0.819965310218763,0.819965310218763,0.819965310218763,0.819965310218763,0.819965310218763,0.819965310218763,191,137,129,473,296,182,397,267,136,627.66215467234,599.550419387061,610.551118669048,814.284,832.839,771.795,1389.92146964247,11724.0718564537,9779.84331655894,656885.544,600486.627,623014.365,16.2823159279723,4220.65137219311,0,1205.46845544027,0,1608.30691305919,30.6879978922445,40352.7519146426,18.265137599458,8726.42742021129,12.3885037356072,4651.85044640612,95.3515016418067,42284.2207421741,42.9149713436165,8941.81977145026,0,3061.15971760304,1
1793703,0,950,247,-472,842,70,-48,876,-271,141,1078,356,-172,1083,262,174,1104,-126,70,1000,287,-309,916,141,87,990,-194,69,1001.745,293.255,-311.08,928.87,146.405,81.54,991.565,-193.795,0,1001.28873127719,291.871300126766,-294.511796418798,926.479664307166,137.222024450621,0,989.39737636536,-188.743220880612,73.1324141540535,1001.97502214377,293.962353031813,318.908466491562,930.113353307004,150.817356428231,98.4192054428403,992.647210745086,196.340762451407,590.301507537688,463.216055276382,417.457261306533,4956.62673366834,2322.988040201,1318.04118090452,3052.83256281407,2158.12640703517,998.183894472362,24.2961212447108,21.5224546759049,20.4317708803357,70.4033147917649,48.1973862382703,36.3048368802908,55.2524439533137,46.4556391306284,31.5940484027033,3.08471326046134,3.18095425481641,3.06697181225093,2.5117012196405,4.06756502205179,2.85031995197837,1.99269417637342,2.35340020067628,2.55463839071464,-0.101319978275051,0.433573226670645,0.466955295656267,-0.149115967925107,0.904504175524408,0.315484973341338,-0.291070449795273,0.0433234562795728,-0.330763941767016,60,990,287,-345,907,141,135,1019,-184,69.1666666666667,1001.29444444444,292.727777777778,-310.055555555556,926,145.505555555556,82.7722222222222,991.411111111111,-193.266666666667,0.786626109970601,0.786626109970601,0.786626109970601,0.786626109970601,0.786626109970601,0.786626109970601,0.786626109970601,0.786626109970601,0.786626109970601,141,128,109,300,241,192,222,228,145,627.957159133841,596.293386040958,609.435009016318,818.4,831.813,761.85,657.206188969699,5498.12212179071,3431.03877365188,657429.696,593735.601,620150.712,0,2053.29158610802,0,773.465685636053,0,898.743505510488,16.4911323564453,20384.5393212496,18.8796143031658,4126.6122495774,0,3735.44488053045,19.7370730235796,13774.5343006707,24.4384023918903,7058.50822159996,0,3169.87088567113,1
1796828,0,941,227,-509,814,60,-48,866,-281,151,1078,376,-109,1074,252,242,1142,-135,70,1000,287,-300,935,151,97,990,-194,69.605,1001.66,290.67,-307.055,932.88,147.67,85.75,988.625,-200.215,0,1001.07573708086,288.657398469841,-285.562096684266,930.007388964754,136.570093317379,0,985.560786422776,-195.33287631513,75.8254904369237,1001.95540319916,291.689235317315,316.519833501789,934.342287387229,152.685428250374,104.747840073197,990.163746559123,202.688048488311,909.194949748744,594.848643216081,596.543819095477,5931.69042713568,2744.13628140704,1513.98100502513,3637.23366834171,3060.15515075377,1001.4058040201,30.1528597275407,24.3895191263805,24.4242465409985,77.0174683246319,52.3845042107591,38.9099088282808,60.3094824081728,55.318669097817,31.6449965084546,2.73202522634089,3.59898400220626,3.24658458734119,2.8077955545432,3.14440828837029,2.55825438305478,2.22687351779955,2.75230494128057,2.24207584137281,-0.0116071459894364,0.523248348351334,0.345936207380944,-0.0971166485729237,0.444659223317048,0.111477006454947,-0.141181458571726,0.186687996271076,-0.304970573972043,60,1000,287,-281,935,161,116,990,-194,69.7833333333333,1000.82777777778,290.133333333333,-306.533333333333,931.288888888889,147.3,86.4444444444444,987.988888888889,-199.638888888889,0.786626109970601,0.786626109970601,0.786626109970601,0.786626109970601,0.786626109970601,0.786626109970601,0.786626109970601,0.786626109970601,0.786626109970601,151,137,149,400,260,192,290,276,146,627.647907603631,598.339284504049,608.854137234395,817.161,832.563,766.818,922.533497429887,6862.96843314429,4289.34889977812,656848.047,597895.893,619487.28,0,3099.44431098103,0,850.630834159875,0,1120.11401830398,44.908789616306,23695.1063052851,70.0063191237977,5468.08246836727,0,1577.99277539708,29.8581597406459,16358.3089945486,55.4294083667329,7262.21273904693,0,2604.26654475172,1
1799953,-10,941,237,-436,833,0,-38,866,-281,202,1147,386,-45,1083,323,165,1095,-145,101,1000,297,-281,935,171,106,990,-213,95.025,998.105,298.59,-277.39,939.585,166.975,100.43,983.905,-213.45,0,997.049955902234,296.500316467407,-245.518398993576,937.091966019662,0,0,981.813349826318,-208.694406011004,105.024497142333,998.65444724389,299.633893276445,287.95148896993,940.858142867457,174.482420317922,107.412150150716,984.940015940057,215.691539008835,2010.4466080402,1102.62711055277,627.619999999999,6000.85216080402,2406.10329145728,2576.34610552763,1458.47748743719,2048.02610552764,966.771356783923,44.8380040595051,33.205829466417,25.0523451996016,77.4651674031885,49.0520467611422,50.7577196643785,38.1900181649235,45.2551224230765,31.0929470585199,2.68422718177965,7.31312966077308,3.11482807306787,2.75268294349965,3.27418343911001,3.39831145873836,3.38256915195641,2.6300886072845,2.37822323677664,-0.165889474751574,1.39734470960544,0.178006360463971,0.452909116108802,0.524955638441521,-0.0209323295420464,-0.820515163466191,-0.139117910985062,0.152072629895861,121,1000,297,-263,935,191,97,971,-223,95.2944444444445,995.833333333333,298.266666666667,-279.616666666667,937.805555555556,166.8,102.4,984.288888888889,-213.861111111111,0.772155143580481,0.772155143580481,0.772155143580481,0.772155143580481,0.772155143580481,0.772155143580481,0.772155143580481,0.772155143580481,0.772155143580481,212,206,149,391,250,323,203,229,136,628.497675173175,598.9473652925,607.873096298501,835.092,830.37,778.899,2056.99113111317,6732.03516038015,2238.32286300675,658872.792,599144.532,616900.227,0.904489462930569,7134.78731101783,0,2817.07924851015,0,1718.73333382525,4.87082216129701,19932.0001738702,0,3244.68253472854,3.53346487859386,6950.0564672135,4.73641207174886,5964.45499112329,6.90315682719964,4462.22224367101,0,2287.70554628855,1
1803078,121,892,237,-372,870,10,38,857,-300,333,1078,336,-36,1083,292,194,1095,-165,212,980,287,-209,953,181,126,980,-233,209.07,980.75,284.73,-208.665,954.66,172.735,124.285,975.425,-229.145,202.272308065532,979.407216055085,283.222531672547,-185.043146740768,952.524171522168,144.947696089785,116.73811863912,973.26632643639,-226.30004489891,212.388041094596,981.420572435691,285.465654676705,217.746882870915,955.729177120799,178.975850326238,127.315925948013,976.493484361263,230.553800662665,1405.44231155779,1322.38944723618,421.574974874372,3892.08319095477,2052.80844221106,2206.00479899498,766.415854271357,2096.07474874372,650.878366834171,37.48922927399,36.3646730665378,20.5322910283868,62.386562583258,45.3079291317872,46.9681253510823,27.6842166996171,45.7829089152679,25.5123179431852,2.60279964424488,2.9685427075347,2.60108136422319,2.81403450348874,2.4813619934157,3.77142417748849,3.06533371549694,2.61275280164142,2.71113365644856,0.169135001214811,0.0485762311748655,-0.202629425530944,-0.018054652098842,0.104821959011888,-0.559516583603739,-0.265197284751113,-0.128521305660652,-0.129361780773749,171,980,287,-236,981,191,135,990,-242,208.511111111111,980.533333333333,284.977777777778,-208.372222222222,953.938888888889,174.038888888889,124.572222222222,975.711111111111,-228.994444444444,0.76420450650862,0.76420450650862,0.76420450650862,0.76420450650862,0.76420450650862,0.76420450650862,0.76420450650862,0.76420450650862,0.76420450650862,212,186,99,336,213,282,156,238,135,626.094085400003,597.275036017885,606.292607769924,884.73,801.636,797.313,2070.12060746841,4398.65029904073,2251.84645919927,653871.396,595718.592,613742.355,0,3479.0339731972,0,3832.22824150135,0,747.582057927352,5.75541685959973,8013.55990624942,0,2556.52339034278,18.0303235429158,7810.8515288808,0,2797.91408082988,0,3741.19533635489,0,1012.16626527953,1
1806203,70,833,207,-381,824,30,19,876,-291,292,1147,326,-54,1111,303,271,1133,-155,212,985,287,-218,948.5,171,126,971,-233,208.5,985.32,285.005,-215.16,953.92,170.2,127.815,976.695,-227.64,199.191360235436,982.478485708075,283.348446940348,-192.724834117791,951.152013790534,150.349537505524,114.896389026772,973.872489388812,-224.04825270063,212.172264916977,986.731741660316,285.785960117008,224.335552242617,955.316832260376,176.458947067016,132.125111163624,978.133740855513,229.374344685712,1552.58291457286,2798.01768844221,448.005,4052.87879396984,2680.28502512563,2180.62311557789,1126.00077889447,2826.62510050251,796.603417085427,39.4028287635909,52.8962918212819,21.166128602085,63.6622242304637,51.7714692193068,46.6971424776495,33.5559350770393,53.1660145252821,28.2241637092302,3.39129859884274,3.16795216921634,3.58034225292569,2.90329989188387,2.96731430905723,3.5857299342723,5.23005470268103,2.82454347562765,2.56703611090593,-0.496251011212794,0.00984444519861788,-0.566902264594432,-0.0741816980666331,0.286197638457146,-0.294446187848461,0.100962075118044,0.458052440326686,0.0470697265498677,212,941,277,-218,944,171,135,942,-233,209.511111111111,985.527777777778,285.783333333333,-214.516666666667,953.272222222222,171.105555555556,128.1,975.116666666667,-227.75,0.76420450650862,0.76420450650862,0.76420450650862,0.76420450650862,0.76420450650862,0.76420450650862,0.76420450650862,0.76420450650862,0.76420450650862,222,314,119,327,287,273,252,257,136,628.862068371542,597.387278365226,607.146130060446,887.295,803.568,799.29,3875.2324018275,4259.29696277123,2982.69151289545,660198.129,596456.67,616089.15,4.1626435220355,5784.21099101906,20.5642059891786,11691.7723952859,0,1404.45289143307,10.9412929193181,12810.727954473,20.1988674494971,6342.449224491,18.1388064256473,7785.08429575131,13.1246316071506,4781.68090064525,19.9542146257907,8723.40341890398,0,1874.78155107065,2
1809328,-707,352,99,-1072,740,70,-87,780,-349,2565,1637,970,690,1194,515,349,1257,-97,191,980,306,-218,944,212,116,990,-213,198.33,969.775,316.16,-220.13,944.505,214.695,109.655,982.485,-210.52,0,945.157891257311,294.456225171618,-256.544692918332,939.430395071702,191.254113647362,0,977.906736895301,-198.390482036632,335.606406375087,978.914227601172,329.277770279137,307.150354061329,947.028962070327,225.947504965202,129.232987274921,984.716499810986,215.616604184372,73665.1970854272,17899.0094221105,8509.25065326633,46114.6965829146,4798.15072864322,4983.2482160804,4700.4482160804,4411.86912060302,2182.76341708543,271.413332549135,133.787179587995,92.2455996417517,214.743327213943,69.2686850506289,70.5921257370849,68.559814877816,66.4219024163191,46.7200536930923,34.0631317168853,10.6815174173449,20.3897033129231,7.87231087123905,4.75612095743098,4.16208633566617,4.17996828941892,5.55401695092808,2.96852902939778,3.52367036760249,-0.47359549896721,2.96680247712323,-0.243183483674289,0.219845589336364,0.686049507056339,-0.185263843449701,-0.0609420435899537,0.201968464750197,181,980,297,-218,944,212,135,1009,-252,186.416666666667,973.716666666667,310.577777777778,-217.272222222222,944.355555555556,211.994444444444,110.344444444444,983.444444444444,-211.416666666667,0.774117311341292,0.774117311341292,0.774117311341292,0.774117311341292,0.774117311341292,0.774117311341292,0.774117311341292,0.774117311341292,0.774117311341292,3272,1285,871,1762,454,445,436,477,252,639.90147833979,609.273186680898,608.437279340977,916.755,851.004,784.872,83052.394547231,47906.536308081,5985.57419151627,707597.145,625354.482,619714.962,4.64703579262272,185105.096164223,2.57673530412406,61446.6847510579,2.61863024217377,22396.8271901162,3.28923926571596,149887.883164181,2.08078856029413,17724.6111114551,1.1035906812428,19215.3463240086,1.3150580342166,21931.5179787635,1.35135396933629,17992.4562984615,0.881945570210247,8838.49078064259,2
1812453,-434,421,99,-1427,666,90,-77,771,-368,1777,1519,693,1027,1175,515,359,1200,-58,282,950,336,-181,944,257,106,990,-194,296.29,941.035,346.895,-187.425,936.19,273.475,112.735,987.085,-193.64,0,909.878489333472,329.784458655876,0,929.024939980091,247.570034849179,0,979.574381436608,-175.920653717814,360.898891658038,954.953912500493,354.6069866768,336.852586452887,939.607481877406,285.4239565979,139.334758764638,990.842401696657,200.547051835723,42673.6139698493,26522.717361809,5437.15977386935,78735.2104271356,6442.71748743719,6711.81846733667,6738.6882160804,7469.2138442211,2736.35216080402,206.575927856682,162.85796683555,73.7370990334536,280.597951573306,80.2665402732495,81.9256886900359,82.0895134355199,86.4246136480869,52.3101535153933,17.7845794127876,5.14590677575312,5.36302241942508,7.04124063849357,4.11567471021597,2.77817384882744,3.08690374711884,2.8888823632086,3.43333889078199,1.75371086545107,0.145853785987988,0.578517667611863,-0.197405989576669,-0.247456884088382,0.402192344783431,0.435364295949976,0.191259619751574,0.0635192682319029,232,931,287,-163,953,222,97,990,-203,289.277777777778,939.383333333333,345.122222222222,-183.4,937.388888888889,272.255555555556,110.538888888889,985.655555555556,-194.022222222222,0.749892684113721,0.749892684113721,0.749892684113721,0.749892684113721,0.749892684113721,0.749892684113721,0.749892684113721,0.749892684113721,0.749892684113721,2211,1098,594,2454,509,425,436,429,310,642.586265406852,618.75759587313,610.050623420399,960.156,880.152,778.314,47038.8711239281,80425.0922266058,8166.19747584685,700758.66,646679.232,624841.176,2.90912698447365,116703.266309994,12.3432307470303,103697.354271208,4.93981648686206,13975.368113237,15.4838572190856,305484.83391952,3.12148446767238,23317.1594145619,2.41884954402829,27706.2494782708,2.19366990214155,30861.8004921357,2.86578241290369,30625.8423835942,1.17551136815852,10634.3219342233,2
1815578,141,794,217,-390,796,90,-29,828,-281,373,1137,435,-18,1074,424,194,1123,-116,242,960,326,-185.5,944,252,87,990,-194,245.41,961.635,328.7,-188.865,942.295,247.35,88.155,990.075,-193.365,239.740357230237,958.501307679424,326.471506019878,-160.878005086844,940.477191014646,239.382729123316,0,987.833452489473,-189.904344449685,248.082425818517,963.181610601033,329.72414227654,199.078363967559,943.191467836727,250.533131541519,98.7033687368369,991.184041941758,195.020755305685,1325.44914572864,2991.90128140703,677.708542713564,3982.11736180905,1698.77183417086,1592.79145728643,1980.95575376884,2208.34108040201,646.303291457287,36.4067184147191,54.6982749399561,26.032835856156,63.1040201715314,41.2161598668636,39.9097914964039,44.5079291112139,46.99298969423,25.4224957755388,3.77683100365105,3.39189388057333,6.4244964524691,3.18316638889804,3.46967067476533,7.12245008510851,2.69746011398636,3.72787780011693,3.49575512553979,0.0702483555436559,-0.076661595018619,-0.585363802780469,-0.283401262730103,-0.194286284038347,-0.128096048377465,-0.0133363811837445,-0.0748017250523064,-0.0309177192365783,252,990,326,-172,972,242,106,961,-194,245.511111111111,961.816666666667,329.616666666667,-187.238888888889,942.805555555556,247.888888888889,88.1055555555556,990.138888888889,-193.122222222222,0.77018281481828,0.77018281481828,0.77018281481828,0.77018281481828,0.77018281481828,0.77018281481828,0.77018281481828,0.77018281481828,0.77018281481828,232,343,218,372,278,334,223,295,165,628.214539241539,597.025764316249,608.286771191317,921.447,827.106,763.359,4014.92876333038,4837.77134255753,2969.76427814138,658789.029,595205.514,618132.753,5.87375422346105,5343.82412801042,19.0530634303192,13298.3890582032,0,2109.05525459252,9.5975443005142,17611.0341974767,22.1456039616381,7163.27870028201,7.98405304840573,6910.64799808785,3.86346124952197,8738.66023440333,26.1556901841481,9670.83658876551,0,2135.46514179174,2
1818703,141,833,277,-327,824,181,29,895,-281,303,1117,376,-90,1046,313,155,1123,-106,232,960,326,-200,948.5,242,87,990,-203,226.37,967.88,326.79,-201.14,944.225,241.28,86.415,990.145,-200.96,220.669839760462,963.956675424091,325.670500890368,-186.000007385401,941.588345265684,238.818346862977,75.9876738880544,987.480969746784,-195.970148005679,228.991528227574,969.835217962309,327.343657338889,208.311617534885,945.524000224214,242.499814432919,90.7362937307889,991.495847192513,203.315739676002,1199.74180904523,3807.69407035176,363.985829145729,2951.18633165829,2467.11997487437,593.08703517588,769.369623115578,2690.34570351759,957.154170854271,34.6372892854684,61.7065156231638,19.0784126474329,54.3248224263853,49.6701114844166,24.353378311353,27.7375129223148,51.8685425235526,30.9379083141422,2.36425968071842,2.3672606058823,2.82634220764005,2.21449743110745,2.37670627978834,2.8956425454357,2.15669295150068,2.41244583522445,2.60311718098731,-0.283689904431929,0.0512337102197343,-0.0659706038668216,-0.188321741361559,-0.195301956930429,0.13009789592028,-0.0192342684244364,0.350287149585697,0.0402566948758937,232,960,336,-163,935,232,77,952,-213,226.961111111111,967.805555555556,326.822222222222,-200.127777777778,944.922222222222,241.333333333333,86.5444444444445,988.955555555556,-201.011111111111,0.76420450650862,0.76420450650862,0.76420450650862,0.76420450650862,0.76420450650862,0.76420450650862,0.76420450650862,0.76420450650862,0.76420450650862,162,284,99,237,222,132,126,228,175,628.695023841989,598.07553390333,608.834772852512,912.624,831.987,766.512,4923.69732140826,4530.3667852239,3237.41177370991,660102.804,597729.315,619580.628,19.220609991668,5193.14650868289,33.3684571337512,17616.7505493051,0,1050.22193988211,42.6914451655684,13172.3883714686,29.3286462538149,11092.6512235187,0,2250.78225436477,0,3252.40338789563,28.6815807404813,11623.7561919849,0,3878.62650265202,2
1821828,111,852,277,-318,824,161,0,876,-271,282,1107,376,-90,1055,303,184,1104,-97,202,970,316,-218,944,222,87,990,-213,205.41,972.235,320.31,-209.025,940.995,228.405,81.15,987.545,-207.955,199.265448514973,969.573161198436,319.138987790965,-196.887247099555,939.222782229929,225.198927543126,0,985.538011106192,-201.824307649004,208.341258515926,973.555434990735,320.894343982564,214.227600929479,941.873545121637,229.981575348983,87.4672510143082,988.556353982918,210.621995527533,1218.9064321608,2582.20077889447,376.566733668342,2213.07977386934,1662.49746231156,726.312537688442,1070.55025125628,2008.58087939699,1121.95273869347,34.912840505476,50.8153596749494,19.4053274558391,47.0433818285776,40.773734956606,26.9501862273425,32.7192642224161,44.8171940152101,33.4955629702423,2.47201340109102,2.66303385399861,2.90510785287473,2.85810913303994,2.90554476985647,2.69567895563388,2.87562181648825,2.8033361292155,2.76337558531792,0.0494023326434021,-0.0508545361305128,0.0958039966964896,0.115357514045659,-0.104466439345232,0.0953966448878856,0.102485929853286,0.263115032974322,0.458576290817441,181,980,326,-218,953,222,87,961,-242,205.511111111111,972.655555555556,320.233333333333,-209.35,941.222222222222,228.388888888889,80.9388888888889,987,-208.877777777778,0.766207532278821,0.766207532278821,0.766207532278821,0.766207532278821,0.766207532278821,0.766207532278821,0.766207532278821,0.766207532278821,0.766207532278821,171,255,99,228,231,142,184,228,174,627.190096200776,595.220783004043,608.061941539927,898.773,827.055,765.99,3572.4063602727,3452.4940892209,2379.55272181329,656513.667,591546.459,617553.486,2.80630397385867,4650.57094001393,17.9059702241572,11718.5154947527,0,1079.6813458684,7.38377640116481,9349.47074118257,28.2268152299299,7016.30630969938,0,2599.33537325292,0,4048.1273213535,24.4940808665972,7452.44338444537,0,4037.09803284589,2
1824953,-1252,519,0,-2045,611,-50,-145,714,-271,1040,2049,445,281,1509,343,291,1580,0,151,980,297,-263,935,202,19,990,-194,141.71,992.425,306.375,-295.575,922.98,193.56,21.235,996.805,-185.99,0,973.292574690161,0,-217.369853859653,915.883194348823,164.07650462938,0,991.745929640462,0,226.423386601296,1003.09698185171,312.230371680911,353.049267100216,926.42103818944,204.987633773357,59.1928627454358,999.871649263044,190.430013390747,31342.5385929648,21403.1903266332,3640.36620603015,37466.5370603015,6395.83879396985,4577.34311557789,3068.21082914573,6153.87635678392,1679.70844221106,177.038240482007,146.298292288848,60.3354473425875,193.562747088125,79.9739882334866,67.6560648839251,55.3914328136196,78.4466465617487,40.9842462686708,25.5601430544272,22.9988268041273,7.85063046026368,35.9448785461268,19.4520472908429,4.41970690001583,7.36708874631956,27.2295800889907,4.745823868576,-2.11494582218211,2.68198376833031,-1.01461730708409,-3.71885207117167,0.909030897743241,-0.534344303812912,0.565534068127005,3.64820745198353,1.16324979519319,161,970,297,-254,935,202,9,990,-194,147.994444444444,987.172222222222,309.077777777778,-288.183333333333,925.372222222222,195.455555555556,20.7777777777778,990.377777777778,-188.4,0.831734874724222,0.831734874724222,0.831734874724222,0.831734874724222,0.831734874724222,0.831734874724222,0.831734874724222,0.831734874724222,0.831734874724222,2292,1530,445,2326,898,393,436,866,271,637.605651196689,601.780039011757,609.88759086619,886.41,852.753,735.474,34345.1527701192,40217.8827369939,6517.38520082214,692975.346,614951.793,623706.42,0.964045270021647,93493.3210958103,2.43847600635217,81487.6831190715,1.15801135322808,11110.206612779,2.98566711559339,138454.337920204,0.813957532188078,24551.5122583747,1.40720069914482,17907.2722831159,1.02552945744648,13267.6808704987,2.34013108910662,23867.1291321627,0.302130582571058,5066.08898644983,2
1828078,-989,539,-544,-1100,731,-121,-155,866,-262,1595,1862,920,118,1259,474,213,1304,-77,151,970,366,-276.5,916,272,29,990,-165,193.57,982.1,367.09,-266.525,924.175,256.505,32.89,1000.14,-167.5,0,954.405723627581,377.832228768715,0,917.892659143168,232.321317153478,0,996.177306989406,-156.227237739392,324.52725617427,995.390064246173,386.980089927118,333.19742646065,927.441450982217,272.732533812892,66.7114682794495,1002.27837949344,172.741164752354,68189.5428140703,26413.0351758794,15073.8913567839,40185.8787688442,6078.6074120603,8631.37685929648,3385.59587939699,4303.44763819095,1792.22110552764,261.131275059251,162.520876123283,122.775776750888,200.464158314758,77.9654244653379,92.9052036179701,58.1858735381449,65.6006679706156,42.3346324600514,10.6848573944313,7.7064873620363,20.7373568903111,3.8630172770701,5.16648205299482,3.78408126144539,3.35988845099918,7.32345390369067,2.33638107976176,1.41913228732071,0.646843902693225,-1.10047122368234,-0.552248275621565,0.767942537215334,-0.67319055415458,0.037202163005016,1.473380408944,-0.137080911484449,131,970,376,-354,907,252,9,990,-184,175.077777777778,981.088888888889,363.933333333333,-259.738888888889,921.3,259.633333333333,33.0277777777778,995.661111111111,-167.222222222222,0.829250995152783,0.829250995152783,0.829250995152783,0.829250995152783,0.829250995152783,0.829250995152783,0.829250995152783,0.829250995152783,0.829250995152783,2584,1323,1464,1218,528,595,368,438,185,658.400659807819,610.254784561136,610.316412684453,948.498,874.323,731.85,73477.7243972923,42249.2768522228,4303.73209082164,747523.746,627330.723,623311.128,0.643798311294848,261174.159570014,0.400015286815874,106981.594312113,1.7461489226461,52168.1954517398,0.686886950865427,169085.153924602,0.471606107431845,23690.4084792574,0.530281236184639,37916.3400063881,1.04703682904217,15059.2750563283,1.1118219722792,17129.5056049097,0.308023574393419,7119.08583071769,1
1831203,-898,627,-118,-1136,768,-20,-155,809,-291,1212,1509,891,136,1203,414,126,1257,-77,141,990,346,-290,925,232,-29,990,-194,179.055,999.26,340.17,-274.27,930.665,225.56,-21.33,996.595,-190.555,0,978.313469825875,401.482960839576,0,925.169065566465,217.384302751078,0,992.307146480262,-179.715352502192,289.821281137186,1009.26614428504,352.611173957945,337.038840491715,933.489006362689,241.354221011359,65.1739978825912,998.835169084469,195.368024507594,52196.6653015075,20198.5953768844,8662.32271356784,38563.9669346734,5290.836959799,7411.60442211055,3811.73979899498,4492.56379396985,1866.79092964824,228.465895269967,142.121762502737,93.0715999302034,196.377103896237,72.7381396503856,86.0906755816828,61.739288941443,67.0265902009781,43.2063760300287,9.66562346080515,4.62713825401315,12.1589217744417,4.67381234229062,3.45333613490645,2.90019704229448,2.02848520616481,5.53678822177926,2.35528752795206,0.555460947790528,0.229875233872942,0.216531468815687,-0.533338579137128,0.533748680612399,-0.105868277284343,0.0787862193001909,0.920570214407041,0.0477616970011965,121,990,366,-327,907,262,-38,1009,-155,169.65,997.938888888889,340.494444444444,-267.977777777778,927.938888888889,225.633333333333,-21.8666666666667,993.516666666667,-190.966666666667,0.876485072654789,0.876485072654789,0.876485072654789,0.876485072654789,0.876485072654789,0.876485072654789,0.876485072654789,0.876485072654789,0.876485072654789,2110,882,1009,1272,435,434,281,448,214,656.973795018678,609.602579769166,610.626709631393,929.811,865.041,745.41,56211.2168673933,39699.2311520895,5110.18107476348,736169.499,625949.259,624052.806,0.687361115456852,190979.924249623,0.230255174416006,87237.6289997752,0.635549750481971,32886.056815215,0.448186526009124,152400.252894398,0.39343524932002,22299.6308757521,0.469243887780267,34053.9683764615,0.464979928295572,16899.6599209992,2.17020380904321,17518.0752122671,0.379198203997502,7503.53724878761,1
1834328,-535,627,-227,-872,777,60,-116,838,-300,1232,1343,643,136,1120,414,184,1295,-77,156,980,346,-245,935,242,-19,990,-194,206.51,982.255,338.61,-232.8,937.225,229.585,-20.125,994.1,-192.09,0,963.871609169393,0,-159.663615411192,933.686643474033,187.36455090856,0,990.591010781486,-181.482151175204,333.676520001033,990.617501864367,352.737919708103,286.835771827713,939.003085724429,244.228898781451,63.1557994169973,995.942548543841,196.745444674076,69038.8340703517,16581.0552512563,9816.38984924623,28220.0201005025,3352.85866834171,6973.34952261307,3601.64761306533,3685.17587939699,1819.2983919598,262.752419723115,128.767446395649,99.0776960231022,167.988154643423,57.9038743810957,83.5065837081908,60.0137285382714,60.7056494850108,42.6532342497002,6.29435666886964,4.19874019693665,10.4800282080542,3.84690709455126,3.29151431199662,2.33722139450079,3.14366090255085,8.15206446115418,2.27234401475273,1.52254689991883,-0.24986492184656,-1.28088752494724,-0.216954359653275,0.234274300874586,-0.223747929643165,0.600166834824724,1.16313400809947,0.168303725661353,181,970,346,-318,944,292,-97,990,-242,185.522222222222,983.05,341.783333333333,-228.816666666667,936.677777777778,230.2,-23.0722222222222,991.588888888889,-192.655555555556,0.885327454285928,0.885327454285928,0.885327454285928,0.885327454285928,0.885327454285928,0.885327454285928,0.885327454285928,0.885327454285928,0.885327454285928,1767,716,870,1008,343,354,300,457,223,654.009856418927,605.222963327658,609.24891659543,936.519,847.728,742.527,70963.5973247728,29158.3236073851,4242.16282607615,730252.257,614189.586,620759.391,0.304985538525639,277978.05347994,0.27984168850004,72072.9571776681,0.755253226749627,33761.0738450761,0.455415416516268,120542.881234689,0.321594506249405,14310.7728499682,0.385773671094827,30868.4799718406,0.950891023677525,15993.9109615724,1.88168944778647,15947.2425723214,0.229629118569869,7019.10876651715,1
1837453,-494,598,-188,-845,796,40,-174,866,-291,1616,1382,653,218,1083,393,165,1228,-106,191,970,346,-218,935,252,-9,990,-194,231.305,978.975,336.785,-220.545,940.05,241.26,-3.455,997.355,-192.28,0,967.371561734295,396.634094352005,0,937.330060213831,206.825028873599,0,993.734309073939,-182.427379504883,338.852733499377,984.336703064556,348.318826651676,263.95129285533,941.392176513062,251.326182480059,56.65946522868,999.222595320983,197.024693883787,61627.3085175879,10579.5923366834,7941.57665829146,21135.8673115578,2537.91708542714,4983.37929648241,3214.43012562814,3747.53665829146,1856.41366834171,248.248481400366,102.857145287449,89.1155242272156,145.381798419052,50.3777439493586,70.5930541659901,56.695944525408,61.217127164638,43.0861192072541,10.9399120313915,6.00654277015866,14.5808509150337,4.67765639820173,3.76081180450917,2.98573117096518,3.2070301237875,4.31613490707539,1.96369980256409,2.0613952964742,-0.162298199224132,-2.06216885526749,-0.190193317098994,-0.0804853394277921,-0.730832020123758,-0.0439630204458399,0.69458342626917,-0.0996724335395844,171,970,366,-263,935,242,-29,990,-223,211.05,980.722222222222,341.183333333333,-219.788888888889,940.705555555556,244.555555555556,-3.14444444444444,994.577777777778,-191.677777777778,0.863644586766624,0.863644586766624,0.863644586766624,0.863644586766624,0.863644586766624,0.863644586766624,0.863644586766624,0.863644586766624,0.863644586766624,2110,784,841,1063,287,353,339,362,185,652.199801737168,604.619387646671,610.947719836289,944.211,847.725,740.748,63004.46124691,21233.3098520841,4490.30374502219,723039.555,611432.619,624284.892,0.698074002838775,237719.06915039,0.599693762529179,38241.0855287096,1.6299023950484,20343.2063455257,0.924881390165505,73535.7982302559,0.748284088211691,10419.1087823304,0.731165946355111,20612.4938170102,1.20698568261511,14564.8188976292,3.16769140975081,15760.4685998019,0.174032050977309,7687.39973840299,1
1840578,-383,598,-396,-627,796,-20,-184,819,-291,1494,1352,613,181,1185,424,203,1247,-116,186,980,356,-227,944,252,-19,990,-198.5,222.275,982.95,338.13,-208.945,942.25,246.965,-19.665,995.045,-200.345,0,964.747391035732,340.265038397703,-177.510008280082,938.717596001543,254.177737642453,0,990.921937892007,-192.247322076071,343.614296850408,991.389000342449,354.404034965744,267.930746649204,944.048335626942,258.922005631039,67.7575457052571,997.143903857412,204.247019562098,69009.6576633166,16745.1733668342,11326.9578894472,28270.2230904523,3409.24371859296,6079.29022613065,4225.50027638191,4202.42510050251,1586.65927135678,262.696893136018,129.403142801225,106.428181838493,168.137512442799,58.3887293798466,77.9698032967293,65.0038481659502,64.8261143406152,39.8328918276941,9.39607486134142,3.75391863378314,16.7995273486742,2.93197311888959,4.16231988964251,3.70063171804892,4.12060984642789,5.01548180315973,2.17040706325739,1.95088484875391,-0.144875691267159,-2.44203210189014,0.100228749326191,0.481104186813752,-0.654596816032829,0.486200647804936,0.526494291171087,-0.107958853533483,171,960,326,-227,953,252,-29,990,-165,199.561111111111,984.266666666667,344.155555555556,-208.877777777778,940.983333333333,249.433333333333,-21.9111111111111,993.811111111111,-200.133333333333,0.883990387745888,0.883990387745888,0.883990387745888,0.883990387745888,0.883990387745888,0.883990387745888,0.883990387745888,0.883990387745888,0.883990387745888,1877,754,1009,808,389,444,387,428,175,655.902942142216,607.591355386779,610.870249615806,947.631,851.568,748.119,71755.7652632745,29293.5530995804,4860.47302476927,735915.093,618032.85,624362.337,0.466801144004197,297146.661354494,0.292948782269599,73313.3660032725,1.65559770298882,38316.4521084151,0.502057457779574,120318.544349012,0.829753429734839,13461.8653586457,0.933200491059299,27048.3612079967,0.838580553695602,19531.9409893803,2.15216233268475,17772.3253835164,0.329322541767581,6410.02093156283,1
1843703,-464,754,-158,-518,814,60,-194,866,-300,1222,1196,663,63,1129,515,145,1152,-97,191,990,336,-209,935,242,-19,990,-203,242.755,983.735,332.33,-215.385,941.61,233.475,-21.705,991.985,-200.89,0,977.897662972955,0,0,938.455654210738,206.724492307324,0,989.622623563052,-190.829292359841,348.133228807593,986.489455088092,345.043765339993,243.515307527063,943.197826545418,244.603975846673,63.9699538846168,993.165859763615,205.581881497373,62579.653241206,5454.16560301508,8655.24733668341,12973.8761557789,3007.78683417086,5347.26570351759,3639.2441959799,2355.96459798995,1916.70140703518,250.159255757619,73.8523229358094,93.0335817685389,113.90292426351,54.8432934292868,73.1250005368724,60.3261485259908,48.5382797180735,43.7801485497158,7.55467120261331,4.40956469348133,8.06555431761749,2.95433528161401,3.10546357939746,3.00871099654386,3.24594509606976,3.1293563666225,2.24097499942274,1.77831906900036,-0.486134882082396,-0.809307400257218,0.101632547989693,0.245379267860886,0.0830399576125747,-0.181960067651033,0.107475690147844,-0.0488435456673154,191,990,356,-209,916,262,-9,1000,-165,220.35,986.238888888889,335.083333333333,-216.483333333333,940.738888888889,233.188888888889,-20.7555555555556,991.566666666667,-200.894444444444,0.885327454285928,0.885327454285928,0.885327454285928,0.885327454285928,0.885327454285928,0.885327454285928,0.885327454285928,0.885327454285928,0.885327454285928,1686,442,821,581,315,455,339,286,203,655.810452822069,601.807030070688,609.097903018261,947.178,836.226,745.746,63659.4173582162,13650.5539674666,4175.80324868368,728048.034,605251.77,619640.694,0.633939682164192,247482.690570047,0.815167532210091,18791.3581636602,2.80090751498058,29162.5925341691,1.31477726465235,47105.382213643,1.07156952842317,9169.02324188033,0.930022220683116,21728.7269986608,1.12059534234255,16176.3977865382,1.48775253701456,9779.45746942684,0.258703987726576,7452.95567365236,1
1846828,-424,421,-217,-809,777,0,-203,847,-300,1616,1411,683,754,1129,424,116,1161,-87,202,980,336,-218,935,252,-9,990,-203,237.71,978.665,331.36,-202.39,943.115,243.665,-15.435,991.17,-205.4,361.296919974013,959.334496576678,301.609998065214,0,939.402164976699,0,0,987.246423945301,-195.170824007201,380.884523182552,986.53073190854,344.00757259107,290.07557635899,944.98649990357,256.158085954748,64.9265354073356,993.142079462954,209.884325284191,89012.0360804021,15535.3796733668,8584.68381909548,43399.1235175879,3551.33846733668,6275.71133165829,3997.2017839196,3932.88552763819,1871.62814070352,298.348849638141,124.641003178596,92.653568841656,208.32456292427,59.5931075489161,79.2193873471532,63.2234274926597,62.7127222151789,43.2623177916246,10.1199275004469,5.94372954090072,10.6237823413966,7.3891237842925,3.2447351170568,3.23642585382694,2.79924258389895,3.06766287239915,2.46368061461386,2.16900031613804,-0.768984512196733,-0.589922092848315,1.21630222580135,0.283246051721296,-0.322413447998536,-0.428432546536827,0.224480419097145,0.17790538232355,191,980,366,-200,935,292,-29,980,-233,209.405555555556,983.483333333333,331.188888888889,-214.111111111111,941.994444444444,244.972222222222,-13.3833333333333,990.033333333333,-206.055555555556,0.866558560097376,0.866558560097376,0.866558560097376,0.866558560097376,0.866558560097376,0.866558560097376,0.866558560097376,0.866558560097376,0.866558560097376,2040,990,900,1563,352,424,319,314,213,656.66273198221,611.109849721555,609.157124783159,950.979,860.172,749.307,92022.2059367494,43555.7561462082,4464.36040643226,741994.269,625656.174,620758.845,0.891503103597469,369264.719657769,1.17245745406382,51196.9421869085,2.06708734765041,30022.4758895189,2.19351330250244,155495.465447495,2.18862298168,7746.29238484284,1.12641748803074,24974.8955896359,1.41070957770429,17859.6765339522,5.25906659473136,16270.7113367569,0.357762664594481,7391.61861548375,1
1849953,-555,137,-29,-1300,768,-181,-174,771,-310,2757,1754,1039,972,1296,474,213,1209,-97,212,980,326,-218,935,272,14,1000,-189,240.235,967.28,340.625,-187.895,940.475,266.995,13.4,996.26,-191.88,234.546486116646,902.433750834638,406.765449176722,-236.881343700305,935.380340905824,0,0,991.082590228511,-180.339702611806,435.899971323697,985.714578364346,364.702872212435,335.214983257014,943.251384838634,286.604195712484,73.7110575151381,998.760176418744,197.471415653,132960.733442211,36183.5493467336,17068.1350502513,77451.8130402009,5256.23052763819,10910.1859045226,5280.1608040201,5012.96723618091,2187.96542713568,364.637811317218,190.219739634807,130.64507281276,278.301658349714,72.4998657077252,104.451835333433,72.6647149861616,70.8023109522628,46.7756926954126,26.1418713299923,8.36957581944881,14.3627995621927,8.40904503572017,7.9216879136288,5.12668837400497,3.35979510784953,4.31799240192136,2.51297285603117,3.80380932563088,-0.283492326262209,2.40822761896036,0.975510019747562,1.50667109230004,-0.968313867209789,-0.227963855052398,-0.232746368960602,-0.280592024473104,181,980,316,-236,916,262,9,1009,-174,209.066666666667,971.372222222222,329.727777777778,-197.755555555556,935.455555555556,272.061111111111,14.5166666666667,997.161111111111,-190.877777777778,0.835014593257056,0.835014593257056,0.835014593257056,0.835014593257056,0.835014593257056,0.835014593257056,0.835014593257056,0.835014593257056,0.835014593257056,3312,1617,1068,2272,528,655,387,438,213,656.299636974894,621.128657224533,611.023297351643,959.232,890.757,747.684,156166.596081228,78216.4192487985,5976.83800294069,776790.12,650540.535,625170.102,2.32676794342568,437244.976349447,2.85610989501857,119657.693510957,1.93551384220458,57143.4759726586,3.37914033741765,240740.483957233,1.69195756497048,10850.0376939581,2.70971082080933,40207.5796103994,2.78500311819564,23651.4097392403,5.94125667112764,20514.7842332128,0.498202445284721,8437.80651005247,2
1853078,-464,460,-207,-827,814,-50,-155,809,-339,1595,1411,643,590,1120,484,165,1190,-87,227,970,336,-204.5,935,262,0,1000,-203,251.24,966.885,327.67,-199.3,941.43,259.395,0.96,993.375,-203.925,281.35773960504,952.817104121697,297.323239967576,-146.385053283576,937.840456292187,235.458579495385,0,989.929265412248,-189.3881511289,368.092108038192,973.067954975396,338.847930493902,278.012535688591,943.283610585915,271.581709619775,60.1798969756513,995.06054338417,210.484358088671,72733.9320603016,12054.9163567839,7487.72974874372,37759.2763819096,3511.08050251257,6503.37585427135,3638.89286432161,3368.43655778894,2731.91896984925,269.692291436558,109.794883108385,86.5316690509533,194.317462884604,59.2543711679785,80.6435109247567,60.3232365206112,58.0382335860504,52.2677622426027,12.6713159862056,7.03310611451373,11.3613172885805,6.33529404697382,3.16151380685697,3.87374033987145,2.94133202021858,4.89369575471765,2.3512540103673,2.14082377975183,-0.246213945033221,-1.08124018072006,0.502053534653398,0.64582654177408,-0.267895939695041,0.101364055900448,-0.133773208295717,-0.0343218710245531,222,980,336,-145,907,282,-9,1000,-203,232.705555555556,967.194444444444,328.877777777778,-202.205555555556,939.094444444444,260.538888888889,0.738888888888889,994.177777777778,-203.505555555556,0.856960363453912,0.856960363453912,0.856960363453912,0.856960363453912,0.856960363453912,0.856960363453912,0.856960363453912,0.856960363453912,0.856960363453912,2059,951,850,1417,306,534,320,381,252,647.539927014142,610.521137080206,610.397313265099,948.801,859.701,746.676,76663.4624971543,37821.0555829039,3661.33284846197,718302.579,624498.939,622842.462,1.33934698818497,270929.476499692,1.51186435218186,36638.6772265924,2.32501994622313,24128.5812682371,2.42289194533758,113488.891468648,1.99309669527611,8478.35471779143,2.09523365676338,21859.9984574599,2.61538579653863,15983.5929134369,2.45462996564459,11166.8741538279,0.457290994898879,11484.4131885029,2
1856203,-414,205,-237,-2345,768,-252,-213,828,-339,2686,2186,1207,1254,1351,535,174,1247,-38,212,980,316,-227,935,262,9,990,-213,231.64,967.82,317.415,-198.35,941.53,257.88,-0.075,988.415,-216.255,246.318529440127,926.051977025048,275.297910761183,0,936.54114751163,0,0,984.631173357705,-199.351431310185,376.066084618116,983.028992451393,335.805203950147,347.3865282362,944.167474550993,269.824053783201,72.1409384469041,990.346825612119,222.532143745572,88209.6586934673,29819.5453266332,12073.2188693467,81743.3944723619,4998.47145728643,6334.59859296482,5230.46168341708,3841.83193467337,2768.17082914573,297.001108909491,172.683367255313,109.878200155202,285.908017502766,70.6998688632902,79.5901915625589,72.3219308606807,61.9825131361529,52.6134092142462,29.3217454693011,16.9247087047778,27.5975093559643,21.2185104057266,8.72049755156126,11.1834003621845,3.11501342067439,4.3902436758382,2.91127405629331,3.92502187917483,0.888299921901312,2.23074952324274,-1.13888808232182,1.18628761198738,-1.09815544393596,-0.462831684351484,0.536345088697416,0.197746098461746,212,970,326,-227,962,242,48,1000,-242,204.911111111111,970.783333333333,314.277777777778,-202.094444444444,939.044444444444,258.461111111111,2.35555555555556,986.766666666667,-216.883333333333,0.839865739507881,0.839865739507881,0.839865739507881,0.839865739507881,0.839865739507881,0.839865739507881,0.839865739507881,0.839865739507881,0.839865739507881,3100,1981,1444,3599,583,787,387,419,301,643.437807692159,618.179865118335,609.41679769699,932.157,881.796,757.689,107917.016033493,82344.4801671409,5324.45323448337,732322.101,650960.784,621307.023,3.00003589276459,290373.227273268,4.19833778949068,96979.451052679,3.22839433022127,28517.9708582742,4.16412327240041,233774.848074652,2.43276121450158,8105.1445703897,3.10519834208852,16536.0163078632,2.15090795428841,23656.1813658122,3.31753282975938,13198.3701731225,0.576552521254831,9679.37286082047,2
1859328,-202,607,-188,-872,768,50,-145,800,-339,1565,1509,603,600,1129,393,145,1142,-77,212,980,336,-218,944,262,-9,990,-213,252.405,976.105,320.615,-203.655,943.12,246.08,-5.52,988.23,-216.86,353.691996115852,964.019646161727,319.319266788109,0,940.195305367812,217.241232325451,0,984.53540609079,-203.676110814516,362.02493698639,981.847480518232,333.029690868547,280.308356992795,944.608447982549,256.475339945189,64.8975346218945,990.026151169756,222.535435380525,67692.2321356784,11300.0039949749,8155.5746482412,37283.8351507538,2823.90512562814,5250.48603015075,4202.23075376884,3571.10261306533,2506.29185929648,260.177309033048,106.301476918126,90.3082202694816,193.09022541484,53.1404283538262,72.4602375800049,64.8246153383793,59.7587032411625,50.062879055209,13.2307383690617,7.1833451953081,11.5485631790494,5.38228449633039,4.02445310091443,2.46215558752744,2.54791180588405,3.36504769646082,2.6712649923349,2.73936865182719,0.173172818468428,-1.32445048605253,0.319310632115063,0.489021617695996,-0.34868437933893,0.142792513412666,-0.305951975057305,0.098796743519535,202,990,346,-318,944,292,-29,980,-213,223.338888888889,976.605555555556,322.677777777778,-205.994444444444,941.172222222222,247.383333333333,-6.2,988.983333333333,-217.127777777778,0.859208174003642,0.859208174003642,0.859208174003642,0.859208174003642,0.859208174003642,0.859208174003642,0.859208174003642,0.859208174003642,0.859208174003642,1767,902,791,1472,361,343,290,342,262,649.792754207495,609.611408798267,609.048144818634,942.495,855.723,754.674,70889.935624437,37312.8296180151,4708.2933823468,723597.183,621982.497,620331.294,1.03223586144987,272788.814708178,1.72085076408688,39113.490729976,2.55445909365714,29789.7653993591,3.35111796481996,139375.095151534,1.17361750257956,7810.34589103197,2.54394988772635,20794.2502208146,1.36069504495676,18611.7519206387,2.29280007066375,13084.7827388484,0.603107482076492,10480.9384527018,2
1862453,-282,490,-79,-1454,768,50,-155,780,-330,2212,1833,683,836,1222,494,184,1161,-77,191,970,336,-227,944,242,-9,1000,-213,229.075,972.465,323.625,-201.265,943.65,247.275,-8.415,992.135,-207.11,254.57124003102,945.504186237659,323.955356429231,0,939.311648908709,213.42999713987,0,988.233843216743,-191.962176393196,392.886809399349,985.610209464167,334.688997428956,332.951685684275,945.868616669355,260.270349828789,68.3465800168523,994.024861359111,213.146029754251,102396.672738693,25868.6520351759,7320.18530150754,70702.7384673367,4213.18341708543,6628.87374371862,4623.56057788945,3772.42891959799,2549.42502512563,319.994801111977,160.837346518698,85.5580814506002,265.899865489505,64.9090395637266,81.4178957215096,67.9967688783037,61.4201019178411,50.4918312712623,18.0844062311301,10.1822456257819,9.64720423452665,7.31017615463814,4.42829700260013,2.94864657494554,3.01358607495886,3.80197144870608,2.78556738727172,3.35095899673564,1.01403979319432,-0.359725717484421,0.0629113929119315,0.550357685767043,0.121433063542265,0.136454071664499,-0.312805559558963,0.287696649655899,202,980,346,-272,916,222,19,980,-242,189.605555555556,969.733333333333,324.538888888889,-202.961111111111,941.833333333333,246.516666666667,-9.3,993.022222222222,-208.166666666667,0.856206690027595,0.856206690027595,0.856206690027595,0.856206690027595,0.856206690027595,0.856206690027595,0.856206690027595,0.856206690027595,0.856206690027595,2494,1343,762,2290,454,444,339,381,253,649.896855222762,618.251096626378,610.292575414099,935.001,871.992,751.656,109451.014595767,71017.3396177719,4826.84069484744,742682.553,643958.952,622912.746,1.22466115778331,396624.456658225,1.25787948753635,83339.0450447434,2.2373428199403,25517.36252465,2.42985540259181,217637.662903625,1.9255901741117,10217.7205810524,2.77627988402045,22926.1240502767,1.1463460792099,20964.2998507114,5.40929637666098,13903.8922339918,0.529072444116968,9874.57270249597,2
1865578,-323,421,-396,-781,787,20,-252,800,-320,2111,1303,792,872,1129,414,184,1209,-97,191,980,336,-227,935,252,-19,990,-203,238.545,980.025,325.21,-217.925,940.08,237.665,-27.815,991.94,-205.255,177.565842313015,961.077245927628,0,0,936.133012942806,185.345754272943,0,988.041622860402,-192.357477274633,393.684918430971,987.754951898496,339.653220211439,297.015327887299,942.047663337689,251.122430300441,85.984853317314,993.881260513548,211.476298908412,98576.9828894472,15287.2807788945,9651.02100502512,40931.4566582915,3722.00361809045,6610.87716080402,6652.98570351758,3874.36824120603,2605.63816582914,313.969716516493,123.641743674596,98.2396101632387,202.315240795872,61.0082258231663,81.3073007841487,81.5658366199819,62.2444233743556,51.0454519602789,14.6350654608457,5.90706702226953,20.0102492108205,7.7866489350073,3.25940360135804,2.82204626144798,2.94348038980183,4.54566444243009,2.40064675938943,2.87946042916907,-0.731795061810173,-1.38978343211933,0.95615358710571,0.116961398040915,-0.29939543425434,-0.201957705489172,0.169246263888458,-0.268620161266732,191,980,336,-190,935,252,-58,980,-252,204.955555555556,984.35,325.416666666667,-223.238888888889,940.161111111111,238.816666666667,-26.7888888888889,991.522222222222,-204.277777777778,0.872988294470946,0.872988294470946,0.872988294470946,0.872988294470946,0.872988294470946,0.872988294470946,0.872988294470946,0.872988294470946,0.872988294470946,2434,882,1188,1653,342,394,436,409,223,656.550002154923,609.525917050774,610.705150931093,946.416,858.222,758.532,102689.62796012,41301.8978416172,7214.30359091076,747607.182,623240.628,623949.348,1.18980247797795,380910.882194241,0.891555535019977,53566.4193573429,3.07140960734358,28866.4333293912,1.43181567855684,131519.602287825,1.08444425090529,11949.9882585335,1.68612985191417,26385.2048752527,2.33771101800641,30864.1092130724,13.5727055500905,15371.1187059393,0.590989779525991,10615.6011108451,1
1868703,-343,352,-198,-1136,777,-10,-194,828,-310,1909,1754,792,863,1148,444,145,1247,-106,212,970,346,-218,935,262,-19,990,-203,252.53,972.18,330.535,-202.435,940.615,256.1,-16.77,994.15,-207.12,267.368965534175,946.264598385297,286.963888950846,0,937.327743068549,248.646672167147,0,989.935168522923,-196.394585005954,408.256218568683,982.86212156131,345.17875803705,312.292371024334,942.279435730187,268.134984662576,76.2018372481924,996.256312401583,212.014103304474,103418.833266332,20988.9423115578,9944.71233668342,56830.7495226131,3149.70530150754,6340.86432160805,5553.25336683417,4213.48492462312,2061.5935678392,321.587986819053,144.87560978839,99.7231785327936,238.392008093,56.1222353573656,79.629544276029,74.5201540982986,64.9113620610685,45.4047747251233,12.268808405433,9.03129106621532,12.5331956328596,7.56645617017308,4.28409627315478,3.51899149846358,2.28984054948535,4.16996279814429,2.26960861951546,2.64930295467908,0.0454084796528241,-1.08348901766207,0.625524819810734,0.414330314106715,-0.418447833492594,-0.057557517975676,0.202448260648214,0.0601690235987374,181,960,346,-254,944,242,48,990,-242,214.033333333333,973.95,333.472222222222,-207.661111111111,939.627777777778,257.788888888889,-16.5777777777778,993.961111111111,-206.95,0.864376343848461,0.864376343848461,0.864376343848461,0.864376343848461,0.864376343848461,0.864376343848461,0.864376343848461,0.864376343848461,0.864376343848461,2252,1402,990,1999,371,454,339,419,204,656.161129721553,614.660102933469,611.595375680897,956.553,869.424,758.706,108698.17504655,57140.6446481455,6101.22078829768,751103.679,634388.058,625970.004,1.18714840031945,455566.454255098,2.11573691633225,77420.9582007217,3.70006822463473,33072.9294653487,3.80857626073781,201384.564249047,1.59008553192065,9927.33001783858,5.47055080063339,24735.068505208,2.89317217326319,25603.8158912821,3.72892476733919,15815.8708527908,0.434579459499498,8673.84620527003,1
1871828,-292,627,-207,-745,768,-10,-184,761,-339,1828,1411,683,690,1129,484,174,1200,-106,202,970,336,-218,939.5,257,-29,990,-223,249.895,966.66,328.58,-199.91,942.18,247.2,-32.175,987.09,-219.375,198.260817207877,951.5004533775,731.02213223161,0,939.580681597774,280.234167916,0,983.474276957979,-210.960396442912,387.236846129084,973.584084709688,344.155459058839,283.265935121045,943.464069268141,260.092252864248,83.4141175101673,988.85115158956,223.23663453833,87944.5869095477,13501.9240201005,10530.8176884422,40477.971758794,2433.46492462312,6573.00502512563,5952.4466080402,3497.41899497488,1717.79334170854,296.554526031129,116.197779755469,102.619772404943,201.19138092571,49.3301624224279,81.0740712257971,77.1521004771756,59.1389803342506,41.4462705404062,11.3395415311731,5.29462204295284,11.5171758579462,5.25966082732987,3.80309542828403,3.55890136456122,2.43442019954267,4.65300488241102,2.6616227004337,2.49040564412836,-0.202989532562505,-1.31973119685802,0.367170066319392,-0.0700291662445605,-0.340590959078031,0.125711561090364,-0.195914870249076,0.0670576456656461,171,970,306,-254,916,282,-29,1009,-242,217.05,968.561111111111,332.538888888889,-200.961111111111,942.75,248.966666666667,-32.9888888888889,987.083333333333,-219.333333333333,0.876485072654789,0.876485072654789,0.876485072654789,0.876485072654789,0.876485072654789,0.876485072654789,0.876485072654789,0.876485072654789,0.876485072654789,2120,784,890,1435,361,494,358,439,233,650.991752299572,609.875963504728,609.299187461982,945.255,857.13,764.772,89823.7000225222,40731.0309322333,6222.5181872106,729756.795,622807.212,620771.466,1.25886147442403,374580.808683258,0.881448141642896,51352.3397465439,5.62650591104719,35953.7554254699,1.33706952175132,144446.274058356,1.92065105820909,7305.96157999018,2.84125735710711,25246.7250335214,2.49030953218909,27590.6656058681,2.13568481987252,13160.8853343237,0.29143638643768,6584.50744665503,1
1874953,-252,549,-188,-863,824,-70,-145,876,-359,1636,1509,514,372,1074,353,97,1133,-116,181,980,316,-227,935,202,-9,980,-252,190.045,979.12,309.815,-231.5,942.07,199.23,-6.065,983.535,-249.47,179.157040647761,973.184321218075,304.150587077241,-185.362528468813,939.898261479895,179.977551662157,0,981.484892566765,-243.205386984538,242.278218170763,981.930649282321,316.120791786937,260.599788948495,943.168171642788,207.935398621783,46.4711200639709,984.553165146504,252.357524159673,22695.1085175879,5539.5232160804,3966.85505025125,14391.959798995,2080.71869346734,3562.34884422111,2133.44801507538,2013.90831658292,1456.32070351759,150.648957904089,74.4279733439007,62.9829742887016,119.966494484898,45.6148955218286,59.6854156743597,46.1892629847606,44.8765898501982,38.161770183229,58.0525446377597,21.9201846314917,22.6994153755538,8.77368126520269,3.01029158107272,4.64294386958747,2.87277235544095,3.18559455527525,3.25153444803156,6.25268262063824,0.845389506710826,-2.55056299125232,-0.138899401513997,0.337956974522754,-0.469272531022508,-0.163365628632043,-0.0385679560089979,0.067433540201727,181,980,306,-118,925,191,-19,980,-242,180.672222222222,979.75,312.388888888889,-231.238888888889,941.011111111111,200.177777777778,-5.43888888888889,983.7,-249.466666666667,0.868721246339405,0.868721246339405,0.868721246339405,0.868721246339405,0.868721246339405,0.868721246339405,0.868721246339405,0.868721246339405,0.868721246339405,1888,960,702,1235,250,423,242,257,243,631.771922192728,599.340229092326,609.901402327569,892.14,826.926,762.456,25170.2683867717,14440.3399678777,2374.53928261068,673691.334,600429.348,621113.292,2.66027934136444,74608.8919441643,5.38861973332697,17079.2235063147,5.52182650707149,8444.76499811163,5.46492547902352,43041.1819745694,3.34944862714808,4755.63988093594,3.26686850031002,13369.5096132441,2.82602354280413,8489.27125004537,2.68039788922822,7128.99296197966,0.747154096983229,4679.75039679334,2
1878078,70,823,168,-481,796,-30,-116,838,-359,333,1147,465,127,1111,333,106,1152,-155,191,980,306,-227,953,191,19,980,-252,191.43,981.78,307.54,-235.125,947.995,188.745,18.635,980.08,-252.505,177.188010122895,979.543144003732,302.472029088992,0,945.250512429599,173.777594812751,0,976.904262012444,-247.984342712107,197.667903312602,982.896673104554,310.099000320865,259.52944919604,949.336965992582,198.149627806867,50.4564663843991,981.663368981445,254.736010410778,2439.35185929648,2204.92623115578,1588.4808040201,12132.4315326633,2558.94972361809,3656.88439698492,2209.63997487437,3121.77246231156,1137.34670854271,49.3897950926756,46.9566420344958,39.8557499492872,110.1473174102,50.5860625431362,60.4721787021513,47.0068077503075,55.8728240051598,33.7245712877527,2.76162741766785,3.47901293030599,4.7296096785106,2.78118078252741,3.02787019333212,2.85982093128357,2.49386744417733,2.6996359306134,3.05731610281505,0.0496770198709509,0.0979982298566697,0.57941323856759,0.114339918186862,-0.298426785484315,-0.234892681971447,-0.304140192823226,0.0593809772594769,-0.213147581915528,212,970,306,-300,925,232,19,990,-233,191.144444444444,981.777777777778,306.072222222222,-236.433333333333,949.116666666667,189.477777777778,19.4611111111111,979.711111111111,-252.088888888889,0.827583556779015,0.827583556779015,0.827583556779015,0.827583556779015,0.827583556779015,0.827583556779015,0.827583556779015,0.827583556779015,0.827583556779015,263,324,297,608,315,363,222,314,204,629.242484826953,601.484738510218,608.363703197306,888.45,824.169,764.94,3759.00373440982,13136.8072727933,3133.40236994719,660791.916,604715.691,618659.556,3.53312278866629,7548.58606880932,11.920781699354,7940.24975661651,0,2829.25443504071,13.4712483002876,42611.8804292432,26.4811033746298,6295.10424369031,6.6559483824877,15128.8535831309,8.72409046683365,8999.89162849956,33.6959362495564,11380.2160898355,0,2056.7766676548,2
1881203,-404,852,0,-672,759,-10,-174,885,-378,343,1215,455,27,1148,353,174,1133,-126,171,980,316,-254,944,181,43,980,-233,166.96,981.195,314.8,-255.73,939.105,183.4,30.595,984.275,-235.83,175.738224847072,979.277662266603,0,-180.237150904746,934.583552776336,0,0,981.867928530894,-229.119225754097,180.508254658894,982.175552027233,318.338467672382,276.370331258621,941.327358042886,198.225830809206,75.4435219220312,985.487181550323,239.100271852627,4731.24462311558,1934.86128140703,2251.59798994975,11037.9166834171,4199.99394472362,5686.35175879398,4779.56881909548,2399.70791457286,1560.95587939698,68.7840433757393,43.9870581126658,47.4510062058725,105.061490011407,64.8073602665903,75.4079024956534,69.1344257161038,48.9868136805494,39.5089341718678,31.2631459642105,6.33829375016006,13.8988861185334,3.83569294284885,3.20901180160115,2.4682104261804,2.97271278932462,2.56941931180294,3.383066531879,-3.94277385069926,0.717575035570195,-1.99729509911826,-0.188655782827514,-0.079066811545931,0.0397895960549328,-0.558954658096575,0.230595943191034,-0.27281394908713,191,960,316,-236,953,151,9,952,-242,171.638888888889,980.261111111111,317.8,-255.85,939.377777777778,183.666666666667,33.3555555555556,983.533333333333,-235.294444444444,0.827583556779015,0.827583556779015,0.827583556779015,0.827583556779015,0.827583556779015,0.827583556779015,0.827583556779015,0.827583556779015,0.827583556779015,747,363,455,699,389,363,348,248,252,628.464590012563,599.269291271719,609.511738381094,882.069,827.163,769.59,4830.80061057805,11968.0411838558,4892.18771463366,659154.855,601062.741,620427.39,3.1811522846642,14265.2141812904,3.14461884818247,4103.12455205495,2.49101232368488,7442.66359782979,11.6429032690206,39720.8640554562,3.49318863474404,5157.86188927885,4.50891494423238,22105.724744822,8.44518683782129,21534.8292431786,4.78145343371526,6154.59631932028,0,2634.03988995491,2
1884328,-373,735,-594,-681,740,-131,-155,857,-359,444,1421,554,100,1185,343,194,1114,-106,161,990,316,-254,944,181,9,990,-223,146.435,987.81,308.975,-266.86,940.68,185.47,9.975,987.55,-220.76,155.206065053112,984.319002883432,333.92131837528,0,935.896498384842,164.547771871689,0,984.663317383939,-209.772925405754,172.167578248635,989.669283144627,323.750791504824,293.394291014669,943.060162449883,198.631845382356,70.3846218999577,988.978907762951,225.957363234748,8239.66409547738,3695.16974874372,9396.00439698491,14940.6536683417,4506.13829145729,5080.89356783919,4878.88881909548,2838.46984924623,2333.41949748744,90.772595509203,60.7879079155034,96.9329892089629,122.231966638608,67.127775856625,71.2803869787419,69.8490430793113,53.2772920599971,48.3054810294591,15.0178874594734,21.8936358912353,43.9065099841438,3.75454093586925,3.89595179800551,4.28911967737423,2.45746040094781,2.55658686716793,2.8364949531708,-2.3023915596467,2.03269366154721,-5.16009408086538,-0.288831866133103,0.150547369946157,-0.560374185424193,0.0729660046075044,-0.0888674720505886,-0.214704393547123,161,990,316,-218,935,161,-9,1000,-223,153.116666666667,986.244444444444,317.827777777778,-265.4,940,187.255555555556,9.63333333333333,987.644444444444,-220,0.856206690027595,0.856206690027595,0.856206690027595,0.856206690027595,0.856206690027595,0.856206690027595,0.856206690027595,0.856206690027595,0.856206690027595,817,686,1148,781,445,474,349,257,253,632.287772813221,603.040563856049,609.369552759977,880.452,837.792,759.795,11551.3228044272,15144.0054309222,5480.07871503631,668340.924,608938.374,620454.003,3.05042105361041,24427.2173424008,12.9793540958977,10400.5835699027,2.74945430039311,35357.3646430847,9.31555804756746,57978.3418925909,3.81770724503293,7388.02692642254,3.72253140345514,19619.5233740396,2.36561119132082,21362.1391154902,3.77926004174878,9662.18281984128,0.569589998631283,5321.59088068426,2
1887453,-383,774,-257,-718,796,20,-184,809,-359,383,1401,485,136,1175,424,165,1200,-116,171,980,316,-254,944,191,9,980,-242,163.605,986.29,306.035,-254.365,944.685,189.52,10,985.12,-238.665,187.244204956672,982.550874825602,280.558668696049,-229.314533005117,940.724095409317,152.155021428577,0,981.826195812043,-229.826745531861,181.363268056131,988.294768781055,313.41891295836,286.850649293321,946.711996860714,201.912827725234,67.5786208796835,986.771954404867,242.720878788785,6156.82309045226,3978.47829145729,4596.97866834171,17670.0922361809,3853.12138190955,4875.33628140704,4489.31658291457,3273.8448241206,1962.25404522613,78.4654260834176,63.0751796783591,67.8010226201767,132.928899176142,62.0735159460905,69.8236083384913,67.0023625174111,57.2175220026226,44.2973367735142,22.8420113647178,13.6024081139745,27.6565282955966,4.96376922412438,3.92651856726896,2.82889254949731,2.88198126769799,4.2186527220012,3.23159203416975,-2.91466925701705,1.70103657542277,-3.43357234040597,-0.285384744875391,0.537494480351935,0.00385671073151158,-0.106719873014631,0.250064453132896,-0.0499269907071041,161,960,326,-263,944,232,19,961,-252,167.727777777778,983.205555555556,310.455555555556,-252.844444444444,942.344444444444,189.572222222222,10.4611111111111,984.472222222222,-238.694444444444,0.847770089271221,0.847770089271221,0.847770089271221,0.847770089271221,0.847770089271221,0.847770089271221,0.847770089271221,0.847770089271221,0.847770089271221,766,627,742,854,379,404,349,391,243,630.710435001849,604.189435330337,610.173645379137,880.176,836.286,766.929,9384.77297720425,17966.5749786135,5382.48443239812,664710.36,611589.414,622319.511,14.9828789004203,19846.8164089131,10.3492068104303,13802.5978280662,1.87949793741949,17367.7013622225,12.3285579472566,75796.5317579881,1.64054660288355,5781.31981542811,2.62301688692716,19694.3159772736,1.9124711417847,19131.5265146951,2.56353502169448,11469.8767053438,0.476312176676824,4946.43899222346,2
1890578,-313,862,39,-554,814,50,-165,819,-349,363,1264,504,45,1074,343,155,1161,-97,161,980,306,-245,944,191,19,980,-233,158.02,985.945,307.35,-259.185,937.34,188.34,14.625,983.455,-234.5,156.126419792136,983.862438495465,289.609788063507,-295.664035036607,934.333140585689,160.00209952546,0,980.118391339845,-224.661843259834,173.997586190154,987.040837554354,311.887223207364,280.696232607422,938.839363256569,198.896505751107,64.264725938885,985.131110563462,238.900920885626,5331.49708542714,2172.93665829146,2823.73618090453,11671.8701256281,2827.21045226131,4108.4064321608,3935.74309045226,3316.14871859297,2093.86934673367,73.0171013217255,46.6147686714356,53.1388387237106,108.036429622735,53.1715191833119,64.0968519676341,62.735501037708,57.5860114836317,45.758817147449,18.4656875334497,10.2409021137001,7.72904989769447,3.19524824750027,2.49387647248982,2.51508725543625,2.94631846889606,3.13736573837661,2.90223992836069,-2.61929347110421,1.4276560704341,-0.629317997709898,-0.177282768403795,0.0503494828134756,-0.103116136572779,-0.286234585977682,0.216870341457485,0.0609400868620915,161,970,316,-309,916,212,0,1000,-233,161.7,984.177777777778,308.6,-258.483333333333,937.122222222222,188.322222222222,15.7611111111111,982.827777777778,-234.655555555556,0.841464636208176,0.841464636208176,0.841464636208176,0.841464636208176,0.841464636208176,0.841464636208176,0.841464636208176,0.841464636208176,0.841464636208176,676,402,465,599,260,293,320,342,252,629.313130203176,599.115243808744,608.506050338245,875.691,831.297,760.848,5390.50831085956,12599.8717432724,4322.6055190093,661079.049,599861.727,619012.146,5.69539599600311,16707.9446628252,0,4048.93126127841,1.41575218855387,8951.19058694548,10.3662122899258,41454.1098325625,0,3980.33815763771,5.1582008980503,17270.3088343899,2.08498263784814,15863.1500054457,6.1545857020246,9797.92197719173,0.441068677848974,4751.77628831493,2
1893703,-656,-254,-376,-2745,574,-40,-300,666,-553,1262,3411,752,563,2092,434,233,1514,48,171,980,326,-263,935,202,9,980,-233,175.275,990.89,307.01,-273.885,932.625,192.51,-7.355,987.4,-229.24,0,960.381234982238,0,0,917.712237399932,0,0,979.617436893646,-218.788955011102,274.781522304539,1039.30679782247,326.586558204712,414.937676043041,941.566861672606,213.796164605448,90.0844326174062,991.567526696997,238.248315838748,45008.6023869346,98789.5757788944,12465.9697487437,97648.5243969849,16842.9792713568,8692.16070351758,8101.61706030152,8288.84422110552,4232.44462311557,212.152309407498,314.30809053999,111.651107243698,312.487638790697,129.780504203662,93.2317580200952,90.0089832200182,91.0430899140924,65.0572411274531,11.256504151238,37.3844638332649,11.0303350905373,22.9984628704118,33.5343972470762,2.76056713334296,3.87341372252876,11.6502078647536,6.45253665633264,1.0819229372396,4.20348917849016,-1.52031001776978,-2.71821748386253,3.3600812585102,-0.242759068751013,-0.64801977049392,1.47344354803099,-0.213558042795541,191,1000,326,-354,944,212,58,961,-262,168.711111111111,975.394444444444,313.822222222222,-257.8,929.816666666667,193.888888888889,-3.96111111111111,983.944444444444,-228.855555555556,0.848548178294616,0.848548178294616,0.848548178294616,0.848548178294616,0.848548178294616,0.848548178294616,0.848548178294616,0.848548178294616,0.848548178294616,1918,3665,1128,3308,1518,474,533,848,601,647.179325281796,616.685837314089,611.843243116477,909.519,863.52,771.831,118974.9328378,102633.810135668,11223.1199395948,757393.371,662658.138,628850.175,3.02953064603152,154155.931613716,2.00346046948263,219943.006718598,0.87234045682677,38084.1483483153,3.50612060241685,291950.851987221,0.777222100083975,39682.6395276982,2.24573174319215,32472.737769323,1.04467025723139,35441.0691335143,1.87069595854318,26548.6554844964,0.286207889216623,10644.5844885135,2
1896828,-1242,617,-316,-1490,685,0,-174,819,-349,2292,1960,544,436,1314,464,174,1361,-97,196.5,970,346,-218,935,252,-24,990,-203,258.625,986.72,332.435,-223.86,937.56,241.5,-21.63,992.185,-205.68,314.482669293991,971.285153238378,383.674704571637,0,930.739903949961,0,0,986.332500982836,-190.856280141562,420.660367755271,995.368806021165,344.625572179431,309.319527349956,941.016450440692,258.63056663898,73.2815119931351,995.22809697074,212.787758106523,110621.361180905,17228.8458291457,8295.23193467337,45794.2416080402,6525.83557788945,8610.57286432161,4926.95788944724,6078.28218592965,2989.31417085427,332.597897138428,131.258698108528,91.0781638740778,213.995891568133,80.782644038738,92.7931725091971,70.1922922367352,77.963338730006,54.6746209027028,14.5947205807881,17.8787416561613,16.6713533704641,11.2836677195715,6.64753035148091,2.89280497359471,2.62950859427046,5.80378189715995,2.46543906136568,2.05802448569017,2.12982998554631,-2.374792483087,-1.38334049688591,0.596679313322076,-0.445020760232538,0.199082780128308,0.818372012519895,-0.273664201181237,181,960,356,-309,953,303,-48,1000,-213,229.566666666667,982.083333333333,337.227777777778,-218.188888888889,936.644444444444,243.466666666667,-22.8444444444444,989.416666666667,-204.366666666667,0.874393433485705,0.874393433485705,0.874393433485705,0.874393433485705,0.874393433485705,0.874393433485705,0.874393433485705,0.874393433485705,0.874393433485705,3534,1343,860,1926,629,464,348,542,252,667.385167919399,609.741977456879,610.51668902693,968.268,856.332,754.413,110675.453343458,46303.8294124282,7116.04732590856,771888.594,628848.18,624676.665,0.67709413652584,375857.037842888,0.687375329513976,49187.9121936724,1.34483237371322,18238.6467504753,1.18766752769918,157599.284912923,1.17625208579222,17367.2724569893,1.25847239069767,31708.8971970817,2.24041881382715,21050.5808819746,1.90902242102878,24096.6209480477,0.225616006249781,10225.1446195802,1
1899953,-424,303,-267,-818,750,-20,-203,771,-349,2050,1421,584,727,1129,434,165,1190,-87,191,980,346,-245,935,262,-19,1000,-208,248.02,986.845,331.28,-224.275,943.375,245.975,-15.015,990.12,-207.65,0,957.934194858254,344.152992756347,0,938.980943576424,221.633609849248,0,982.801082810001,-194.750449719004,421.709165183779,997.84385301509,352.470651260499,316.569936980756,945.559577710469,262.640790815136,74.6707104559746,993.630469540865,213.364945574478,116909.245829146,21938.9959547739,14561.9312562814,50168.0898241206,4147.26067839196,8519.07977386933,5377.1505276382,6998.89005025126,2418.16834170854,341.919940672002,148.118182390866,120.672827331928,223.982342661471,64.399228864886,92.2988611731983,73.329056503123,83.6593691719658,49.1748751061814,9.48588973307447,5.96346024036551,12.4397800363476,4.55165588881561,3.64104340791241,2.5904735674605,2.92522084419767,3.05420821174779,2.67562703837513,2.06473199980922,-0.530839475606331,-2.25243339132857,0.278948593186602,0.11622067467776,-0.448780967642644,-0.202282241540328,-0.294108468381629,-0.00686856304188513,212,980,336,-309,925,323,38,1009,-223,216.427777777778,990.45,340.283333333333,-224.483333333333,942.844444444444,248.722222222222,-14.2388888888889,991.288888888889,-207.683333333333,0.867281622200026,0.867281622200026,0.867281622200026,0.867281622200026,0.867281622200026,0.867281622200026,0.867281622200026,0.867281622200026,0.867281622200026,2474,1118,851,1545,379,454,368,419,262,670.295080144471,616.135015481655,609.4246996301,973.899,874.293,754.077,119380.171312243,50559.0978351644,7204.79402165924,778659.921,637967.775,623041.095,0.806990916124169,474991.443755511,0.605134616303642,72780.6271947019,2.56084613900303,44256.6239532068,0.815049203197115,171765.909570143,1.08616917681279,15224.7241802179,2.17088833689529,35350.751411772,2.01584619115693,24024.1911348003,6.36909544691983,30233.6170187029,0.428763391666567,9095.63803290035,1
1903078,-464,166,-247,-872,759,-111,-203,752,-349,2202,1450,643,1190,1212,515,155,1257,-97,212,970,346,-213.5,935,262,-19,1000,-213,264.04,956.635,335.07,-178.655,939.25,258.745,-12.42,992.185,-211.995,0,903.080366258233,396.713778921115,0,934.121829088067,315.534509817145,0,984.284631325897,-198.686878712272,478.400094063536,974.328509795336,353.889262340637,334.282268449884,941.834682946004,278.526147785087,75.9179161990106,995.981443100222,217.744379950436,159949.274773869,34337.2078140703,13030.8593969849,80228.1668090452,4886.43969849246,10681.2462060302,5637.46090452262,7585.89022613066,2483.15072864322,399.936588441054,185.303016203381,114.152789703033,283.245771034706,69.9030735983223,103.350114688036,75.0830267405532,87.0970161723733,49.8312224277432,8.73907412663765,4.71984101693664,8.0469781754028,5.45185294457856,3.98488887183262,3.44776419262763,2.81863983841606,3.80123428161618,2.62212729225445,1.80210743369088,-0.481675888167015,-1.169191247911,0.468320801696718,0.333321481539864,-0.246015078051679,-0.0293901569629192,-0.179318328167584,0.135163368228927,212,960,326,-272,925,292,-38,961,-213,229.961111111111,958.955555555556,339.722222222222,-179.822222222222,938.472222222222,259.988888888889,-11.8,993.016666666667,-212.25,0.864376343848461,0.864376343848461,0.864376343848461,0.864376343848461,0.864376343848461,0.864376343848461,0.864376343848461,0.864376343848461,0.864376343848461,2666,1284,890,2062,453,626,358,505,252,665.488683427546,618.997270389478,611.16438163396,980.379,881.166,758.562,166214.245351771,80938.0544976364,7846.70736801298,782052.183,645824.412,627093.108,0.767260955895144,619249.080060103,1.09591199841624,122377.982830079,1.44298510151008,33927.7013291101,1.24864434801941,254672.374006287,1.62900406183685,16134.3964998479,1.31383219388279,40040.8753620063,2.74272434575175,25888.4696503461,8.43595252976229,31639.3356783613,0.35720856984526,9158.20701895483,1
1906203,-616,235,-495,-1718,694,-202,-252,733,-359,2373,1950,871,1209,1231,525,213,1180,-67,202,980,336,-227,935,262,-4.5,995,-213,243.6,969.77,337.465,-210.975,942.455,254.83,-8.33,988.045,-213.815,260.945702389275,889.456007833318,292.697463788615,0,936.269765686181,256.223601099102,0,981.957579380491,-199.550199833116,484.861784429336,998.491316937709,365.074177394129,393.178172079784,945.57855570016,276.860127140042,79.4692393319579,990.912874575762,219.851438476076,176633.155778895,56815.1327638191,19493.9987688442,110631.783291457,5927.013040201,11772.0614070352,6277.35788944724,5703.9225879397,2630.95555276382,420.277474746024,238.359251475203,139.620910929718,332.613564503099,76.9870965824858,108.499130904515,79.2297790571653,75.5243178581555,51.2928411453667,13.3617103337064,6.57763148669401,12.2605790118192,7.12807626833965,4.50795003253022,5.38169761446592,3.48036503674351,3.84844051294708,2.81623924816622,2.63150166496859,0.190182431635595,-0.129568589849325,0.167047138279469,0.420421292155783,-0.837359444233092,-0.269064925089378,-0.533846694110566,0.00628669345254614,191,990,336,-354,916,282,29,1009,-184,200.305555555556,969.9,332.266666666667,-216.833333333333,941.1,258.816666666667,-7.20555555555556,990.433333333333,-214.022222222222,0.856960363453912,0.856960363453912,0.856960363453912,0.856960363453912,0.856960363453912,0.856960363453912,0.856960363453912,0.856960363453912,0.856960363453912,2989,1715,1366,2927,537,727,465,447,292,668.964319271722,630.868312152795,609.253647064481,975.369,909.174,758.628,202538.654148487,113710.806533041,6642.84962162712,819213.009,675215.646,621935.004,2.24626809857849,630813.461232302,2.41876009704672,198264.267637803,2.97194376309366,49017.5004384161,2.56321705337352,391111.324180187,1.78394028322348,19018.2877916555,2.43511088296035,39874.3085449278,1.63781408531336,29107.2048170504,5.24442894106064,22878.5807895722,0.54607415075857,10223.9936821707,2
1909328,-787,352,-1049,-1136,712,-111,-213,733,-349,2424,1598,930,718,1194,555,233,1247,-116,202,980,316,-218,935,242,29,990,-233,245.275,973.995,312.485,-210.635,944.465,236.59,20.45,986.15,-230.44,0,926.062316341106,392.799395332778,0,937.418765347966,185.371642396906,0,978.544482201614,-222.145404768355,412.312605919344,991.968429437147,343.442229494278,339.058660116506,948.00928529208,254.207474319698,89.8391340118548,989.752807523171,234.27464651558,110393.828517588,35512.6683165829,20407.7284170854,70948.4138442211,6741.17464824121,8690.06221105528,7691.32412060301,7154.5703517588,1790.97125628141,332.255667397245,188.448052037114,142.855620880263,266.36143460385,82.1046566781764,93.2205031688591,87.7001945300181,84.5846933656368,42.3198683396039,17.3279257249584,5.76425526861095,45.3209449382999,5.00081115990512,3.75093217411923,4.62516121023398,2.74170506301685,4.08358966059756,3.11012229920236,2.6678369647916,-0.261077639889738,-3.89117876230126,0.411640331419747,0.325056349664541,-0.526902754227236,-0.273541968827318,-0.339015840849906,-0.0413107995612387,262,960,297,-218,916,242,38,942,-233,217.866666666667,975.9,315.294444444444,-217.505555555556,943.083333333333,239.455555555556,22.3333333333333,987.844444444444,-230.383333333333,0.830081255590645,0.830081255590645,0.830081255590645,0.830081255590645,0.830081255590645,0.830081255590645,0.830081255590645,0.830081255590645,0.830081255590645,3211,1246,1979,1854,482,666,446,514,233,656.472442661193,619.392283688745,610.532917454603,951.585,878.436,773.796,123200.506598067,72329.7329537294,9040.16726856266,763173.369,646982.292,625539.78,2.65120299358007,235952.767858944,5.53036043793243,128455.567803182,7.17983094148334,42238.8799954505,6.36406833483419,245315.191522234,1.8701568553941,21061.4462594102,7.63776258741894,34468.8035769602,3.8837750018943,34714.7170522376,1.56067055805054,29407.9883543668,0.941191479240087,6719.23332921101,2
1912453,-515,509,-980,-1518,722,-131,-310,695,-495,959,2127,1069,618,1462,424,291,1438,-48,202,970,326,-281,920.5,222,29,966,-242,208.565,974.255,318.37,-247.805,941.83,213.755,30.61,981.52,-240.755,0,945.996579112772,0,0,932.117217877085,0,0,971.593369324074,-212.489589354412,267.186610817234,991.140941037146,365.188800485448,373.115350796506,947.089151030672,237.910371778954,104.725068632109,986.680763975867,250.669373877225,28029.4731407035,33354.3316331658,32164.2242211055,78198.740678392,9984.03125628141,10964.9698241206,10080.771758794,10208.4619095477,4896.6482160804,167.420049996121,182.631682993849,179.343871434475,279.640377410688,99.9201243808343,104.713751838622,100.403046561317,101.036933393427,69.9760545906984,7.27277954144543,16.1162297251255,20.2860010313532,7.46053879452552,5.99953148010914,2.83040704366343,3.4709601686432,4.96667986273787,5.27489684491002,0.171957238212362,2.40955216909029,-1.79079378064743,-0.57033513787744,1.13358206780906,-0.337553669006027,-0.381039567438745,0.741470492552015,-0.433205631417853,191,970,306,-263,888,232,87,933,-262,208.005555555556,962.616666666667,326.194444444444,-246.044444444444,937.066666666667,216.377777777778,33.3055555555556,977.822222222222,-239.022222222222,0.825906873879252,0.825906873879252,0.825906873879252,0.825906873879252,0.825906873879252,0.825906873879252,0.825906873879252,0.825906873879252,0.825906873879252,1474,1618,2049,2136,740,555,601,743,447,644.920903908233,620.937582815621,610.95734357663,924.234,878.796,782.325,45136.3906716229,80520.2033107521,11496.979912393,712267.146,655676.562,628404.843,2.69833684323021,53930.8825409214,4.86587092279021,86368.1776037336,1.39123192009577,125527.114557814,13.2256229571087,249683.690005539,3.33209204664462,30333.2166237213,7.72631360424848,44834.6776204059,1.92874847867697,43950.4706935262,3.8965945491971,35735.3246294832,0.499016440490242,15710.3259886039,2
1915578,-212,676,-861,-1527,481,-474,-407,780,-330,434,1803,1118,327,1333,373,174,1333,-67,80,1019,188,-718,647.5,-10,-130.5,961,-174,93.51,1019.54,203.2,-595.165,734.355,6.435,-130.15,974.52,-185.34,0,1013.3875277107,201.272762399285,-429.143027553578,695.187876876021,0,0,969.383172610356,-171.507718170995,146.661583245238,1023.20678262021,270.120121427486,652.273535412867,755.414200952034,116.614514533998,224.070993214204,977.32239307201,191.670524598854,12829.6481407035,7527.94814070352,31833.8090452262,71597.3746482413,31531.0039949749,13625.6640954774,33435.9673366834,5497.31618090453,2398.66773869347,113.268036712497,86.7637490009711,178.420315674046,267.576857460135,177.569715872316,116.729019937106,182.855044602776,74.1438883584111,48.9761956331182,3.04757790552385,38.8426771728632,18.9855982550358,4.46749354171862,2.27897203499848,4.31394870813886,1.58007336306231,8.64893406617684,2.93706123473192,0.341951100380501,3.91807607608294,-0.646236663542705,0.710995150447817,0.546724427195181,0.15812030289324,0.156041758501934,1.58612498017866,-0.317135515214375,0,1029,168,-800,564,0,-242,952,-165,91.5,1015.51666666667,203.855555555556,-609.761111111111,726.122222222222,4.67777777777778,-131.777777777778,969.616666666667,-184.838888888889,0.96551284541404,0.96551284541404,0.96551284541404,0.96551284541404,0.96551284541404,0.96551284541404,0.96551284541404,0.96551284541404,0.96551284541404,646,1127,1979,1854,852,847,581,553,263,638.228403718945,599.530409752867,610.898166604206,817.746,856.023,809.538,32522.0348189329,92503.5553904896,33710.0760821577,684855.972,605826.195,625262.676,0.574827681556839,34268.628406016,3.56119681778557,15543.6022862103,1.87613532497128,126255.127854023,0.563800666422358,213099.725928727,0.150699950062986,90801.3260440764,1.11927903824558,52359.2881440154,0.161546723561132,100770.658223972,0.768318219378312,22077.3108150911,0.233762237472593,8583.01510028815,2
