TIME_SAMPLE,MINACCX1,MINACCY1,MINACCZ1,MINACCX2,MINACCY2,MINACCZ2,MINACCX3,MINACCY3,MINACCZ3,MAXACCX1,MAXACCY1,MAXACCZ1,MAXACCX2,MAXACCY2,MAXACCZ2,MAXACCX3,MAXACCY3,MAXACCZ3,MEDIANACCX1,MEDIANACCY1,MEDIANACCZ1,MEDIANACCX2,MEDIANACCY2,MEDIANACCZ2,MEDIANACCX3,MEDIANACCY3,MEDIANACCZ3,MEANACCX1,MEANACCY1,MEANACCZ1,MEANCACCX2,MEANACCY2,MEANACCZ2,MEANACCX3,MEANACCY3,MEANACCZ3,ARMEMANX1,ARMMEANY1,ARMMEANZ1,ARMMEANX2,ARMMEANY2,ARMMEANZ2,ARMMEANX3,ARMMEANY3,ARMMEANZ3,RMSX1,RMSY1,RMSZ1,RMSX2,RMSY2,RMSZ2,RMSX3,RMSY3,RMSZ3,VARX1,VARY1,VARZ1,VARX2,VARY2,VARZ2,VARX3,VARY3,VARZ3,STDX1,STDY1,STDZ1,STDX2,STDY2,STDZ2,STDX3,STDY3,STDZ3,KURTX1,KURTY1,KURTZ1,KURTX2,KURTY2,KURTZ2,KURTX3,KURTY3,KURTZ3,SKEWX1,SKEWY1,SKEWZ1,SKEWX2,SKEWY2,SKEWZ2,SKEWX3,SKEWY3,SKEWZ3,MODEX1,MODEY1,MODEZ1,MODEX2,MODEY2,MODEZ2,MODEX3,MODEY3,MODEZ3,TRIMX1,TRIMY1,TRIMZ1,TRIMX2,TRIMY2,TRIMZ2,TRIMX3,TRIMY3,TRIMZ3,ENTROPYX1,ENTROPYY1,ENTROPYZ1,ENTROPYX2,ENTROPYY2,ENTROPYZ2,ENTROPYX3,ENTROPYY3,ENTROPYZ3,RANGEX1,RANGEY1,RANGEZ1,RANGEX2,RANGEY2,RANGEZ2,RANGEX3,RANGEY3,RANGEZ3,SMV1,SMV2,SMV3,SMA1,SMA2,SMA3,EVA1,EVA2,EVA3,AAE1,AAE2,AAE3,FIX1,SLF1,FIY1,SLFY1,FIZ1,SLFZ1,FIX2,SLFX2,FIY2,SLFY2,FIZ2,SLFZ2,FIX3,SLFX3,FIY3,SLFY3,FIZ3,SLFZ3,FREEZE
420000,20,1000,148,-227,953,70,9,990,48,80,1049,207,-181,990,131,48,1047,106,50,1029,178,-209,962,101,19,1019,77,50.7,1024.33,175.09,-209.28,965.85,99.43,22.1,1014.95,80.93,48.4457004440856,1024.24251587857,174.312778090691,-208.753920929766,965.79029118474,97.6740413907205,17.8523776845279,1014.8699961432,78.6315077212293,51.720402163943,1024.37364765011,175.477776370685,209.535724877645,965.879914896257,100.263802042412,23.889328161336,1014.99004428615,81.986401311437,105.565656565656,90.3243434343435,137.315050505051,108.183434343434,58.3712121212121,168.18696969697,83.121212121212,82.1085858585857,173.843535353536,10.2745149065859,9.50391200687083,11.7181504728797,10.4011265901072,7.64010550458644,12.9686919038494,9.11708353154735,9.06137880560049,13.184973847283,3.20187609796183,3.44351116886223,2.92933154720999,3.3683710883532,2.97524981811591,2.89873618205289,2.49285364834812,3.63457742223282,2.74243240504627,0.140570011057243,-0.209360038820135,0.110602309518206,0.438857979447609,0.274255905882016,-0.105728635101517,0.235921953503475,0.144447347801186,-0.152530564744865,50,1029,178,-209,962,101,19,1019,77,50.5555555555556,1024.44444444444,174.888888888889,-209.666666666667,965.622222222222,99.5333333333333,21.8333333333333,1014.95555555556,81.0333333333333,0.503258334775646,0.503258334775646,0.503258334775646,0.503258334775646,0.503258334775646,0.503258334775646,0.503258334775646,0.503258334775646,0.503258334775646,60,49,59,46,37,61,39,57,58,445.945856969025,425.739938153807,436.515940877477,535.765714285714,366.857142857143,479.134285714286,141.549847888612,212.746222101218,182.671635663825,464060.922857143,422949.454285714,444641.682857143,0,75.0679304309393,0,84.2088285982097,0,126.591880632482,0,107.406078180383,0,43.2209150447565,0,149.63408885794,0,66.2742448826643,0,68.1518871794838,0,130.239704532289,1
421562,-727,754,19,-463,694,-101,-203,885,48,868,1205,554,81,1074,393,77,1104,135,60,1029,168,-218,962,111,38,1009,87,38.36,1038.51,176.76,-232.04,950.61,128.92,21.97,1008.7,88.75,68.9625031303593,1032.9306056102,146.148180531642,-203.205828949954,946.678584162832,131.808877722601,0,1007.64038755855,83.7871896166201,192.429207762231,1040.95329866426,191.937958726251,244.157244414332,952.316874784859,154.578135581977,60.6345611017347,1009.21818255519,90.9709294225358,35916.6771717172,5132.07060606061,5652.60848484848,5828.48323232323,3280.86656565657,7347.50868686869,3226.1304040404,1056.21212121212,403.179292929293,189.516957477998,71.6384715502823,75.1838312727443,76.3445036156712,57.2788491998274,85.7176101327416,56.7990352386412,32.4994172441926,20.0793250117949,11.4593187751689,8.2721990548211,11.8994132122373,7.72599126120792,8.96372472813792,4.60136109458855,7.19533774654563,6.60982045426043,3.00410229089704,-0.267657695089736,-1.40736134709073,2.52476116498889,-0.282391606966544,-1.90791938056165,0.727619328990252,-2.07603949079429,-0.501539398554126,0.0475251321769314,60,1029,168,-218,962,111,58,1009,97,42.6333333333333,1043.38888888889,168.622222222222,-229.977777777778,955.444444444444,126.977777777778,28.9666666666667,1008.97777777778,88.6444444444444,0.618119489100038,0.618119489100038,0.618119489100038,0.618119489100038,0.618119489100038,0.618119489100038,0.618119489100038,0.618119489100038,0.618119489100038,1595,451,535,544,380,494,280,219,87,460.226480285243,426.175644820223,434.870019222242,537.27,363.21,479.751428571429,39204.2443692908,9982.6780969291,3695.97302879844,496051.264285714,424463.395714285,441631.542857143,0.23080836136537,40689.5721342658,0.05031374947035,6063.07132322107,0.0442196606727755,6444.10419318705,0.286786509050931,6718.69019724287,0,3728.81814032768,0.128420920807957,8400.13052694315,0,2876.32719698081,0,1226.98883535504,0,370.011808923618,1
423125,-1272,0,-970,-836,638,-434,-213,847,-135,1838,2068,574,518,1342,919,291,1419,223,90,1049,198,-218,962,171,48,995,62.5,171.75,1125.98,137.99,-207.18,969.75,142.75,42.08,1029.04,61.12,0,0,0,-619.511419888869,952.531777869695,464.917336028857,0,1016.50131119444,0,596.464642707344,1175.57354512595,283.249413062057,348.030717035149,978.428755709888,247.416470753263,102.026957222099,1036.13770320358,87.4515866065333,329567.684343434,115295.151111111,61807.0605050505,78991.7450505051,17078.553030303,41249.845959596,8726.03393939394,14806.0791919192,3951.64202020202,574.079858855399,339.551396862259,248.610258245814,281.054701171329,130.684938039175,203.100580894285,93.4132428480777,121.680233365651,62.8620873038911,5.18848493094312,5.31987082384373,8.54640869478176,3.50577783532729,4.44590842833656,5.46321869039854,3.59935067271536,4.37895030835979,2.93216451746493,0.787666644991401,-0.433092810423358,-2.00814180904722,0.160194245456931,0.529380840153176,0.0937356425952723,-0.279878284988084,1.33082563709648,-0.0937029322778583,70,1019,217,-309,981,191,58,971,29,155.8,1137.63333333333,162.333333333333,-210,966.155555555556,143.455555555556,43.0888888888889,1019.2,60.8777777777778,0.741482739931274,0.741482739931274,0.741482739931274,0.741482739931274,0.741482739931274,0.741482739931274,0.741482739931274,0.741482739931274,0.741482739931274,3110,2068,1544,1354,704,1353,504,572,358,552.256997964972,453.079569349434,444.766833341506,615.308571428571,387.994285714286,485.245714285714,399999.2401789,94482.4284266824,16597.4551958,779131.482857143,488427.051428572,467845.122857143,0.345536514045572,365099.286193693,0.117460315317066,131388.094345207,0.469371412058664,59803.0219620164,0.13531590212115,89133.4477516343,0.703044809922887,19816.3210010661,0.385766999495719,46881.5695726162,0.267191492948178,10207.2122162051,0.922252206619275,17243.1521916515,0.693692270053024,4315.95771399639,1
424687,-2292,49,-356,-1272,546,-222,-194,866,-87,1515,1921,455,736,1472,727,242,1752,233,70,1039,227,-236,944,186,58,980,77,111.37,1108.51,205.62,-227.8,954.44,178.69,40.62,1018.49,71.25,0,846.81529463457,0,-942.835677442685,934.32811460192,0,0,1003.49174434005,0,489.484228550829,1151.27463708709,244.949668299428,402.901774629996,964.583464506831,240.132234404296,96.1559150546652,1028.99256071169,95.2946483282246,229486.397070707,97615.02010101,17899.7531313131,111552.525252525,19662.1680808081,25993.306969697,7672.70262626263,21721.0201010101,4044.95707070707,479.047384995166,312.434025197337,133.789959007816,333.994798241717,140.221853078641,161.224399424209,87.5939645538585,147.380528228834,63.5999769709634,10.301260168985,4.73993564115042,7.26135003642989,4.67257015743756,6.62507329830281,4.4369781657212,3.39985512522054,15.6628811216149,3.39616761849261,-0.435654482188126,-0.138712610864751,-1.74091147061906,-0.0489884486511019,0.837086238134634,0.230997060596348,-0.499177959872152,3.28995356434376,-0.0139122643709039,60,1009,237,-209,962,171,87,961,77,106.444444444444,1115.28888888889,216.911111111111,-228.355555555556,949.333333333333,177.111111111111,42.5555555555556,997.311111111111,71.2888888888889,0.708392686703044,0.708392686703044,0.708392686703044,0.708392686703044,0.708392686703044,0.708392686703044,0.708392686703044,0.708392686703044,0.708392686703044,3807,1872,811,2008,926,949,436,886,320,525.568233970238,453.64521270724,440.291809822455,610.928571428571,387.998571428571,484.44,245745.202054929,121125.970976727,22463.3452175507,696440.76,493034.824285714,461636.88,0.446005548675064,253430.338280181,0.0450473253815939,112947.513439976,0.20923970710364,19109.6428489792,0.437409498688821,132467.54794094,0.870081216340761,21988.6957456761,0.226030668156362,30117.3491816524,0.355002775287808,8145.70075090225,0.458382241334605,24960.5077545412,0.479279833805521,4281.85438846242,1
426250,-969,323,-1287,-1018,601,-575,-242,828,-165,1616,2009,702,527,1416,797,320,1495,233,80,1068,237,-263,962,202,29,990,77,128.5,1146.57,196.4,-228.98,967.53,185.68,16.73,1014.63,68.36,104.802011396418,1027.58103355469,0,-1241.00524995888,952.773255913682,188.67808911697,0,1000.06563399574,67.1999672076692,454.154445095498,1191.21881701054,327.593406527055,385.96538704915,974.900307723821,279.273521838358,86.7385150898953,1022.78512406077,100.633692171161,191660.616161616,105433.843535354,69438.8686868688,97512.5652525252,14460.9182828283,43956.1995959596,7316.84555555556,16783.2051515152,5509.14181818182,437.7906076672,324.70577995372,263.51255887883,312.270019778597,120.253558295912,209.657338521597,85.5385618043439,129.550010233559,74.2235934065565,6.56807003091618,3.34510369408971,21.8072988132401,3.02970072212082,5.2308429100173,5.40005308967619,5.96883625042513,4.64575018368982,4.07765967047236,1.27589763159323,0.0187814429389829,-3.98618672566128,0.0227712297045114,0.519679609732991,-0.662524818989197,0.333165039098839,1.2174908707588,-0.810140496781524,70,1019,198,-327,962,262,19,933,77,102.488888888889,1150.05555555556,234.633333333333,-229.555555555556,963.777777777778,192.955555555556,15.5777777777778,1004.86666666667,71.6444444444444,0.70379004024658,0.70379004024658,0.70379004024658,0.70379004024658,0.70379004024658,0.70379004024658,0.70379004024658,0.70379004024658,0.70379004024658,2585,1686,1989,1545,815,1372,562,667,398,540.129854978227,459.884315774141,438.522963439098,630.63,396.098571428571,471.308571428571,271911.538173156,112155.523591952,17028.7484068342,742532.558571428,504597.252857143,455888.622857143,0.195706826273341,203474.30712602,0.0623252590728954,123606.288918043,0.308646617220858,67019.1620274106,0.114454704094433,109823.147633455,0.546665680211669,16695.4574479053,0.466390147293315,49626.8759676604,0.349681682427116,8668.5572709949,0.313242677618477,20080.4726665397,1.02918049085026,5865.90342614877,1
427812,-2020,39,-792,-1227,564,-353,-223,857,-135,1939,2186,584,736,1416,919,339,1733,320,90,1053.5,222,-172,957.5,156,58,961,48,87.09,1109.63,183.97,-129.64,980.53,132.17,40.06,1008.42,48.35,359.174807337063,763.886369688006,284.617298179414,-613.05288431964,955.755931255276,800.675202488427,0,995.731799337711,0,568.308287815689,1177.3275032887,273.501864710279,369.165274639964,992.86079084633,258.634587787481,113.965170117892,1016.35848006498,80.2015585883466,318575.395858586,156385.164747475,41372.0293939394,120683.303434343,24579.2617171717,49922.1627272727,11498.2387878788,16236.0238383839,4135.92676767677,564.424836323302,395.455641946698,203.401153865801,347.395025056985,156.777746243438,223.432680526535,107.229840939352,127.420657031675,64.3111714065042,7.43034282741445,3.53826326913548,10.3168010832442,3.51192723279691,4.156703385281,4.23404281537889,3.036063385227,13.4222437379435,5.9764523618006,0.628039073585475,-0.0929260199379617,-2.02685881442237,-0.433562658531436,0.504096162977131,0.565088144685537,-0.1048285091869,2.57437860426948,0.219528649101674,151,1009,237,-245,953,171,87,933,48,64.1222222222222,1108.67777777778,200.555555555556,-118.566666666667,976.144444444444,124.855555555556,40.4111111111111,995.966666666667,48.7555555555556,0.754034056197133,0.754034056197133,0.754034056197133,0.754034056197133,0.754034056197133,0.754034056197133,0.754034056197133,0.754034056197133,0.754034056197133,3959,2147,1376,1963,852,1272,562,876,455,544.054213238584,460.031015960508,436.115615369284,591.724285714286,421.311428571429,470.07,389167.29086765,138226.458885173,17820.303814548,764518.984285714,509548.885714286,451030.675714285,0.34009541163579,342506.238335293,0.0726665871021372,180211.620193149,0.21997633078845,39424.8806974837,0.377678302825315,131020.676751579,0.871521982437638,27364.4582215069,0.294888535465313,55791.3920237811,0.419515480327289,13554.6603403593,0.723474770530337,18750.3091231239,0.902771151420663,4466.58682549893,1
429375,-1808,58,-1970,-1045,685,-353,-203,866,-155,2121,2294,554,554,1379,737,300,1514,281,121,1083,207,-222.5,944,171,38,980,48,276.9,1185.25,118.87,-210.85,956.61,166.77,32.54,1022.74,49.19,0,898.610504998902,561.50934715262,0,936.535576203717,0,0,1008.85383616336,0,690.495691514437,1245.56515285231,361.310877223479,397.16496572583,967.090507656858,264.715488779935,118.621245989072,1030.95825327702,84.3028469270166,404152.212121212,148095.946969697,117591.386969697,114426.553030303,20365.007979798,42688.9465656566,13143.5842424242,17048.2953535353,4734.6605050505,635.729669058486,384.832362165264,342.916005706495,338.269941068229,142.706019423842,206.613035807658,114.645471966512,130.569120980174,68.8088693777954,4.75540768157443,3.72918406940891,18.408973746652,2.78020352645541,3.4098072344312,3.32070411123729,2.82296282554743,5.84315940322779,4.08328887388571,0.646122828071896,0.0684326094928895,-3.40879960009652,-0.227992120116899,0.621078190216428,0.249099788467029,0.103393732782644,1.69719204421688,-0.0842093145137486,111,1000,217,-336,953,171,58,933,29,265.7,1186.93333333333,163.222222222222,-208.833333333333,950.288888888889,162.955555555556,30.9888888888889,1008.57777777778,50.3333333333333,0.766207532278821,0.766207532278821,0.766207532278821,0.766207532278821,0.766207532278821,0.766207532278821,0.766207532278821,0.766207532278821,0.766207532278821,3929,2236,2524,1599,694,1090,503,648,436,588.747266129521,456.265174707099,442.658858920109,677.58,391.084285714286,473.344285714286,489986.212920597,128785.287893395,20656.0810191611,925183.885714287,498462.15,464594.095714286,0.337260443138354,418567.94858385,0.215873412444558,164701.15694616,0.341030894765467,98550.9773185031,0.206183730018128,132731.309987342,0.805575814247792,23046.0730037964,0.271593325179053,49980.5012424972,0.31822991399461,14457.6340982398,0.691428162962585,19321.9223623014,0.957260136833835,5223.71064470295,1
430937,-1070,-9,-1277,-900,666,-707,-174,876,-106,1919,2088,524,681,1342,1202,213,1428,271,90,1039,237,-227,953,181,58,961,38,134.41,1119.05,192.2,-184.72,966.82,170.29,39.22,998.24,36.36,0,-794.765119771359,254.311581257584,-319.331084809322,955.772182503123,477.561578856409,0,987.249673538591,0,511.27314617531,1177.35112434651,301.199236386814,353.064498356887,972.52717185691,281.391311166496,89.4429427065098,1004.73615442065,78.8987959350458,245792.102929293,135235.118686869,54323.3737373737,91447.536969697,11179.9874747475,50689.2786868687,6527.10262626262,13143.0731313131,4952.49535353535,495.774245931848,367.743278234788,233.073751712572,302.402938096998,105.735459873911,225.142796213578,80.7904859885285,114.64324285065,70.3739678683485,8.11244031097919,4.57922301980804,19.1626845216743,3.99958034885223,5.52771790655163,9.37968535326592,2.74090516640784,6.56453007517971,3.26981771611562,1.63726685156553,-0.0972613099072482,-3.38889851084684,0.170402462441766,0.775550556509636,0.426939604064773,-0.453593042339717,1.84210666811476,0.166959487150626,60,1019,227,-245,953,171,-48,904,38,99.9666666666667,1124.45555555556,219.522222222222,-187.155555555556,962.788888888889,168.655555555556,41.5333333333333,984.655555555556,35.3333333333333,0.756088981253439,0.756088981253439,0.756088981253439,0.756088981253439,0.756088981253439,0.756088981253439,0.756088981253439,0.756088981253439,0.756088981253439,2989,2097,1801,1581,676,1909,387,552,377,536.097232856684,454.221255120244,430.839501863154,619.568571428571,408.167142857143,460.208571428571,338629.514117462,115934.835264748,13202.8048256427,744975.805714286,492704.875714285,438737.057142857,0.208755406970176,280082.11735122,0.105918615452679,157696.773946146,0.410981491249648,50855.7406251944,0.0907006523171583,104903.631580932,0.639911026574469,12592.0941195963,0.525353095581481,57840.060875164,0.190636053602908,7379.69738035847,0.318189633622431,14699.4929757885,0.601973474484028,5559.43448854152,1
432500,-969,9,-1326,-909,712,-404,-194,838,-184,1565,2029,584,554,1388,838,281,1561,252,90,1068,237,-227,967,181,43,1009.5,58,119.08,1126.57,195.17,-178.01,991.6,181.19,24.17,1029.8,55.57,132.801280832665,423.119991408991,284.30385652582,-292.698554299005,974.907116304547,0,0,1015.56354212745,0,418.358148002402,1194.33067866483,311.699743342852,384.98892191854,1000.44671022499,265.241154423668,98.3084431775827,1037.8964977299,87.7234860228434,162468.175353535,158854.348585859,59662.0213131313,117705.96959596,17801.0707070707,37902.0746464646,9172.08191919192,16910.202020202,4653.92434343435,403.073411866294,398.565363003183,244.258103884255,343.083036007261,133.420653225319,194.684551637937,95.770986834176,130.039232619245,68.2196770985787,5.72016466773372,3.65898666264359,18.7025456794883,2.5647758920916,3.92917419642708,4.02131339654089,3.14765427100011,6.08735414800162,4.7179415494522,0.643118580998641,-0.659648294871947,-3.4531912740605,0.275402298172709,0.787790235447312,0.169423641153622,-0.267540100154859,1.44125241560767,-0.161253362722256,50,1009,217,-300,935,181,67,961,58,110.433333333333,1143.31111111111,225.544444444444,-182.633333333333,985.688888888889,178.766666666667,24.2666666666667,1019.18888888889,55.9111111111111,0.710676853856123,0.710676853856123,0.710676853856123,0.710676853856123,0.710676853856123,0.710676853856123,0.710676853856123,0.710676853856123,0.710676853856123,2534,2020,1910,1463,676,1242,475,723,436,536.476628506454,467.868480924789,444.850158138157,617.494285714286,426.334285714286,475.517142857143,271205.470041271,131088.803569006,17704.8553530401,727974.017142857,522626.982857143,469109.614285714,0.244784980728073,178011.460361506,0.0768197351474107,188052.343342442,0.133626003201852,57541.8112961083,0.116095504900312,134227.061073431,0.297544185163218,19456.8439820891,0.222142236924465,41518.0917605643,0.329197557609447,10879.1631652269,0.345106744643529,20101.3678205953,0.706590977883309,5297.66608197684,1
434062,-1696,-29,-1762,-1563,694,-606,-252,857,-116,1616,2313,594,1018,1370,989,330,1695,262,70,1073,227,-218,916,161,9,961,67,195.92,1178.65,144.96,-183.54,941.98,151.06,-0.92,1010,70.99,261.020986107702,1571.05069216725,614.890582575385,-591.927866421217,923.06783649742,0,0,994.140504400867,0,614.705132563573,1247.58947174141,359.793190597043,417.949829525028,952.050754949546,290.076886359462,115.339585572344,1020.11076849526,99.8719680390849,342906.821818182,168953.199494949,109533.069090909,142419.321616162,19266.9894949495,61944.9256565656,13436.741010101,20733.3131313131,4984.67666666667,585.582463721534,411.039170268418,330.957805605048,377.384845504111,138.805581641912,248.887375446336,115.916957388041,143.990670292603,70.6022426461559,4.55419031363061,3.61705548560687,16.7191449066975,4.52906746029019,3.68029705297225,4.97589411669589,3.21618239789597,9.3440718629258,3.5335421896408,0.530739013925585,-0.0129271131986774,-3.28907727543513,-0.0203896742659267,0.779956577008809,0.587827629023152,0.114721375807708,2.31326698965971,-0.232185548112068,131,1019,227,-190,888,141,9,933,67,191,1180.01111111111,187.9,-187.055555555556,936.311111111111,140.033333333333,-2.97777777777778,992.522222222222,72.0666666666667,0.778011303546538,0.778011303546538,0.778011303546538,0.778011303546538,0.778011303546538,0.778011303546538,0.778011303546538,0.778011303546538,0.778011303546538,3312,2342,2356,2581,676,1595,582,838,378,580.78146071656,454.827244413063,437.561204055732,651.227142857143,389.785714285714,462.887142857143,437301.869097083,158226.725797725,23950.9218840843,884482.727142857,499383.128571429,455958.69,0.199518090197473,360145.959706186,0.191709730776365,188699.3544304,0.361937856367804,101543.672236093,0.414253385438221,165729.404837995,0.491153904789632,20860.6515200751,0.279571250110269,72223.3628913577,0.508311124661648,15318.8729538539,0.636016867598524,23946.7916568227,0.573714646112761,5359.98875244184,1
435625,-909,98,-1653,-1009,564,-343,-203,838,-155,1636,2137,673,636,1351,1000,378,1609,252,90,1049,217,-222.5,953,181,58,971,43,155.69,1113.14,170.28,-161.99,969.27,159.93,51.92,1021.72,39.32,0,920.444745668377,0,-341.238155082583,951.470828042769,246.49876741045,0,1004.53882903567,0,467.59934773265,1159.00614321064,311.140964837483,335.722698070893,977.700685281544,245.253236472019,113.053969412843,1032.17545020214,80.2117198419283,196373.508989899,105267.252929293,68498.4056565657,87342.3938383838,16580.0980808081,34920.7526262626,10187.3874747475,21691.3147474748,4937.2298989899,443.140507051543,324.449153072239,261.722000711758,295.537466048526,128.76372967885,186.870951798996,100.932588764717,147.279716008264,70.2654246339542,6.96220675922925,4.8873465672835,26.5404487433298,3.53921214149283,5.14611526555877,6.34267130495743,4.3616931313159,6.85019819386042,4.19802200630249,1.45102182420449,0.0116748290137034,-3.97546850095227,0.225027196999585,0.253441642445262,0.595794126596906,0.144547370700396,1.84458341870688,-0.269363816784587,70,1019,217,-254,925,191,58,923,9,124.633333333333,1115.2,197.222222222222,-164.522222222222,966.744444444444,155.122222222222,50.8777777777778,1005.56666666667,40.5666666666667,0.71521112401665,0.71521112401665,0.71521112401665,0.71521112401665,0.71521112401665,0.71521112401665,0.71521112401665,0.71521112401665,0.71521112401665,2545,2039,2326,1645,787,1343,581,771,407,528.122469686002,450.335210522068,441.673231411078,616.761428571428,414.518571428571,476.982857142857,262278.239072749,95496.1804158591,23488.2602167526,710894.181428571,483753.218571428,464829.12,0.185686956359232,218455.779463028,0.140881810812643,120500.370515904,0.662930519067256,72966.02267269,0.389032199228069,100763.228112898,0.529031730923462,18744.2405410344,0.286554403825667,39377.7348717593,0.537553145075274,11226.1206512342,0.480725910431193,24448.6222181216,0.91489003184866,5073.12230809511,1
437187,-1525,117,-1217,-990,583,-181,-184,771,-165,1404,1960,465,672,1314,797,252,1695,242,111,1058,232,-240.5,944,207,38,990,58,136.1,1156.9,190,-226.96,962.42,207.83,18.39,1013.4,58.34,152.398011446536,946.726214334364,183.656102958808,-690.77420076343,944.113381640516,0,156.696669308508,997.660366781601,0,440.222716360708,1206.92288900327,282.083746430027,410.985328205278,971.636567858579,282.330320723793,88.6008464970849,1022.91283108582,92.2730729953219,177043.262626263,119439.646464647,43910.3434343434,118583.937777778,18005.4177777778,36885.9607070707,7587.79585858586,19566.7676767677,5162.38828282828,420.765091976822,345.600414445131,209.547950203154,344.360186110093,134.184267996579,192.057180826624,87.1079551969041,139.881262779429,71.8497618842838,7.41316694827817,3.68474344075205,23.176065990837,3.19457826435549,3.84760111060157,3.92977560756075,2.64000140555151,8.22464819173859,3.44514650190509,0.0533525333289312,-0.289996340209824,-3.88315538421114,0.334362297770152,0.48296816403087,0.477570199381293,-0.223148253493955,1.94098962346941,-0.200191719235654,151,1049,237,-245,935,181,77,990,87,132.922222222222,1169.37777777778,216.833333333333,-236.1,959.211111111111,200.633333333333,18.3888888888889,1001.28888888889,58.2444444444444,0.717461324411975,0.717461324411975,0.717461324411975,0.717461324411975,0.717461324411975,0.717461324411975,0.717461324411975,0.717461324411975,0.717461324411975,2929,1843,1682,1662,731,978,436,924,407,541.62784320025,462.023023855143,437.712030982759,635.571428571429,404.267142857143,467.198571428571,210120.999581719,128848.563829208,21354.9082472073,741441.488571429,511155.844285714,455449.324285715,0.429293771383388,199429.311528616,0.084027641029734,141436.609812804,0.260504783077118,44827.5084423255,0.209151649489033,131916.292413454,0.672082378156679,20546.2990851731,0.136930085723221,42048.7835562537,0.266586504204736,8991.85160583145,0.776567751709298,23185.2972190609,0.55592099069632,5639.67807678608,1
438750,-1121,-49,-1079,-727,703,-434,-194,847,-97,1878,1735,722,781,1481,1020,310,1533,300,60,1053.5,193,-154,944,181,48,975.5,82,130.12,1086.6,228.62,-101.23,965.43,175.94,41.42,1011.18,78.61,0,516.253743092116,0,-800.808431471616,950.25050479628,0,0,1000.09093061035,0,512.887882485051,1149.56662268874,333.348556319058,367.445601416046,973.559823534229,289.421042773327,89.8252748395461,1017.68819389831,99.0636663969187,248608.854141414,142226.121212121,59448.642020202,126029.047575758,15922.8738383838,53343.0872727273,6417.13494949495,13337.644040404,3670.78575757576,498.606913451282,377.128785976517,243.820922031318,355.005700765153,126.185870201001,230.96122460865,80.1070218488676,115.48871823864,60.5870098088341,5.79825637267008,3.51880490268554,10.6454735696884,2.44185206038656,5.11916788690568,5.22845312052681,4.77367603341238,7.03782570836312,4.72743443381273,1.08132855505894,-0.576700538092622,-1.3814983553398,0.380507289048696,0.955210644923698,0.342415085010416,-0.0846245737565167,1.81819295797075,-0.0752224369416571,60,1029,158,-345,879,181,67,942,77,108.011111111111,1101.38888888889,239.633333333333,-109.644444444444,959.888888888889,173.5,41.5,999.144444444444,79.3666666666667,0.670257093811906,0.670257093811906,0.670257093811906,0.670257093811906,0.670257093811906,0.670257093811906,0.670257093811906,0.670257093811906,0.670257093811906,2999,1784,1801,1508,778,1454,504,686,397,533.533949352962,457.632673698092,436.978026459694,619.431428571429,445.774285714286,484.804285714286,312283.963759602,130827.787702488,15096.4374787289,726719.425714286,499971.231428571,451530.621428571,0.32313740178301,272741.148410727,0.0880110769048617,166651.263133729,0.293055052171347,57637.2441876566,0.120186960306091,129879.681631676,0.532435851234929,18465.7327827922,0.324478318490465,58480.2172605372,0.348513998752591,7137.13620210521,0.494084264451034,15835.1910527491,0,4053.41730427052,1
440312,-1313,431,-2455,-1300,703,-646,-97,866,-106,2101,1980,1039,800,1416,818,252,1542,310,50,1078,148,-222.5,972,161,58,990,106,219.38,1134.65,181.85,-178.14,985.73,153.65,69.98,1025.53,106.12,0,1066.03476162821,0,-255.812292512583,967.773224298438,0,0,1012.40955749198,0,616.966984529967,1163.97005545675,510.417858229902,407.610745687598,995.619842108422,297.78681972176,107.988980919351,1033.4162326962,137.148095138066,335879.47030303,68076.4318181818,229754.512626263,135770.364040404,19793.1687878788,65725.9267676767,6832.74707070707,16401.3425252525,7624.38949494949,579.551093781239,260.914606371858,479.327145722275,368.470302793053,140.688197045377,256.37068234819,82.6604323162362,128.067726321867,87.3177501711393,4.29590164428235,4.67773748976204,11.1466537326499,4.2059890148038,4.40315221322758,5.22073169146392,2.37221696868246,6.81951306558582,3.2915728812084,0.739527173914631,0.31334352118787,-1.6944517913532,-0.0311807007824949,1.06669314978262,-0.460736310427627,0.0756542221508649,1.89788613881481,-0.148226346783719,50,1039,118,-272,972,202,29,990,106,204.366666666667,1132.02222222222,208.311111111111,-174.7,977.422222222222,161.533333333333,69.3444444444444,1011.92222222222,106.7,0.71970029895822,0.71970029895822,0.71970029895822,0.71970029895822,0.71970029895822,0.71970029895822,0.71970029895822,0.71970029895822,0.71970029895822,3414,1549,3494,2100,713,1464,349,676,416,579.963453768453,470.217189446341,445.619465017601,658.234285714286,411.96,514.984285714286,360077.072312769,135967.424534233,18323.8766792685,855428.974285714,534035.305714285,470751.57,0.448244065871518,351930.681180303,0.323944517515635,73910.7922331078,0.2302812017677,237759.879791508,0.41461279317468,156300.56233151,1.04557364316916,22666.6574391105,0.334387261921149,72436.7542948996,0.210959051558551,7072.35502201544,0.694068447936735,19028.679171371,0.338155387807483,8484.54568316157,1
441875,-1505,186,-881,-1118,703,-262,-155,838,-97,1363,1901,435,681,1388,626,233,1609,242,111,1039,207,-227,944,181,48,971,58,131.68,1103.12,184.27,-199.62,960.3,168.77,36.24,1001.15,56.07,151.651019718745,953.710871405854,287.450484604729,-364.964170075177,947.144829828194,317.674243278763,0,990.859029113871,0,414.455860134707,1143.67364225989,266.909404105588,358.786789054447,967.49489921136,234.854827499883,89.2344104031623,1007.70112136486,80.3612468793261,155993.977373737,92036.0258585858,37661.8152525253,89777.5915151514,14010.3939393939,26942.9061616162,6716.60848484849,13293.1590909091,3347.56070707071,394.960728900656,303.374398818664,194.066522750641,299.629089901417,118.365509923262,164.142944294344,81.9549173927257,115.29596302954,57.8581083951999,7.63651453824743,4.61683617150353,14.2326854456312,4.3525252866426,5.89632946028886,3.40451022203911,3.03551361403028,13.8648544422354,3.9642120912922,-0.128800731280428,-0.189959318126096,-2.94840699127157,0.395027114917064,1.20122374378607,-0.0483049674451473,-0.106553659149214,2.86095327749306,-0.377354402578794,111,1019,207,-290,944,181,97,971,58,133.4,1109.17777777778,207.388888888889,-207.244444444444,953.677777777778,168.777777777778,35.6,987.344444444444,57.6777777777778,0.710676853856123,0.710676853856123,0.710676853856123,0.710676853856123,0.710676853856123,0.710676853856123,0.710676853856123,0.710676853856123,0.710676853856123,2868,1715,1316,1799,685,888,388,771,339,516.438270431762,448.823441819602,432.04178834729,608.172857142857,398.335714285714,468.625714285714,187992.21834987,93815.8953803776,14046.6197917389,664715.867142857,479970.484285714,441378.111428571,0.580071694836689,177272.332921275,0.0849540306980289,107620.615990452,0.277713109009197,38850.7319378231,0.386817885682163,104595.746449689,0.927850106309701,16199.5175811321,0.129672605913543,30706.8946222116,0.466866436567328,7621.77078749797,0.733428581550175,15242.5147245982,0,3808.91690560753,1
443437,-919,-9,-1910,-1090,722,-484,-155,876,-233,1343,2166,702,681,1620,646,300,1647,310,126,1068,247,-213.5,948.5,191,48,990,58,137.04,1127.03,192.07,-163.55,985.32,201.25,33.97,1027.3,51.12,0,-44507.4893103983,309.34968250625,0,969.151879343858,0,0,1012.60416383566,0,407.385812222272,1197.60427938447,392.07533714836,407.828088782516,994.481322097102,270.304069521715,99.2366363799177,1036.27290807007,86.7027104535954,148669.937777778,165716.554646465,118012.308181818,140984.997474747,18320.8056565657,32891.6439393939,8781.76676767678,18703.2828282828,4953.64202020202,385.577408282407,407.082982506595,343.529195530479,375.479689829886,135.354370659265,181.360535782716,93.7110813494155,136.759945994004,70.3821143487606,5.78349025474236,3.53021602488987,29.0230428399731,2.84356766740532,7.13450483502394,4.32760456403794,3.25957964033319,8.75794674764052,6.41551892115538,0.313611289169468,-0.296474469529157,-4.78225142034662,0.132057583485997,1.46336377632076,-0.397281373355652,0.108098770903982,2.07310911049706,-0.454751139727407,80,1000,257,-218,935,171,-19,933,116,134.633333333333,1136.38888888889,240.8,-163.866666666667,976.522222222222,203.733333333333,32.0222222222222,1011.87777777778,52.5888888888889,0.724144758863798,0.724144758863798,0.724144758863798,0.724144758863798,0.724144758863798,0.724144758863798,0.724144758863798,0.724144758863798,0.724144758863798,2262,2175,2612,1771,898,1130,455,771,543,540.219773877949,467.747127759346,443.768995752201,624.06,438.437142857143,476.738571428571,275284.414748777,144205.715356028,20047.1495709163,751689.548571428,526449.06,467668.632857142,0.292711454965212,154554.451083289,0.15289699174143,197281.580759857,0.431383075885362,131468.814879619,0.216297161840277,160859.568425223,0.734074565517724,18864.2831232288,0.143661080660972,35250.4733630245,0.448735023635005,10328.3797065967,0.660612163619486,22223.4323744576,0.751255103325299,5486.75528622464,1
445000,-1252,68,-1415,-1054,638,-424,-194,828,-165,1888,2205,643,554,1416,1262,262,1438,252,90,1083,207,-190,935,146,29,961,58,191.39,1176.17,145.58,-166.09,950.67,145.76,26.08,1015.03,52.82,0,868.779592551682,207.374690195532,4980.77816996675,934.827987506656,0,0,999.871989925806,0,608.784469249997,1252.5326382973,329.291421084729,391.133672802534,958.93961749424,296.334608171236,91.9820634689177,1023.75420389857,83.7480746047334,337362.018080808,187335.496060606,88120.5086868686,126666.325151515,15951.2536363636,67240.6286868687,7859.12484848485,17966.4334343434,4266.45212121212,580.828733862925,432.822707422573,296.850987343597,355.902128613352,126.298272499522,259.307980376364,88.6517052768014,134.038925071576,65.3180841820404,5.0297839601421,2.86032225832792,13.029580499528,2.35863859849051,4.54632030567582,5.73490175609402,2.80149632870527,4.35847876003369,4.03893203052917,1.04805472531132,-0.0953447533900217,-2.82253539738516,-0.255806944370887,0.750965943187554,0.923042233616382,0.081255809126841,1.36450899949606,-0.422587743121334,111,1009,227,-218,898,171,87,904,48,168.444444444444,1179.36666666667,182.1,-162.533333333333,945.877777777778,132.111111111111,25.8444444444444,1003.08888888889,54.3555555555556,0.774117311341292,0.774117311341292,0.774117311341292,0.774117311341292,0.774117311341292,0.774117311341292,0.774117311341292,0.774117311341292,0.774117311341292,3140,2137,2058,1608,778,1686,456,610,417,573.369905495935,454.871782115629,438.210141856219,648.488571428571,398.717142857143,468.827142857143,474617.91301317,159679.577095555,18147.5956250584,877666.877142856,497299.26,455805.904285714,0.183235091506033,372599.970549705,0.149742678572319,219555.210675986,0.375733676739008,89644.3221855476,0.112350199042918,144152.874472056,0.512194351144478,16970.7900282869,0.260731515813465,77133.3559767493,0.28972117836981,8695.24164872448,0.326463906562994,21316.8856552196,0.74718015923443,4481.98561858068,1
446562,-1696,78,-970,-854,666,-616,-223,847,-184,1656,2029,792,490,1416,666,281,1723,194,121,1039,207,-195,953,171,58,971,38,157.85,1132.36,162.41,-162.23,980.07,153.46,49.44,1010.64,38.33,0,905.938960294233,0,0,963.735212757259,889.022917857409,0,995.380116016944,0,500.983462800919,1187.05448063684,295.210721350021,323.21038040261,988.965838641558,248.783198789629,110.249897959136,1019.92198721275,82.5620372810652,228351.32070707,128140.576161616,61386.2241414142,78935.7344444444,17693.1566666667,38730.4125252525,9808.81454545455,19038.0307070707,5401.31424242424,477.861193974851,357.967283647006,247.762434887564,280.955039898637,133.015625648518,196.800438325865,99.039459537371,137.978370432002,73.4936340265212,7.76692975900723,3.77427959875608,11.1325828958825,2.70288206060953,5.09753598957829,4.67983846131351,3.39348869238627,9.64285555797985,3.09446606533315,0.665474532213706,0.114852042066148,-2.31683597009752,-0.00848971959393079,1.09466792359573,-0.3426529496597,-0.139327516188291,2.07383400526916,-0.36547325176065,141,1009,207,-218,962,181,67,904,19,137.433333333333,1134.48888888889,187.166666666667,-162.066666666667,971.644444444444,153.244444444444,48.8888888888889,995.988888888889,40.1,0.728544874833431,0.728544874833431,0.728544874833431,0.728544874833431,0.728544874833431,0.728544874833431,0.728544874833431,0.728544874833431,0.728544874833431,3352,1951,1762,1344,750,1282,504,876,378,537.775568302499,453.453561529093,436.955335077387,622.551428571429,416.271428571429,470.747142857143,298679.846741027,93169.4356855581,21153.494895734,748813.774285715,490462.054285714,453948.167142857,0.439439784810846,253836.35349117,0.127059551313518,144514.100297804,0.386840316770786,59718.9475559522,0.182197028752314,92131.960263766,0.904871455856325,19561.6176777082,0.316892757592824,43133.4851538702,0.609317775147588,11359.4069066998,0.745613703514337,22208.089739663,0.917545986945373,6027.92497417048,1
448125,-1111,78,-891,-1200,611,-616,-271,857,-126,1454,1950,693,636,1379,666,262,1476,339,131,1078,227,-218,953,191,58,1004.5,62.5,141.38,1137.01,187.75,-179.07,989.59,181.86,33.72,1028.75,52.99,0,777.313581839321,222.764801436793,0,971.060394129456,282.927582043357,0,1015.53750560939,0,453.181464757772,1205.94830320375,281.603675402151,411.956587518636,999.153816987154,279.087369832459,97.6779401912223,1035.95879744322,88.7181492142391,187257.712727273,163151.080707071,44495.5227272727,139032.49,19212.1029292929,45269.3943434343,8488.82989898989,15034.4116161616,5114.11101010101,432.732842210148,403.919646349457,210.939618676229,372.870607583918,138.607730409573,212.766055430452,92.1348462797323,122.614891494311,71.5130128724906,5.7264485154932,3.24741270365792,11.8355312637894,2.95906919415967,4.14851105227488,4.83652787035332,3.2535347755908,3.7745133330977,4.8259884561684,0.836763370911267,-0.439462914212435,-2.48796633247828,-0.181770522144922,0.668361518597123,-0.675175681001696,-0.2718790253895,0.985272757221126,0.0999120755223646,161,1039,237,-218,935,171,97,923,106,125.1,1150.21111111111,211.144444444444,-175.422222222222,984.144444444444,187.933333333333,34.8555555555556,1020.46666666667,53.8222222222222,0.717461324411975,0.717461324411975,0.717461324411975,0.717461324411975,0.717461324411975,0.717461324411975,0.717461324411975,0.717461324411975,0.717461324411975,2565,1872,1584,1836,768,1282,533,619,465,539.066127101055,471.567423144742,444.424514801842,628.345714285714,425.305714285714,478.054285714286,286594.907027233,151304.920205666,15480.7862056185,745279.448571429,533959.86,467409.651428571,0.330600330019962,200519.779985653,0.120002432339711,193014.109786081,0.297184771572695,43654.6135326077,0.11258749630949,161598.507706593,0.547890299255569,21125.9280673607,0.4523191434594,50371.9328705113,0.423988072065674,9853.86600446668,0.303000532226081,17768.087573565,0.966609312807514,5858.79331459555,1
449687,-1181,58,-1594,-1218,620,-646,-252,828,-145,1969,2303,633,636,1407,1080,291,1590,281,141,1087.5,207,-167.5,935,176,4.5,961,58,228.87,1172.55,110.74,-145.84,951.38,147.98,8.66,1014.55,52.83,902.698600745262,836.037682025981,217.813408412765,-11770.9298169896,931.951709601059,3120.96211562629,0,997.342002331529,0,612.125191443711,1249.48639448375,340.473640683093,400.482983408784,961.602568632177,314.710501890229,97.6618656385388,1024.87318727733,82.0696655287445,325571.487979798,188224.997474748,104706.012525253,140522.53979798,19753.1268686869,77923.8581818182,9558.42868686869,21266.0075757576,3984.26373737374,570.588720515748,433.849049180412,323.58308442385,374.863361503868,140.545817684792,279.148451870717,97.7672168309433,145.828692566852,63.121024527282,4.01998850412157,3.02568266093577,11.7944504601989,2.60452040810997,3.77956885400132,5.06105872390766,2.86426270335318,6.22901568045499,4.74618705515167,0.90409413207659,-0.00948520142405534,-2.54709660605634,-0.2570725103818,0.719406200190973,0.537377178530127,-0.0405688066680751,1.70923443358781,-0.0643541189164724,141,1029,207,-527,953,191,77,895,48,210.755555555556,1173.37777777778,144.5,-140.122222222222,944.911111111111,137.7,8.97777777777778,998.644444444444,53.7444444444444,0.787570871658769,0.787570871658769,0.787570871658769,0.787570871658769,0.787570871658769,0.787570871658769,0.787570871658769,0.787570871658769,0.787570871658769,3150,2245,2227,1854,787,1726,543,762,426,573.851948179086,458.873091170226,438.181073752832,648.068571428571,408.651428571429,461.16,434525.155937717,183253.806431174,22542.9528273589,879358.2,507475.208571429,457130.708571429,0.195287398569215,353624.591889605,0.159417595479674,218270.192633881,0.280117504205524,100539.394838425,0.205519645374412,163490.435002916,0.583860759347386,21194.3666210487,0.308754502644791,90901.0429470489,0.582160587983219,10380.3607003344,0.517600172956319,25417.4236906383,0.705124623890185,4294.28714854612,1
451250,-1212,19,-2148,-1072,666,-494,-300,866,-165,1575,2186,772,663,1324,626,310,1666,252,121,1029,237,-209,944,176,48,961,48,142.31,1109.13,190.22,-173.42,971.74,177.61,38.9,1004.26,42.65,118.426937555362,654.627696007988,228.132185330572,0,960.4236008494,232.426018758012,0,991.40048409386,0,417.71445988857,1155.14904233177,374.512643311277,346.773297703269,977.571429615248,244.982876952656,102.444033501224,1012.29720932145,82.1557666874335,155791.145353535,105252.477878788,105127.345050505,91088.1046464646,11482.0933333333,28758.8867676768,9072.29292929293,16371.2044444445,4980.35101010101,394.703870456746,324.426382834054,324.233473056847,301.808059280173,107.154530157774,169.584453201574,95.24858492016,127.950007598454,70.5716020088889,8.50403096804897,5.18060081386255,34.4038468193597,4.15357628423691,4.48388764818373,6.24021614728622,4.84965645194809,10.1268899825262,3.68990723601541,1.12895811402368,-0.0881108320263232,-5.08540783099513,0.190254257549837,0.659315108455461,-0.843574554381681,-0.00898165507126833,2.35647641970231,-0.303684118621969,90,1009,237,-236,925,161,48,933,48,120.311111111111,1117.17777777778,230.944444444444,-178.855555555556,968.333333333333,183.211111111111,37.9333333333333,988.933333333333,43.7333333333333,0.689703907672028,0.689703907672028,0.689703907672028,0.689703907672028,0.689703907672028,0.689703907672028,0.689703907672028,0.689703907672028,0.689703907672028,2787,2167,2920,1735,658,1120,610,800,417,524.505368590198,452.086050873268,433.879852653133,617.854285714286,418.255714285714,465.347142857143,216895.476535962,97871.5529705506,18085.8393328513,706763.314285714,486820.384285715,446567.138571428,0.556881451741198,172691.964554185,0.165414199253668,123597.244583516,0.453662333543968,103328.927888088,0.254831300110589,105533.49559891,1.0666844399641,13127.2979316573,0.890889524981546,33449.6921971136,0.5930212877595,10317.1292216102,0.703312358953597,18576.1043667762,1.29124637290267,5584.11642721974,1
452812,-1010,-39,-1049,-1045,537,-515,-233,828,-145,1666,2088,613,718,1388,848,300,1571,281,111,1058,227,-213.5,939.5,191,43,980,48,127.81,1104.88,191.97,-169.98,973.86,186.3,27.77,1021.86,44.02,0,-7076.27142822413,200.401816739109,0,953.880857447052,840.455662034994,0,1007.29904357549,0,497.551997282696,1197.456947034,296.472882402421,422.90391343661,983.815074086589,291.204189530302,92.5603046667415,1030.38150216316,85.1552699484888,233558.175656566,215296.288484849,51559.2819191919,151469.211717172,19685.656969697,50598.1717171717,7874.98696969697,17664.8286868687,5367.33292929293,483.278569415783,464.00031086719,227.066690466021,389.190456868063,140.305584242741,224.940373693056,88.7411233290236,132.909099338114,73.2620838448712,5.77278997924881,2.85796569291752,16.0551610354426,2.53204932888384,3.80585629259912,3.99780481283435,3.74566605003564,5.92413623296249,3.58024200511769,0.935581206410211,-0.418755113138408,-3.09918186920151,0.187593384559473,0.451137929090078,-0.197113759073696,-0.216542650553372,1.60715691012975,-0.0763988204109695,121,1039,247,-209,907,111,48,961,97,109.9,1116.56666666667,218.366666666667,-175.733333333333,969.866666666667,189.155555555556,28.8,1009.3,44.2777777777778,0.728544874833431,0.728544874833431,0.728544874833431,0.728544874833431,0.728544874833431,0.728544874833431,0.728544874833431,0.728544874833431,0.728544874833431,2676,2127,1662,1763,851,1363,533,743,426,535.656146167894,469.187298855766,441.20576306106,610.568571428571,424.362857142857,468.707142857143,352327.625991073,176063.493844677,19183.8652274213,758295.985714285,527802.728571428,461787.801428572,0.304574226688012,254896.069110856,0.101279116936109,255928.239367935,0.366944444767997,49519.2740255423,0.0630718671673838,175912.386226995,0.454681415336701,21275.1275217441,0.309411385596877,57350.3676569896,0.367540445525295,9309.52085978268,0.659731094469737,20946.1783209869,0.723920182924791,6170.40876582114,1
454375,-1919,9,-1267,-1090,722,-292,-184,857,-58,2383,2029,1039,554,1388,777,203,1390,145,146,1068,173,-181,935,136,43,995,29,292.09,1132.68,129.81,-153.86,957.71,135.95,37.58,1013.42,33.67,0,479.685990264383,184.777279308493,0,946.056279790322,0,0,1004.54602959087,0,708.609377584011,1180.07298079398,291.915210292304,353.748893991204,964.070023390417,228.612969885788,95.5900622449844,1018.28427268617,55.8104828862822,421020.890808081,110715.411717172,69054.3978787879,102490.283232323,12346.0261616162,34122.7146464646,7803.23595959596,9982.5894949495,2001.15262626263,648.861226155548,332.739254848555,262.78203492398,320.141036470371,111.112673271847,184.723346240979,88.3359267772516,99.912909551016,44.7342444472087,6.27182461168276,4.25835885033143,12.3862736416015,3.19386711852665,5.12996711126662,4.15357199137757,2.96646038659757,4.36238386234034,2.46887902777834,1.08870017137118,-0.490079050722811,-1.84129175365772,-0.148466348929928,1.13286412687807,0.661023635147133,-0.363045648434102,1.17903146626776,0.245919312450583,151,1039,188,-227,907,-30,48,933,29,255.966666666667,1143.86666666667,148.422222222222,-151.366666666667,951.622222222222,127.266666666667,40.4666666666667,1006.5,33.0888888888889,0.772155143580481,0.772155143580481,0.772155143580481,0.772155143580481,0.772155143580481,0.772155143580481,0.772155143580481,0.772155143580481,0.772155143580481,4302,2020,2306,1644,666,1069,387,533,203,565.223224532823,445.817818685449,436.95255262265,666.248571428571,402.771428571429,464.858571428571,460376.409992269,117004.705772859,10308.3057670276,848534.562857143,474357.077142857,449637.912857143,0.457742403460474,475328.470226805,0.0736019506788475,123783.0013549,0.384782558797304,61974.0299113915,0.557104179862824,118568.198540129,0.747634489798099,11965.9881687372,0.371393439712458,38501.0486182492,0.0897104161134615,7645.91295734656,0.389967793379743,11761.7247505433,0,2155.11355090922,1
455937,-919,-19,-861,-1609,740,-565,-223,771,-87,4757,2823,594,1463,1277,616,349,1333,330,171,1049,143,-109,981,141,150,1000,67,246.21,1018.27,90.97,-99.04,984.16,135.04,135.65,1010.98,96.91,231.50929062147,1318.54878012936,289.51670641178,-434.949700633207,977.867632365875,0,111.008295685813,1002.80060474106,0,737.108031430943,1083.08882830542,311.743628643794,427.34655725769,987.295335753188,271.930542602334,176.357903140177,1015.18545103838,143.983922713614,487584.733232323,137583.451616162,89806.6152525252,174561.776161616,6243.61050505051,56273.1498989899,12829.4823232323,8607.0096969697,11454.3655555556,698.272678279999,370.922433422625,299.677518763963,417.805907284251,79.0165204564875,237.21962376454,113.267304740743,92.773971010029,107.025069752631,20.7570811632777,8.33284872918537,4.0193023180573,5.65430225435442,5.86732773410064,3.46102327278463,2.97063704287285,4.45786355548048,2.12519254098401,3.46115911063006,0.363725480230383,-1.0971759177161,0.0992740021270045,0.350916797672678,-0.433234075114742,-0.409991559092022,0.607624804123779,0.421367105891658,70,1049,356,-127,972,141,165,952,262,169.744444444444,1023.52222222222,109.544444444444,-100.244444444444,982.666666666667,144.977777777778,139.188888888889,1007.9,94.7333333333333,0.710676853856123,0.710676853856123,0.710676853856123,0.710676853856123,0.710676853856123,0.710676853856123,0.710676853856123,0.710676853856123,0.710676853856123,5676,2842,1455,3072,537,1181,572,562,417,521.315785503296,469.760949474863,444.339893388466,580.907142857143,437.211428571429,532.945714285714,560512.260337158,209130.565634687,15889.775139896,777254.464285714,527710.02,463900.705714285,0.513157866079423,527169.128272369,0.448562958067368,150035.66881349,0.267011008233068,102530.282359386,0.918377804237601,198491.952492191,0.88554524256015,5105.50436806058,0.328344336340898,65164.5691761989,0.17793493602404,12004.065494438,2.34750652567447,9805.24990814044,0.14341452946451,9209.39834755757,1
457500,-1282,78,-881,-809,537,-373,-145,838,-87,1404,1813,673,545,1333,757,203,1371,242,121,1029,207,-245,939.5,181,67,990,58,153.71,1064.98,190.33,-232.83,948.61,179.11,53.08,1010.46,58.01,0,900.66073537125,339.196964735772,0,933.06820101907,270.487495673429,0,1001.05756086362,0,403.805732995459,1093.62620670867,276.629517586247,322.899628367702,956.306838833646,240.325716476618,89.2197287599553,1015.76524847033,78.1852287839589,140840.713030303,62460.4844444445,40705.4354545455,50559.9607070708,14809.9372727273,25935.412020202,5194.6197979798,10858.2105050505,2775.52515151515,375.287507159915,249.920956393105,201.755880842531,224.855421787136,121.696085691888,161.044751607129,72.0737108658892,104.202737512267,52.6832530460597,7.79205623670155,6.6402795614198,11.7668319193311,4.88717879206618,5.5248509869084,5.27286195634729,2.95095788938983,5.27563987606421,5.03884268673984,0.42456658276025,-0.455931549117885,-1.85205173828673,0.639773245381255,0.581282755935681,-0.0269901001470876,-0.490924828342788,1.48010998211532,0.442997387791575,121,1019,217,-245,935,181,97,971,48,145.644444444444,1071.16666666667,202.788888888889,-240.022222222222,944.5,179.822222222222,54.6555555555556,1001.38888888889,56.7777777777778,0.684914381866673,0.684914381866673,0.684914381866673,0.684914381866673,0.684914381866673,0.684914381866673,0.684914381866673,0.684914381866673,0.684914381866673,2686,1735,1554,1354,796,1130,348,533,329,502.409565963963,441.363857745734,435.979684587343,603.865714285714,383.524285714286,480.664285714286,178596.587137241,60587.1346059539,11347.2811886574,615257.674285715,461375.738571428,448222.341428572,0.231562206050483,162581.735210924,0.111783531936555,74330.948863253,0.19315227779543,44386.5489697517,0.272282503278559,60410.6349206634,0.399021714793735,17129.6253314793,0.230891191744956,29810.7791053718,0.169823075002744,5872.39472778123,0.278360224705115,12787.176314444,0,3208.09563703865,2
459062,-919,58,-1504,-727,638,-131,-145,771,-106,1626,1754,613,663,1361,757,262,1504,223,111,1063,198,-249.5,957.5,181,38,995,58,146.48,1137.63,178.56,-195.05,978.58,189.57,40.1,1021.12,57.38,0,866.323039480864,280.720485378653,-1630.48314801525,962.325721326545,0,0,1010.62377975718,0,427.114551379369,1182.74039839688,276.572305193416,374.086072983211,987.115363065534,253.556403981442,86.5660441512722,1027.26058037871,85.1989436554233,162596.413737374,105730.134444444,45059.157979798,102925.138888889,16947.3975757576,28640.4697979798,5945.12121212121,12705.2985858586,4006.4602020202,403.232456205318,325.161705070638,212.271425255021,320.819480220402,130.182170729165,169.234954421301,77.1046121326164,112.717782917597,63.2966049802057,6.883185848577,3.97104665820629,41.2641282177865,3.28183837633573,4.22925057103377,3.52397390365914,3.07341657431787,7.96036669617748,3.20389855244549,0.872657458294449,-0.658120374727266,-5.23042909037418,0.791045203004058,0.777188613133653,0.291371625837741,-0.10409097330564,1.91280075616096,-0.209554652146547,80,1029,198,-509,907,171,97,952,58,130.655555555556,1154.95555555556,200.711111111111,-211.888888888889,973.155555555556,185.511111111111,40.7555555555556,1009.33333333333,58.0111111111111,0.71521112401665,0.71521112401665,0.71521112401665,0.71521112401665,0.71521112401665,0.71521112401665,0.71521112401665,0.71521112401665,0.71521112401665,2545,1696,2117,1390,723,888,407,733,329,532.821928199257,460.338587521358,440.650722508606,626.858571428571,417.042857142857,479.4,199640.633107512,113089.384051352,14050.2642835819,710483.112857143,505126.277142857,458578.645714286,0.265987143806264,189369.494260561,0.0835321609831783,125072.424752388,0.72084937849132,41626.1299691134,0.122548315121196,115978.175851808,0.466946272105998,18686.4047207661,0.171456858697212,31074.2611325044,0.161947550681204,7007.82431409626,0.899093279997508,14678.4964067786,0.440977703277548,4549.47231876559,1
460625,-1676,-29,-1049,-1600,620,-282,-194,790,-116,1959,2411,574,827,1583,797,368,1742,194,101,1053.5,227,-145,930,176,24,961,58,132.04,1096.18,183.46,-131.97,949.6,162.6,18.24,1003.01,51.49,0,1192.64457758353,303.070323846086,1181.72327469815,929.207733376236,0,0,988.563523707622,0,478.88892240268,1175.50563588611,308.04476947353,407.834194250556,960.7384971989,265.581625870466,92.9436388355868,1012.34645749368,82.8067026272632,214040.442828283,182023.138989899,61852.5337373737,150416.817272727,21493.2323232323,44540.2424242424,8389.71959595959,19006.3534343434,4248.21202020202,462.645050582283,426.64169860657,248.701696289699,387.836070102727,146.605703583566,211.04559323578,91.5954125268269,137.863531923215,65.1783094303774,7.04041014371302,3.58105973044061,12.2720368724173,5.43820636113614,5.89441237006788,3.02858440732417,4.5114492359875,12.5356001029696,3.24098353008052,0.187367089217434,-0.100726700384792,-2.80651260227275,-0.652831888111988,1.12506331855002,0.243584973915879,0.541464782672618,2.65638972723104,-0.568460391383557,111,1000,227,-245,944,202,29,942,97,133.577777777778,1100.16666666667,215.944444444444,-121.077777777778,942.311111111111,158.1,15.8555555555556,986.166666666667,53.8555555555556,0.751968636868419,0.751968636868419,0.751968636868419,0.751968636868419,0.751968636868419,0.751968636868419,0.751968636868419,0.751968636868419,0.751968636868419,3635,2440,1623,2427,963,1079,562,952,310,528.565106654095,451.651558907582,433.030307944704,605.005714285714,420.098571428571,459.745714285714,300331.257748127,161938.535032136,22571.2069927143,731159.862857143,497091.767142857,445860.351428572,0.657894866932818,232899.716572101,0.12185916975442,211842.427577303,0.116595614506606,61315.7206008988,0.491751554814667,162828.02868881,0.817054178222861,23536.8727706884,0.331611864693463,49475.7630579788,0.713314885661654,9434.73302166965,0.92191054862939,22083.2108079268,0.47339591002512,4311.05675273864,1
462187,-1989,19,-1425,-1609,666,-323,-174,885,-194,1636,1872,782,872,1444,585,320,1542,271,111,1049,198,-227,953,181,58,1000,38,196.03,1139.81,134.75,-196.98,982.83,159.98,41.4,1024.97,44.07,146.422993567986,656.898121092019,279.961592539276,0,963.565950663781,770.866761139985,0,1011.8295193112,0,581.538898097109,1193.29632950077,371.229484281623,425.340451873555,993.45085937856,250.18309295394,109.729941219341,1032.57582288179,85.5942170943809,302787.605151515,126049.791818182,120862.391414141,143548.868282828,21201.8192929293,37371.6965656566,10431.0101010101,15807.4031313131,5438.59101010101,550.261397111878,355.034916336664,347.652687914449,378.878434702779,145.608445129152,193.317605420863,102.132316633914,125.727495526289,73.7468033890352,6.34979389293766,3.77575100877156,10.1016161624745,4.75011764177231,4.65247569559015,3.12107544506548,3.070438617958,5.73330108305233,4.31215514266689,0.123141515081046,-0.385594390040575,-2.30718954250007,-0.212842331562877,1.0871717432388,-0.313715768505187,0.0198794496550335,1.56197010838803,-0.468133702064147,90,1009,188,-263,907,222,58,895,38,193.555555555556,1152.36666666667,169.411111111111,-198.755555555556,973.266666666667,163.744444444444,39.9444444444444,1012.88888888889,46.9222222222222,0.745709019464098,0.745709019464098,0.745709019464098,0.745709019464098,0.745709019464098,0.745709019464098,0.745709019464098,0.745709019464098,0.745709019464098,3625,1853,2207,2481,778,908,494,657,465,558.91208317616,467.508365772169,443.129353128496,630.252857142857,405.355714285714,475.902857142857,359240.806101818,151734.755415158,17785.5179806064,814266.407142857,527336.01,465248.511428571,0.73604727060248,329312.833936438,0.180591678245411,146329.636189705,0.269283201919099,110668.434447557,0.512434360919899,167967.981029136,0.913969333414442,23605.5377329895,0.339589370416694,43026.3073811922,0.55974776967046,11278.5852526991,0.634023580160557,17760.2923211628,0.391311817749555,5530.52661530076,1
463750,-1575,-127,-2207,-1581,564,-272,-291,828,-194,2202,2205,1069,845,1509,808,330,1504,262,95.5,1049,217,-254,939.5,202,53,956.5,48,150.84,1154.74,188.55,-207.22,967.26,189.89,37.5,1007.59,50.34,0,1120.6565221844,278.14466811834,-401.219701568541,946.546611945131,270.841944472163,0,991.239595152779,0,549.661932463946,1218.56583736785,369.882183945104,428.958949084875,978.004100195904,268.54725841088,117.774530353553,1017.40290445821,78.4740721512526,282197.509494949,153008.315555556,102284.573232323,142490.557171717,21111.2246464646,36423.6544444444,12590.4949494949,20071.7796969697,3660.67111111111,531.222655291498,391.162773734357,319.819594822336,377.479214224727,145.297022152777,190.849821703989,112.207374755383,141.674908494658,60.5034801570216,8.55672993262388,4.11533876702512,34.2904819420262,5.01317969301134,6.53868074709592,4.07936150571337,3.85490947363853,5.55368042543921,5.65904084622272,1.53344848806962,0.0520165966536367,-4.35759365130039,-0.0492657910089924,0.987933535968036,-0.0973438129390893,-0.391383959999903,1.68367370615693,-0.346569780489586,90,1029,217,-281,916,191,106,914,38,114.055555555556,1154.34444444444,213.444444444444,-207.711111111111,960.788888888889,190.333333333333,39.6111111111111,992.711111111111,51.6,0.710676853856123,0.710676853856123,0.710676853856123,0.710676853856123,0.710676853856123,0.710676853856123,0.710676853856123,0.710676853856123,0.710676853856123,3777,2332,3276,2426,945,1080,621,676,456,557.297047225211,464.271869071347,435.940274626608,640.341428571429,407.112857142857,469.47,364391.714829136,150979.791103487,22085.2955036217,824504.472857143,519692.327142856,452201.867142857,0.323978748811933,305788.67083079,0.208872292115402,180934.632968337,0.859485182506154,86001.7428271428,0.314229524845043,155908.688073085,0.704202459156347,23849.3513751247,0.252854433356448,39690.33210721,0.51274871111637,14946.1778405146,0.482113271612785,23884.5965519982,0,4078.37775463881,1
465312,-1535,-68,-1801,-927,583,-323,-223,847,-242,1909,2000,930,700,1435,888,359,1447,233,121,1058,232,-90.5,944,156,67,975.5,58,186.43,1128.37,167.3,-115.92,966.35,153.46,50.78,1005.51,50.26,515.444522218653,1268.19294173871,394.244698957874,-224.44968615524,944.323163681764,348.463608072607,0,993.577758547778,0,626.706270911661,1217.99219619832,380.819747387133,393.093729280944,977.725385780691,278.464180820442,119.33364990647,1012.18628226231,83.1418065716641,361620.813232323,212410.235454546,118216.555555556,142510.336969697,22337.9873737374,54537.7054545454,11779.7086868687,13606.7776767677,4430.8004040404,601.349160831146,460.879849260678,343.826345057437,377.505413166086,149.458982245088,233.5330928467,108.534366386268,116.648093326756,66.5642577066732,4.55708402671655,2.80967697798321,14.1583263280347,2.72736371644371,4.3676080064468,3.6285189245509,3.34893166572318,4.76466058422976,5.96955257555917,0.7990220675236,-0.378868505702668,-2.68861124591471,-0.170743667117141,0.712884083550001,0.671547048614869,-0.211816594942376,1.27493558385459,-0.865323628646663,131,1009,207,-272,916,161,97,933,19,173.577777777778,1140.15555555556,200.522222222222,-113.133333333333,960.6,142.788888888889,52.2222222222222,995.6,53.0222222222222,0.737213515690948,0.737213515690948,0.737213515690948,0.737213515690948,0.737213515690948,0.737213515690948,0.737213515690948,0.737213515690948,0.737213515690948,3444,2068,2731,1627,852,1211,582,600,475,568.209881530896,459.519942976601,435.338893297081,635.185714285714,430.238571428571,474.235714285714,532630.834249162,161610.035084225,16706.727265445,866266.894285714,509147.961428571,448146.064285713,0.319958317765483,411905.072697707,0.098694328278368,253293.5934857,0.383243023762526,113612.712098608,0.0841665687804829,161398.926279047,0.487210018721307,25213.628019248,0.361583273795904,63557.8836111886,0.244240133236733,13313.5862367104,0.38382484918769,16054.9217526652,0.91120979033776,4769.79323583022,1
466875,-1484,0,-1900,-972,759,-414,-194,857,-194,1676,2196,752,654,1351,626,271,1523,252,101,1039,207,-222.5,944,171,48,990,48,121.41,1108.61,146.86,-196.91,972.28,160.08,33.34,1028.69,49.35,540.961468031391,0,225.402288547438,0,955.396216484027,0,0,1013.22384461928,0,487.119646493549,1174.9571268774,430.53462113981,386.024312705819,981.476561105766,253.124949382711,98.3633061664765,1037.62150613796,85.3680853715251,224793.092828283,153038.502929293,165446.667070707,111354.76959596,18149.334949495,38834.9834343434,8650.28727272728,18641.6908080808,4901.30050505051,474.123499552894,391.201358547351,406.751357798234,333.698620908088,134.719467596539,197.065936768239,93.0069205636187,136.534577335123,70.0092887055033,6.68642165657461,3.75383085283386,14.6167275014141,3.03533595055892,3.45899117284535,3.48770767362016,3.10309171030844,4.4825544473324,3.75325275399318,0.139906371938894,-0.0470117787430167,-3.15727647864341,0.0440581878412915,0.898042126753834,-0.267164475383031,-0.172399942406171,1.38920669287222,-0.0222342642761894,90,1029,227,-254,925,161,67,914,0,120.544444444444,1114.84444444444,203.444444444444,-199,963.888888888889,161.711111111111,32.9555555555556,1016.91111111111,48.9,0.754034056197133,0.754034056197133,0.754034056197133,0.754034056197133,0.754034056197133,0.754034056197133,0.754034056197133,0.754034056197133,0.754034056197133,3160,2196,2652,1626,592,1040,465,666,446,541.997999940421,459.129517390972,444.300468829303,590.091428571429,400.907142857143,476.305714285714,351474.400151564,118788.932739029,19730.8522161682,772787.082857143,504164.25,468694.902857143,0.673112045580079,251300.697052152,0.216381703908767,168695.457155023,0.747784997758143,165881.842932734,0.142158958306891,130265.222015464,0.557077742406923,20889.713821771,0.4489386596354,44732.6360162968,0.301905831268269,9880.42215900312,0.467969391589046,21812.6802709076,0.329338654568604,5293.63331165122,1
468437,-1525,-88,-1782,-1081,750,-363,-203,847,-242,1919,2156,1336,745,1472,929,300,1409,184,121,1049,237,-231.5,953,181,48,980,38,116.19,1125.88,210.17,-183.14,985.56,189.74,34.4,1012.84,33.11,0,949.008767012736,284.340584820449,3249.73205554816,968.486683335536,0,0,999.002305162414,0,535.203447298315,1214.25034486304,377.737435264232,440.288632603659,994.7416347977,288.385263146368,95.5346010616049,1020.47926975515,73.8947224096552,275699.61,208886.995555556,99509.2334343434,161933.151919192,18366.0670707071,47641.2044444445,8023.73737373738,15689.9741414141,4408.2403030303,525.071052334825,457.041568739164,315.450841549588,402.409184685429,135.521463505627,218.268651996672,89.5753167660454,125.259626941062,66.3945803739304,6.86701926849144,2.98735350668281,20.6022173227084,2.70097098887341,3.90792590366778,3.96111933519508,3.85361307671573,3.50796121402468,5.13431653707166,1.02176472893954,-0.159478131976419,-2.91142385684389,0.00517718851634096,0.858877767657239,0.252970369787834,-0.297774750686748,1.03986854837353,-0.755099810618125,141,1009,237,-327,898,171,87,923,48,91.2777777777778,1132.51111111111,239.8,-185.511111111111,979.355555555556,185.788888888889,35.6444444444444,1004.04444444444,35.4888888888889,0.732901009176448,0.732901009176448,0.732901009176448,0.732901009176448,0.732901009176448,0.732901009176448,0.732901009176448,0.732901009176448,0.732901009176448,3444,2244,3118,1826,722,1292,503,562,426,554.549470117409,474.37248257795,437.07097306482,622.388571428571,425.211428571429,463.007142857143,403094.299412913,176014.519835105,17306.603227724,815799.514285714,542799.025714286,452556.527142857,0.33535520333464,300373.76268801,0.11196232417088,248117.191269109,0.432410153762335,98708.6895123947,0.0679131091513879,188382.086676818,0.618100177490324,21284.5611587618,0.393110114753606,53859.9594177628,0.276283398500957,9622.20412541056,0.279307584409569,18782.3295512398,0.536537975204381,4764.00988349466,1
470000,-1636,-107,-2118,-1145,629,-464,-213,828,-213,2484,2176,1366,709,1657,979,310,1523,213,121,1078,247,-158.5,935,181,38,971,48,239.43,1166.87,143.51,-141.51,961.67,157.77,35.06,1029.61,44.92,414.293153978384,1423.80719796528,385.635898996279,388.542300263701,936.934010103706,-1798.75855853094,0,1012.39976024016,0,708.719810644517,1254.56454995349,481.236895925489,412.228395431465,975.252782615871,317.722756503213,112.433358039329,1039.30465697023,84.4018957133073,449451.560707071,214491.528383838,213125.080707071,151421.383737374,26574.5465656566,76824.6233333333,11527.3296969697,20260.0180808081,5157.44808080808,670.411486109144,463.132301166566,461.654720226135,389.129006548437,163.01701311721,277.172551551075,107.36540270017,142.337690303054,71.8153749611327,4.77426855510514,3.06350870737813,12.6160200498676,2.62224347998311,5.77101635836518,3.40719586795587,3.13224980256434,4.00334406446424,4.26513136427601,0.953820262263269,-0.126416260688399,-2.4372374551671,-0.34705141142442,1.12965941466535,0.245717825844786,0.277910387413279,1.15752900909225,-0.501969344806504,-40,1009,247,-263,916,202,-29,933,58,214.066666666667,1175.53333333333,187.166666666667,-135.511111111111,952.844444444444,152.744444444444,33.0111111111111,1018.56666666667,46.5666666666667,0.77018281481828,0.77018281481828,0.77018281481828,0.77018281481828,0.77018281481828,0.77018281481828,0.77018281481828,0.77018281481828,0.77018281481828,4120,2283,3484,1854,1028,1443,523,695,426,597.052891587077,464.864642036257,445.137714926555,664.204285714286,419.112857142857,475.538571428571,604063.680711226,179099.13153078,23486.1885555131,989059.255714286,523713.424285714,471393.904285714,0.399590127813764,499312.966465652,0.201480914318933,244888.239205732,0.449397058329915,208032.435177639,0.1081132609534,174461.887888901,0.768672817065369,29569.9486636565,0.492145494274443,87286.6893573505,0.328789507663068,13826.3287912396,0.201531024781897,23845.108352196,0.7619792886183,5349.50361460178,1
471562,-2040,78,-1178,-1136,666,-494,-184,838,-135,2747,2078,1306,827,1500,1111,233,1333,194,111,1063,207,-258.5,935,181,58,961,38,157.48,1163.31,202.49,-227.61,962.22,197.97,50.97,999.11,45.15,226.274295683443,879.902994544197,267.417249184942,1643.16399850681,946.810937480322,256.891349198712,0,987.282867921704,0,637.223320351664,1225.11181122378,306.476344927304,436.231097011664,970.854901620216,311.077659114248,86.6880037836839,1005.87903348265,73.1043774339129,385104.656161616,149099.791818182,53460.1514141414,139890.15949495,16860.5167676768,58158.7768686869,4966.53444444444,13708.9271717172,3339.11868686868,620.568010907439,386.13442195456,231.214513848377,374.018929327046,129.84805261411,241.161308813596,70.4736436154996,117.085127884446,57.7851078295151,11.3821732857167,3.46158076437935,20.2810724657879,3.53640489175353,6.54670917073827,4.87697823363003,4.23802070707842,4.37388362514757,3.63441823923541,1.89810348606096,-0.0976167373932484,-1.65146321607716,0.0263519473424061,1.38796840642227,0.255716881997111,-0.532114490703771,1.42150115222268,0.154799231224031,121,1049,188,-290,916,151,48,904,38,102.244444444444,1171.81111111111,219.055555555556,-228.444444444444,953.333333333333,195.944444444444,52.8555555555556,988.788888888889,44.3333333333333,0.689703907672028,0.689703907672028,0.689703907672028,0.689703907672028,0.689703907672028,0.689703907672028,0.689703907672028,0.689703907672028,0.689703907672028,4787,2000,2484,1963,834,1605,417,495,329,564.739039404402,466.107031722029,430.845156228911,652.834285714286,399.677142857143,469.384285714286,442914.248240213,169007.486764673,14487.8144999451,857520.111428571,526982.622857143,439136.438571429,0.484390320833226,435202.253475816,0.0569298445777509,177150.855038304,0.378519828316643,37220.577992228,0.196960356522808,151573.381845699,0.756929831908066,19056.4413134385,0.431878612166297,61646.0261732678,0.304290488658078,5560.72207364421,0.308966508664909,15717.7100863379,0,3831.19017354704,1
473125,-1121,-205,-1000,-1918,601,-757,-233,685,-77,5070,2568,990,2190,1342,757,446,1685,320,95.5,1049,168,-167.5,962,156,87,1000,77,273.51,1070.63,226.24,-48.33,974.46,149.68,83.46,1023.99,73.35,0,850.113047014666,193.69364438783,0,959.362474450516,0,0,1005.56929617032,0,953.849291030821,1166.66352047195,396.493833495554,603.810574601009,981.970549456551,296.183186558589,130.272023090148,1034.49989366843,94.8737582263926,843455.302929293,217025.427373737,107093.76,365910.526363636,14842.2913131313,65980.1793939394,10106.2913131313,21853.0403030303,3657.38131313131,918.398226767285,465.859879549353,327.251829635833,604.905386290812,121.828942838438,256.866072874444,100.53005179115,147.827738611636,60.4762871969776,11.8903335314247,4.40555536166511,4.77426636471484,5.92189137750625,4.02422935455003,3.95838378584345,6.34955516798197,7.6410120452348,6.17806732815414,2.70010299771932,0.317086784343035,-0.387301198721857,0.124028766880985,0.377986217749464,-0.214988296701904,0.323472487782255,1.53820306767073,0.867679315956969,131,1029,148,-209,953,111,106,904,87,166.633333333333,1058.15555555556,234.433333333333,-42.1888888888889,971.255555555556,150.477777777778,81.9555555555555,1014.74444444444,70.9333333333333,0.665273522764941,0.665273522764941,0.665273522764941,0.665273522764941,0.665273522764941,0.665273522764941,0.665273522764941,0.665273522764941,0.665273522764941,6191,2773,1990,4108,741,1514,679,1000,397,586.359148248957,494.739742531524,444.134001338421,673.02,461.061428571429,506.057142857143,904979.895804059,377393.134802907,24336.6112037954,1040631.25714286,607104.792857142,469783.654285714,0.300778437130992,953134.191481857,0.364822913955398,231553.271887232,0.651481719319488,109009.992782828,1.83124116056708,409768.008323558,1.1728314447559,14916.1409670757,0.384193909853051,71250.2148952721,1.86250068539002,11722.2438891643,1.74925795115121,25192.6730223392,0,3814.85728665241,1
474687,-1282,137,-2000,-1036,490,-242,-155,809,-116,2848,2215,1029,754,1268,787,427,1352,203,131,1058,193,-254,944,207,77,980,77,145.74,1084.61,204.51,-158.26,963.07,184.26,82.61,1006.42,62.92,0,841.286699662871,452.024801695426,0,944.847956055273,0,114.246076268093,995.043279306262,0,578.147541722699,1155.19863659892,414.650322561071,430.440053898333,971.363963712881,289.709337094958,122.142335003061,1012.58994662203,87.2939860471499,316176.194343434,159702.058484849,131424.797878788,161850.921616162,16206.186969697,50484.5983838384,8176.09888888889,12583.0137373737,3698.29656565657,562.295468898189,399.627399567208,362.525582378386,402.306999213488,127.303523005834,224.687779783054,90.4217832653664,112.174033258031,60.8136215469574,10.1300453553137,3.38343075433509,17.5501887422277,2.75445395329461,4.13853737785561,2.95802304473445,4.92794532240998,3.58872648276484,2.99187981128421,1.49870147016782,-0.0115234952848471,-2.51526181672988,0.326884877353554,-0.0933755488973608,0.34757068887287,0.555219191873692,0.967598008846751,-0.33319280138679,141,1019,188,-400,925,262,67,923,77,121.977777777778,1085.01111111111,223.6,-160.477777777778,964.688888888889,176.588888888889,80.0333333333333,1000.62222222222,64.2,0.70379004024658,0.70379004024658,0.70379004024658,0.70379004024658,0.70379004024658,0.70379004024658,0.70379004024658,0.70379004024658,0.70379004024658,4130,2078,3029,1790,778,1029,582,543,319,549.366326912431,464.732998914338,436.079653639079,614.94,423.887142857143,493.692857142857,412752.804378588,178430.576592579,14678.022391224,788860.011428572,519753.467142858,449090.31,0.391355867174916,348099.329889997,0.184493652487966,189771.902570868,0.437560632531117,148193.958216625,0.260491772974983,191034.106288931,0.578807755351276,17850.6196527201,0.215280720195779,58997.1782565139,0.298948627283355,9602.0461399964,0.454806856193602,14699.7922894656,0,3652.32939553256,1
476250,-1848,-117,-1336,-1290,694,-232,-174,866,-194,2323,1862,900,672,1500,1121,271,1657,233,126,1053.5,188,-231.5,935,191,29,990,58,225.22,1129.55,128.52,-212.78,962.02,189.68,33.1,1027.65,54.81,0,1040.18043513807,0,-383.52002052904,942.546454860281,0,0,1014.43484622083,0,608.631596287935,1188.00940652842,329.378110991001,390.654527683988,972.523912302417,290.875334120994,99.5801184976198,1035.77782849412,86.2204732067738,322937.749090909,136851.664141414,92901.5652525253,108419.82989899,20525.5349494949,49121.1692929293,8909.68686868687,16940.5934343434,4474.5796969697,568.276120465139,369.934675505574,304.797580785224,329.27166580043,143.26735479339,221.632960754779,94.3911376596705,130.156034951682,66.8922992351862,7.3226776457258,4.0430417591354,11.1873529007967,4.05060056607715,4.93549738346508,7.58006771745562,3.11996786693902,9.1978706497524,4.60953001992238,0.725021484085451,-0.408499423555976,-2.3915280333765,0.100569881987065,0.971317289148747,1.37536964931087,0.0126573736957831,2.20265569787628,-0.762678640827051,131,1009,188,-218,907,171,19,990,29,205.577777777778,1143.88888888889,164.577777777778,-216.733333333333,954.677777777778,175.511111111111,32.2555555555556,1012.98888888889,57.9777777777778,0.749892684113721,0.749892684113721,0.749892684113721,0.749892684113721,0.749892684113721,0.749892684113721,0.749892684113721,0.749892684113721,0.749892684113721,4171,1979,2236,1962,806,1353,445,791,427,554.79114976893,458.70850799246,443.903133873705,635.695714285714,402.394285714286,478.097142857143,401726.040791726,121593.13659205,19692.2729274352,810123.732857142,507009.505714286,467222.52,0.749493122197618,333874.878990849,0.108591753607979,155199.426647285,0.554948504531224,89220.7082674804,0.37605609734206,124711.996020224,0.71622322685488,23285.044865318,0.43325589468274,57054.4936987488,0.645930421396241,10260.9611926879,0.838041727970165,19661.201291384,0.883000508088498,4659.88858971324,1
477812,-2070,-107,-1099,-1054,629,-262,-233,847,-155,2070,2254,693,845,1407,1000,271,1609,213,106,1039,227,-218,944,191,48,966,62.5,153.43,1117.03,191.93,-178.97,967.52,173.34,33.7,1003.62,56.39,170.300892274365,1066.11192723875,291.931051899078,-200.533553639619,952.153270066382,610.675720145048,0,990.472109827081,0,529.167638844251,1175.96336252453,293.543540211669,384.331770739813,975.518662045991,268.348132097095,98.6646846647776,1011.5181856991,83.1737338346668,259068.308181818,136498.797070707,49828.9748484849,116849.14050505,15698.6965656566,42387.8428282828,8685.88888888889,16076.7026262626,3775.79585858586,508.987532442415,369.457436074451,223.224046304346,341.832035516056,125.294439484187,205.883080480847,93.1981163376647,126.793937655799,61.4475049012233,10.5874453239626,4.92803107501619,17.9848229240573,4.01177171274677,4.90591153995418,6.31024125136798,3.72482215912274,8.42317708549144,3.90802069176251,0.895663968015457,0.0332951822951797,-3.29105599570828,0.275723224367617,0.783109375950778,0.878158404048285,-0.319849813384656,1.98585341883304,-0.375425379668782,161,1009,227,-200,925,212,77,923,67,122,1120.92222222222,216.877777777778,-184.8,962.222222222222,165.655555555556,34.9666666666667,991.166666666667,57.5777777777778,0.71521112401665,0.71521112401665,0.71521112401665,0.71521112401665,0.71521112401665,0.71521112401665,0.71521112401665,0.71521112401665,0.71521112401665,4140,2361,1792,1899,778,1262,504,762,368,535.935608780825,457.268234357117,433.547190363169,626.738571428571,412.238571428571,468.732857142857,318873.145038558,127415.57912154,18080.1344045976,749604.012857143,502010.695714286,445637.841428572,0.254095933983498,277506.697606613,0.0989976571308281,157856.202057821,0.502556803837812,42075.6509355981,0.243111839520925,137077.013457482,0.408185822231587,18349.3552512136,0.181202374024559,48232.9442979211,0.487703371532114,10215.3502126721,0.505122113277396,18684.0202582387,0.796659462058398,4139.07420971604,1
479375,-1060,-137,-1831,-836,527,-383,-184,857,-155,2010,2019,801,754,1407,1222,300,1438,233,121,1083,227,-190,962,186,48,995,48,134.24,1128.68,174.53,-132.85,986.65,168.41,37.52,1022.8,47.27,0,0,286.457134809435,0,967.901681234654,0,0,1009.23230716734,0,514.964018160492,1219.80040170513,408.425133898491,406.042793311247,996.123782468826,296.539053077331,83.769803628754,1030.32787985185,80.1351982589424,249664.204444445,216156.037979798,137727.645555556,148708.714646465,18974.1085858586,60175.2342424242,5666.29252525253,15611.8181818182,4229.49202020202,499.664091609998,464.925841376663,371.116754614441,385.627689159459,137.74653747321,245.30640888983,75.2747801408448,124.947261601918,65.0345448219792,6.89077063016793,2.85750120275003,19.3876580633771,2.37577915525064,4.83056475876141,5.35523305356471,4.29818353486712,3.98440074862963,3.68478484233694,1.42241920142215,-0.387039840735735,-3.67172835688022,0.131802840333875,0.690085207660501,0.690684232767098,0.33052601427814,1.11958158405633,-0.343427077971266,141,1019,217,-218,907,262,48,1000,38,103.022222222222,1142.7,221.522222222222,-138.922222222222,980.277777777778,162.411111111111,35.7666666666667,1012.98888888889,49.1666666666667,0.760167502961966,0.760167502961966,0.760167502961966,0.760167502961966,0.760167502961966,0.760167502961966,0.760167502961966,0.760167502961966,0.760167502961966,3070,2156,2632,1590,880,1605,484,581,388,555.255121704239,470.818174476649,441.078007135759,616.05,438.09,474.681428571429,418257.582004338,166296.384222321,16051.122683251,822819.45,533600.892857143,460720.53,0.149182290562783,261916.043512788,0.0823011260969255,252903.696761454,0.358820396315426,145726.943945718,0.0492319173195897,172345.176259314,0.549233947108885,21549.4893968971,0.282445523892643,69900.4245561908,0.255444317065697,6732.28068518043,0.35943578319138,18576.3919115339,0.976605735701164,4794.03841077774,1
480937,-1383,-49,-1782,-845,601,-393,-174,847,-155,2303,2225,1019,745,1537,1242,271,1561,242,121,1053.5,227,-195,944,171,48,980,48,260.26,1200.64,122.79,-160.97,971.17,153.23,35.28,1019.57,49.76,212.746134339713,1295.7636126612,290.859881306351,-1158.33037469053,943.850049928472,-1261.05464495515,0,1002.16569526397,0,706.097217102574,1275.57616001554,430.508896539897,389.985115100564,985.641095937056,320.526519963637,101.620667189308,1029.78923571768,88.606433175024,435189.911515152,187432.454949495,171980.329191919,127451.564747475,28603.2334343434,80058.4011111111,9173.8197979798,21154.4293939394,5429.33575757576,659.689253751455,432.934700560598,414.705111123457,357.003592065227,169.124904831735,282.945933194155,95.7800595008157,145.44562349531,73.6840264750492,5.10697604775872,3.20218984640758,10.1649373355295,2.69476101989177,4.8096380431181,5.8592674870812,3.07824078369205,5.20493061988727,3.37197857365532,1.15166214241191,0.0228805833073785,-2.45778998771778,0.0707569671566671,0.880792594729651,1.07399638632993,0.176476084606229,1.50303228055766,-0.10874775589233,80,1019,217,-363,925,171,48,914,58,231.133333333333,1207.17777777778,172.855555555556,-165.322222222222,963.4,136.022222222222,33.1555555555556,1004.98888888889,50.0111111111111,0.760167502961966,0.760167502961966,0.760167502961966,0.760167502961966,0.760167502961966,0.760167502961966,0.760167502961966,0.760167502961966,0.760167502961966,3686,2274,2801,1590,936,1635,445,714,397,602.467650755401,465.074215749389,440.631857696186,678.724285714286,412.898571428571,473.404285714286,593592.175998395,163364.51497136,22269.3772326223,990431.027142857,525563.147142857,462275.884285714,0.313448009035755,483931.526387297,0.125286343821701,210483.119759687,0.282331797993334,158892.377113717,0.139348659120257,144852.88133156,0.991134151391981,32670.4785179821,0.419554958601224,91631.7436787972,0.332439340455984,10876.6404247729,0.460840007927678,25071.9538546267,0.574464889401894,5684.92751868922,1
482500,-1262,-68,-1257,-1236,657,-444,-203,847,-145,1545,2078,762,781,1361,1040,223,1438,233,116,1058,227,-236,939.5,191,29,990,58,157.94,1166.05,193.42,-220.06,968.84,194.28,24.78,1011.82,54.99,263.088142965306,1088.01896827482,0,-558.286424701873,953.552967761538,2331.45916874344,0,999.996959212555,0,431.073010057461,1236.58952364962,325.875865936709,434.016681707051,976.92942426769,298.957488616693,80.2816292809258,1018.45827602313,84.6102239685016,162503.935757576,171192.977272727,69478.5692929293,141357.652929293,15899.1458585859,52152.3854545454,5889.99151515151,13613.6844444444,4176.75747474747,403.117769091832,413.754730816129,263.587877742755,375.975601507987,126.091815192684,228.368967801112,76.7462801388544,116.677694716876,64.6278382335931,7.69328559698389,3.58884848763541,17.6002497637944,3.07122519467996,4.02023966142447,4.7757048928044,3.27146656775898,4.61160842460607,3.85008136898115,1.11977624494336,-0.208581537084591,-3.416106224975,0.140505560327489,0.795115919535863,0.166673030519083,-0.178710354836534,1.30130744120774,-0.22320944018636,111,1029,217,-218,925,242,77,942,58,132.833333333333,1178.97777777778,227.666666666667,-224.7,963.066666666667,192.533333333333,24.8222222222222,1002.18888888889,55.5777777777778,0.726350336993578,0.726350336993578,0.726350336993578,0.726350336993578,0.726350336993578,0.726350336993578,0.726350336993578,0.726350336993578,0.726350336993578,2807,2146,2019,2017,704,1484,426,591,378,548.506485146071,467.981404475317,436.438235172074,650.318571428571,404.168571428571,467.824285714286,243433.707789821,157701.788112955,14826.3501098807,780502.572857143,528058.782857143,450369.124285714,0.20712048412988,178759.2223506,0.072549940439822,201257.931259398,0.286957374875017,72128.0528806131,0.063924313178093,156523.070869479,0.370674376977619,18019.2161845302,0.237361744453876,58026.9972235212,0.310541424477666,6954.51086723123,0.271464641401061,16132.8703057907,0.767062745417421,4681.83189093353,1
484062,-1292,-117,-2019,-1281,509,-525,-310,819,-77,2303,2196,584,772,1527,1131,349,1447,271,121,1044,202.5,-95,962,156,62.5,980,48,204.66,1143.48,108.65,-100.04,968.04,126.39,42.82,1016.11,43.68,0,1164.91883857573,0,0,936.975291739853,-1098.66592032012,0,999.963567446457,0,742.811429637428,1260.41714523407,378.528347683499,438.834251170074,983.790008080993,321.982033660265,116.570751048451,1025.02128270588,74.084006371146,515033.438787879,283944.312727273,132806.957070707,184411.614545455,31051.856969697,88583.8362626263,11873.9268686869,18372.8261616162,3616.66424242424,717.65830224967,532.864253564895,364.426888512233,429.431734441523,176.215370980221,297.630368515423,108.967549613116,135.546398556421,60.1387083534743,4.43672707735872,2.66447968732763,17.2375773363634,2.90459182643153,4.49867157553318,4.19417693573132,3.93818828233181,3.67950566368238,4.99411960302288,1.0745973731148,-0.0357417059872695,-3.32872020638927,-0.464727099441133,0.694806213769752,0.580924712328726,-0.408705317688479,1.01194462499612,0.798929459923596,202,1029,227,-209,944,151,106,914,58,178.566666666667,1147.91111111111,155.155555555556,-89.0333333333333,961.144444444444,114.066666666667,44.8777777777778,1006.82222222222,40.9888888888889,0.781865067024603,0.781865067024603,0.781865067024603,0.781865067024603,0.781865067024603,0.781865067024603,0.781865067024603,0.781865067024603,0.781865067024603,3595,2313,2603,2053,1018,1656,659,628,348,587.796147059806,470.077310520644,439.347531804381,624.338571428571,426.167142857143,472.547142857143,733783.19182998,229977.756242452,21272.7110335948,978730.247142857,541753.161428571,458462.49,0.188530294811295,588256.791652444,0.126557429100714,330729.878442414,0.49955838311851,131332.689290395,0.154851671477956,211400.069122436,0.436664831882218,34238.4781808826,0.265942338958522,99124.5788119709,0.379178987472992,13965.6624448723,0.400751030877962,21712.1892368864,0,3615.35942687775,1
485625,-1090,156,-1237,-781,694,-575,-291,847,-203,1696,1960,861,681,1555,777,271,1419,213,121,1029,207,-190,953,176,77,980,48,178.6,1084.29,171.17,-150.95,985.4,153.09,53.39,1014.43,35.85,0,871.760602194529,197.007206712495,-558.795685094124,968.194014248961,0,0,1002.3329573136,0,482.028256433168,1145.02849309526,303.008465228284,347.121232424639,994.934098320085,255.21432169845,109.498812778952,1021.32180530918,79.4661563182717,202478.060606061,136773.177676768,63146.4253535354,98694.1893939394,19071.4141414141,42118.9918181818,9231.81606060606,14171.7223232323,5080.45202020202,449.975622235317,369.828578772338,251.289524957837,314.156313630555,138.099290879476,205.229120297734,96.0823400038012,119.045043253519,71.2772896524694,5.7791615896335,3.73861219341503,13.9262008117394,2.76653457508566,6.04579091776346,4.2597788765924,4.03534711631138,5.00874679386029,3.7284317087042,0.829046199517281,0.151843413092647,-2.35055133909049,0.167787399356707,1.24575221709465,-0.196054469556441,-0.470914049665229,1.43049733761086,-0.49729995100738,121,1049,207,-218,935,171,87,961,48,164,1085.23333333333,191.4,-156.711111111111,976.822222222222,152.6,54.7888888888889,1003.06666666667,38.0111111111111,0.726350336993578,0.726350336993578,0.726350336993578,0.726350336993578,0.726350336993578,0.726350336993578,0.726350336993578,0.726350336993578,0.726350336993578,2786,1804,2098,1462,861,1352,562,572,416,518.009258573266,459.34502474344,438.493271646634,614.597142857143,423.231428571429,473.001428571429,276591.319447513,113880.587514907,14478.6783726246,700823.837142858,503794.868571428,454887.038571429,0.399974795377184,225936.874024433,0.158168486915735,152188.024088993,0.765577604696985,62688.4020761895,0.135404191049078,116108.879092902,0.924931417039309,21297.0632949738,0.649172229544592,47813.2273252943,0.523648177527759,10630.9019370672,0.451540510142244,16219.274505466,1.00962264497906,5515.83261684756,1
487187,-1898,-78,-1584,-881,583,-333,-194,847,-233,1808,1911,1009,663,1574,878,281,1419,233,111,1058,227,-195,953,186,53,980,38,176.58,1129.3,183.33,-171.89,985.52,174.21,49.73,1024.89,41.56,0,1077.21516199135,245.320692520915,-1253.68691609373,967.183227432823,0,0,1013.09239215812,0,545.680620876351,1192.2663544695,350.27601973301,379.208135461253,995.012673286124,265.241644543235,99.0168167535192,1031.47181735615,76.0332821861585,269279.64,147657.141414141,89983.2334343435,115406.704949495,18990.4541414141,40408.0867676768,7405.3102020202,13671.311010101,4094.77414141414,518.921612577468,384.261813629902,299.972054422314,339.715623646448,137.805856702152,201.017628002314,86.0541120575897,116.92438158956,63.9904222631336,8.04104345987702,3.45259962291516,16.591768956778,3.18572383545666,6.71374058777493,4.54584085665013,3.93665083042463,3.87502790836884,6.46682858007344,0.800725010569687,-0.468004000789826,-2.29560940931178,0.310550561524551,0.980180328836746,0.367668726589251,-0.0108802096317756,1.20018243802608,-0.314831329561718,90,1000,237,-190,953,191,48,971,38,153.544444444444,1145.34444444444,201.822222222222,-179.277777777778,979.311111111111,169.555555555556,49,1016.27777777778,41.7444444444444,0.71970029895822,0.71970029895822,0.71970029895822,0.71970029895822,0.71970029895822,0.71970029895822,0.71970029895822,0.71970029895822,0.71970029895822,3706,1989,2593,1544,991,1211,475,572,466,547.144688021754,463.995459691968,442.405155407946,638.232857142857,423.36,478.362857142857,343202.290606338,133948.885985558,14628.3570327281,789411.295714286,516086.64,462651.214285714,0.649577490503621,293302.106642283,0.170220014313758,171476.192419017,0.395458482927748,91915.4376583918,0.0580455208825623,135372.956504339,0.728089375447319,20204.3942682908,0.469671363959052,45281.2273004298,0.232524404446053,8655.99348272975,0.292120659070582,15572.9939744924,0.392599956102056,4671.17006261072,1
488750,-1363,49,-1306,-881,601,-262,-194,866,-135,2030,2029,1237,700,1472,959,252,1390,165,111,1078,207,-172,935,151,38,980,67,249.69,1143.08,107.5,-141.1,956.42,138.62,21.73,1018.92,52.54,0,789.674331398377,0,-2103.13331088779,938.815696275594,0,-294.638858661881,1007.599387388,0,695.210478919874,1216.80193951193,391.424679855525,347.978993618868,965.322526412805,261.230166711274,86.7638749710961,1025.37123033563,77.900449292671,425224.761515151,175732.397575758,143087.909090909,102202.191919192,17281.1753535354,49520.9046464646,7127.04757575757,13321.4076767677,3341.44282828283,652.092601947876,419.204481817356,378.269624858921,319.690775467782,131.457884333863,222.532929353084,84.4218430014269,115.418402678116,57.805214542313,3.69390885085436,2.89081927000224,7.11164234584378,2.86353735284256,6.45204239412138,4.01998037374048,2.6198584090853,4.64424911468083,3.49169272779539,0.818642160249896,-0.260433427607713,-1.59154846005879,-0.0139425198175635,0.782955353373066,0.71662980032899,-0.158385195886057,1.43317649348883,-0.66141965199975,111,1558,217,-290,907,202,67,952,77,231.188888888889,1150.75555555556,139.244444444444,-142.255555555556,952.777777777778,127.544444444444,21.9777777777778,1008.16666666667,54.5888888888889,0.77018281481828,0.77018281481828,0.77018281481828,0.77018281481828,0.77018281481828,0.77018281481828,0.77018281481828,0.77018281481828,0.77018281481828,3393,1980,2543,1581,871,1221,446,524,300,578.535516573125,447.749177089708,439.514069245176,642.972857142857,408.831428571429,468.51,555802.652118425,124428.666366893,14332.9763122197,907344.792857143,480504.925714285,456421.118571428,0.443341088671748,472390.478839468,0.142737464000314,191950.938613609,0.308342359485144,133982.54257712,0.075247719647028,116143.385166758,0.91820703625725,18038.4654593262,0.322863224062978,55656.8514257338,0.288987537641081,7753.26359549179,0.522719496417149,15853.8409389415,0,3607.51118584898,1
490312,-1191,9,-613,-1045,583,-636,-145,847,-126,2969,2294,1108,690,1453,878,233,1361,271,80,1053.5,188,-209,953,191,77,980,77,196.27,1120.23,153.53,-167.2,970.16,174.41,63.8,1011.59,74.25,0,474.416869741863,0,-250.348622162154,951.33319148841,0,0,1001.29491390732,0,688.285413182642,1174.34156445218,272.703593669024,373.511097559363,979.025627856595,282.253591651196,110.587974029729,1017.28603155651,108.096299659147,439611.007171717,125417.027373737,51308.8778787879,112681.515151515,17455.3074747475,49745.6988888889,8241.67676767676,11673.2746464646,6234.08838383838,663.031678859854,354.142665282986,226.514630606475,335.680674378963,132.118535697106,223.037438312246,90.7836811749599,108.04292964588,78.956243475981,11.2137848121862,4.96909621734555,7.96207468430497,3.85724040323864,6.2475420492022,5.51897364889155,2.41663737339726,4.32546965224682,2.97966581270599,2.74936132567906,0.137593942836799,-0.617799510223338,0.0634070819486965,0.340015275395753,0.0685030512652357,-0.441424749878578,1.21365093179782,-0.0274218594295161,80,1039,178,-336,944,191,77,923,77,108.755555555556,1122.31111111111,165.844444444444,-167.5,968.844444444444,170.444444444444,65.9222222222222,1003.72222222222,74.2111111111111,0.730728417399595,0.730728417399595,0.730728417399595,0.730728417399595,0.730728417399595,0.730728417399595,0.730728417399595,0.730728417399595,0.730728417399595,4160,2285,1721,1735,870,1514,378,514,397,548.595255000739,460.105890156516,438.592973989321,630.012857142857,418.872857142857,492.702857142857,472313.06390631,133162.446360821,12914.5429855848,825935.215714286,504715.204285714,453765.162857143,0.189271268434335,478499.617619198,0.0821283241013835,143400.381920351,0.439656925321032,42185.592703157,0.294495232851267,123020.358270719,0.77066101618699,19460.3067711228,0.596470984975284,55768.6477324098,0.159358837415272,8052.99750434181,0.337596261864355,13148.6863477185,0.507559993468,6818.46968665867,1
491875,-1414,352,-1673,-1336,824,-606,-203,714,-126,2909,2049,950,954,1212,696,407,1561,262,156,1049,158,-218,972,151,87,990,77,230.37,1094.02,173.93,-156.01,984.8,170.39,107.92,1007.12,77.72,194.331986636516,1019.84648261978,0,-23970.03470576,980.390104206373,151.787108672511,0,997.665531850445,0,553.684341479872,1126.29659504058,391.865908187992,369.29788788998,987.068011841129,262.796556294028,163.655247395249,1012.39638482168,110.895626604479,256056.578888889,72388.141010101,124552.772828283,113173.545353535,4517.39393939394,40433.6140404041,15289.2056565657,10763.3793939394,6320.64808080808,506.020334461856,269.050443244573,352.920349127509,336.412760390469,67.211561054583,201.081113087242,123.649527522614,103.746707870368,79.5025036134591,15.4740828674566,4.57857783823141,10.1865806357865,4.47296324849199,4.19569939936018,5.47150479559295,3.16342205563929,10.7304671525755,3.27207797434852,2.73057667720736,0.457623517439298,-1.21224692503959,0.115738533195755,0.625811136291516,-0.424493757068778,0.459593471298525,1.76425432449951,0.181319308521958,141,1039,118,-236,953,101,29,980,77,171.677777777778,1090.66666666667,186.1,-158.377777777778,982.955555555556,173.611111111111,104.811111111111,1000.75555555556,77.7222222222222,0.628966689102201,0.628966689102201,0.628966689102201,0.628966689102201,0.628966689102201,0.628966689102201,0.628966689102201,0.628966689102201,0.628966689102201,4323,1697,2623,2290,388,1302,610,847,388,537.73020531386,462.195236209504,439.940319841538,642.137142857143,428.22,511.182857142857,309644.801729817,126176.648740443,15947.3159844993,740858.254285715,505605.522857142,456011.708571429,0.310101556667275,286268.800143159,0.252927413272994,79724.9831440204,0.421284254365727,139931.623501785,0.954325076511256,128091.343989669,1.14052588957296,5151.85429731346,0.371335187412003,45985.8586993311,0.214487248414725,14946.9385748923,1.7911321617643,12625.1578891755,0.269814801682477,7071.92075654239,1
493437,-1464,-117,-683,-854,629,-262,-174,876,-165,1797,2068,782,727,1379,1020,291,1533,184,75,1073,217,-176.5,935,171,38,971,62.5,131.94,1113.41,206.17,-117.5,964.06,147.38,33.87,1010.44,59.98,573.70875956282,986.179921747818,241.949582602698,-9461.88949674467,948.032967446484,0,0,997.988988086717,0,549.672229605972,1183.99557009306,305.471815393826,350.844324451743,972.749638910239,253.23427888025,88.4555820737165,1017.90930833744,87.2088298281774,287607.471111111,163801.698888889,51320.1627272728,110389.383838384,17000.1781818182,42835.0864646465,6744.6596969697,15303.4004040404,4048.26222222222,536.290472702164,404.724225725232,226.539538993247,332.248978686743,130.384731398344,206.966389698053,82.1258771458162,123.70691332355,63.6259555702091,5.1135665253462,3.42268212568761,5.90142106639085,3.04124401845424,4.01847178391972,4.94989110186499,3.50162700114506,6.61175803019277,4.39540794048173,0.230313525071331,-0.426516514672217,-0.756761514747671,0.482897426579719,0.964569910552124,0.678684226016614,-0.0216168116862728,1.88569327857542,-0.949846423466113,80,1019,227,-236,935,242,106,971,58,133.022222222222,1124.18888888889,213.988888888889,-125.722222222222,957.555555555556,139.611111111111,32.8777777777778,996.744444444444,64.0555555555556,0.732901009176448,0.732901009176448,0.732901009176448,0.732901009176448,0.732901009176448,0.732901009176448,0.732901009176448,0.732901009176448,0.732901009176448,3261,2185,1465,1581,750,1282,465,657,349,549.198632941536,450.602528128322,436.267761578237,622.08,425.974285714286,473.267142857143,384904.961497412,124569.002369984,16912.3494076796,770270.614285714,485769.085714285,450672.484285715,0.424776101794882,309694.931054016,0.0467370276155847,193208.255926607,0.173574382468212,54440.2512051703,0.224114258605317,113629.743611313,0.556375149529086,19616.9906573215,0.502747547019385,45655.855779496,0.229803134639354,7626.988638139,0.611862103548324,18063.0102196631,0.44314898140976,4496.0708176381,1
495000,-1494,-19,-1603,-1063,731,-393,-174,847,-223,1555,1970,653,718,1444,707,281,1704,281,101,1058,198,-236,953,151,58,985,53,185.95,1149.23,113.35,-212.78,977.74,150.18,46.77,1030.4,42.57,0,2300.56961866917,216.646777237833,0,961.058884733558,324.983406299086,0,1013.50350033258,0,560.174874481175,1202.62588114509,384.987779026815,396.056359625748,986.633021948891,254.581617561049,111.641703677434,1040.70779760699,86.8158395685949,282038.876262626,126847.896060606,136734.714646465,112712.435959596,17645.6690909091,42684.6137373737,10380.2394949495,21564.202020202,5782.61121212121,531.073324751513,356.15712271497,369.776573955767,335.726728098309,132.837001964472,206.602550171516,101.883460360107,146.847546864774,76.0434823776582,5.2784115654725,4.04617975697226,12.4518258905722,3.05996545029027,4.51615565233289,2.88187516625801,2.70583969861067,7.07518516917654,4.16825447162182,0.477403724058031,-0.115889255581173,-2.75463393358331,0.154327803404349,0.866832468703321,-0.0780556771077601,-0.0186033318070289,1.8763587571918,-0.178962287614352,111,1009,227,-236,935,151,77,923,87,183.033333333333,1155.27777777778,154.977777777778,-216.522222222222,971,148.9,46.2444444444444,1015.74444444444,42.3444444444444,0.774117311341292,0.774117311341292,0.774117311341292,0.774117311341292,0.774117311341292,0.774117311341292,0.774117311341292,0.774117311341292,0.774117311341292,3049,1989,2256,1781,713,1100,455,857,504,561.637849416756,463.146242666025,445.58825307148,620.798571428571,392.202857142857,479.888571428571,388080.23429773,119196.868648209,23416.2671392303,817851.638571429,512193.068571429,472745.82,0.502723499280211,293785.889632898,0.174538009510949,148802.610515712,0.316576801340142,133532.687712273,0.220484367492719,131043.607931571,0.583523011765439,19437.3088871413,0.209223182060437,47995.549393632,0.579314815673359,12151.2284266028,0.671192360019129,25005.5114717188,0.589036081336992,6372.46771139646,1
496562,-1010,9,-792,-1290,666,-545,-184,828,-155,1858,2333,603,736,1416,1202,398,1666,242,116,1058,227,-236,948.5,196.5,29,961,48,145.9,1163.07,191.1,-194.84,983.93,197.7,29.32,1016.42,47.57,0,466.468773492342,230.894706170185,-389.584161541811,965.68014239789,0,0,998.389573466232,0,439.832036122882,1233.11606509687,309.104577772637,434.894814869067,993.750054088049,304.080384109202,100.376092771137,1027.35097216093,86.9684425524569,173904.454545455,169538.793030303,59622.6565656565,152697.852929293,19617.0960606061,53918.7777777778,9308.78545454545,22566.0642424242,5354.14656565656,417.018530218328,411.750887103238,244.177510360099,390.765726400478,140.061044050821,232.20417261061,96.4820473173401,150.220052730733,73.1720340407219,8.95354019807154,4.24073595157431,10.0659683642238,3.39847032692736,3.99078857475058,6.42823452050191,4.87642456988175,6.57822037558726,3.39559050217742,1.48822221752877,0.272604820492083,-2.49423682440187,0.0396186969170866,0.887576364851849,0.427128446457844,0.608323033210105,1.77504583436761,-0.174870091401274,151,1029,217,-272,925,171,97,923,77,117.788888888889,1161.95555555556,219.622222222222,-195.888888888889,976.544444444444,195.877777777778,25.8,1000.83333333333,48.2111111111111,0.721928094887362,0.721928094887362,0.721928094887362,0.721928094887362,0.721928094887362,0.721928094887362,0.721928094887362,0.721928094887362,0.721928094887362,2868,2324,1395,2026,750,1747,582,838,397,547.042862243886,474.288947901172,439.194437627623,642.887142857143,422.91,468.561428571429,275713.460179931,168984.569136463,24659.6626971963,775531.324285714,543916.092857143,459895.238571429,0.172065058132381,189979.562546026,0.17699303012547,198329.237423111,0.163370748491556,61043.1486168272,0.236846542068168,174847.082523951,0.754295089943284,22426.9651989431,0.347671508100038,59288.6502496885,0.643569169574716,10980.5269028991,0.537495699525153,26717.2552783131,0.464559270754153,6049.69725348841,1
498125,-1141,-9,-940,-990,685,-727,-174,809,-145,2232,2284,752,618,1444,929,271,1390,310,95.5,1078,217,-36,939.5,126,48,966,53,170.59,1165.54,173.05,-104.47,966.98,128.68,25.86,1007.49,49.79,486.781024691419,-941.637835961261,247.862855240739,733.048975315474,944.23830898024,462.193507999208,0,991.007358339285,0,596.576055503403,1264.85141419852,301.821255050071,375.464845225222,979.475931302041,289.50955079237,88.1988662058646,1016.35117454549,88.4102369638268,330103.072626263,243803.644848485,61767.441919192,131373.605151515,24568.4642424242,67936.6036363636,7182.12161616162,18114.7574747475,5391.23828282828,574.545970855477,493.764766714358,248.530565362074,362.454969825929,156.743306850482,260.646510884692,84.7473988754913,134.591075018916,73.4250521472629,5.86302830694563,2.81054096581114,8.51634298830922,2.47715684494068,4.05689854161836,4.39933621439565,2.98351139716478,2.74558585656322,4.54838411307114,1.38754938060572,-0.241449356466749,-1.99237692072357,-0.431740782874,0.986351074799105,0.296894101147344,-0.105455929174773,0.745354965083213,0.0212277970739193,121,1000,188,181,925,-121,77,904,19,136.355555555556,1174.26666666667,197.977777777778,-94.9666666666667,959.244444444444,120.744444444444,25.1555555555556,999.911111111111,50.3666666666667,0.749892684113721,0.749892684113721,0.749892684113721,0.749892684113721,0.749892684113721,0.749892684113721,0.749892684113721,0.749892684113721,0.749892684113721,3373,2293,1692,1608,759,1656,445,581,455,570.776113070172,458.29546245731,435.0054298045,646.791428571429,424.795714285714,464.202857142857,492028.642260353,172955.989228906,18965.346523635,877220.64,507498.312857143,449385.051428572,0.290621414673926,366181.081177563,0.0824805816932866,287031.345931084,0.301591552732886,62724.8164495663,0.16745966213141,141257.360360383,0.531849396357013,26512.149650154,0.34675464167704,78438.4554447475,0.23902154717215,8243.3778297284,0.199195753389123,21437.9476442384,1.06549344428807,6133.78392299745,1
499687,-1373,-19,-1792,-1063,638,-484,-165,809,-165,2393,2431,693,572,1435,1181,300,1580,213,121,1049,232,-204.5,953,176,53,1000,29,196.29,1147.17,136.7,-170.11,983.24,164.29,43.24,1026.27,36.02,0,1986.7621471796,0,0,966.039642585733,0,0,1009.48427795509,0,592.444469971659,1216.04306255987,392.931164455048,367.16041453294,992.105689934293,293.656755413527,104.97866449903,1036.0219833575,84.907007955763,315616.854444444,164405.778888889,137078.797979798,106938.745353535,17689.6993939394,59841.5009090909,9243.25494949494,20314.5829292929,5971.47434343434,561.797876860036,405.469824880827,370.241540051624,327.014900812693,133.002629274535,244.625225414492,96.1418480657354,142.529235349429,77.2753152270137,7.12850179785228,4.60315563932993,11.9412119419424,3.18362442532683,3.92577202840677,5.50390481419934,2.7037012371755,5.84552487495918,3.00465238753584,1.41070141104057,0.344134016209596,-2.73789804342062,-0.18936110366845,0.610157078233791,0.482826503829479,-0.119118405486292,1.51404888750023,-0.0306738416378397,141,1009,247,-327,925,141,87,933,29,163.911111111111,1144.27777777778,180.933333333333,-165.477777777778,978.844444444444,159.866666666667,43.1777777777778,1012.52222222222,36.4777777777778,0.772155143580481,0.772155143580481,0.772155143580481,0.772155143580481,0.772155143580481,0.772155143580481,0.772155143580481,0.772155143580481,0.772155143580481,3766,2450,2485,1635,797,1665,465,771,378,563.218951108721,463.690156029936,443.510953226006,634.354285714286,418.894285714286,473.798571428571,461836.312797194,125719.722968804,20449.7779624308,850348.32,516563.468571429,467816.258571429,0.354470642838569,342560.544852794,0.145226586851641,191127.984721022,0.297790085585851,138536.916357426,0.175934989644775,122435.065185037,0.688611343187742,19896.2125203272,0.434984782221446,67797.0974000191,0.247280353274496,10665.7157372675,0.399210402220327,23767.1174049416,0.637070450616991,6326.35301233423,1
501250,-1282,-49,-1475,-1227,601,-555,-213,838,-184,1555,2254,584,663,1462,1000,310,1676,262,131,1078,247,-209,957.5,217,48,1000,33.5,116.6,1137.77,214.3,-161.1,989.18,200.25,38.82,1021.03,39.1,241.419025174511,474.239453040582,278.066832656195,0,968.562734248087,0,0,1004.82504712527,0,465.677162849973,1229.84694576195,367.277633405575,452.785247109488,1000.05841829365,305.414095941887,102.092213219226,1030.50161086725,89.11935816645,205312.787878788,220204.986969697,89867.0404040402,180869.96969697,21858.3511111111,53714.8560606061,9005.88646464647,19627.584949495,6478.23232323233,453.114541676592,469.260041948701,299.77831876912,425.28810199319,147.845700347055,231.76465662522,94.8993491265692,140.098483037808,80.4874668705155,6.05340178700425,3.04438975323348,17.2140509097586,2.52504018265566,4.51529639853936,4.69665853592251,3.27501318939838,7.76691912837087,3.3268798842174,0.622886761469827,-0.319418896630473,-3.45626751263837,-0.0464458024736055,0.846733305574617,-0.0332233087412608,-0.142402138728866,1.68840322380161,-0.117406489068511,131,1029,217,-209,953,272,38,885,19,105.866666666667,1149.21111111111,256.933333333333,-158.477777777778,982.688888888889,200.822222222222,39.0333333333333,1008.91111111111,39.7888888888889,0.732901009176448,0.732901009176448,0.732901009176448,0.732901009176448,0.732901009176448,0.732901009176448,0.732901009176448,0.732901009176448,0.732901009176448,2837,2303,2059,1890,861,1555,523,838,446,551.633665503753,479.154526799355,441.330979183234,629.43,440.712857142857,470.978571428571,344821.414962523,195694.290128284,20808.4376007176,798973.538571428,556461.038571429,462985.135714286,0.239196899558948,208799.181370438,0.0691398552620438,260518.721533662,0.208436631129714,87503.3786392489,0.0983040324913707,210479.428745114,0.546133763118527,24646.9600606161,0.304158898520393,60318.783926824,0.472964215294194,10656.6440760854,0.495535664509466,23379.462354775,0.935758757754311,7171.72385341341,1
502812,-1000,39,-2059,-1790,648,-606,-291,819,-165,1707,2254,821,818,1481,959,349,1638,271,121,1112,247,-158.5,916,191,33.5,971,38,216.06,1185.19,159.23,-162.53,958.66,160.95,37,1026.92,40.13,436.216529014419,703.698099706917,992.15683338617,0,937.410856754015,0,0,1005.1502807107,0,546.36476826384,1264.27488704,430.430911994016,505.098059786414,970.529494657427,316.081366106893,116.957000645536,1040.49600671987,100.192265170521,254376.299393939,195672.377676768,161531.896060606,231018.231414141,23129.8024242424,74750.0277777778,12434.2828282828,28350.7612121212,8513.20515151515,504.357313215482,442.348705973882,401.910308477658,480.643559630358,152.084852711381,273.40451308963,111.509115449289,168.376842861841,92.2670317692899,4.41457881889278,3.05320142255375,13.7680849181335,4.37877417638537,4.10287852870117,3.54273584717452,3.94764795260894,6.98398232366658,3.03709711350942,0.939733120109406,-0.0971862379469162,-2.86440171420067,-0.83748750185708,1.07291043206576,0.032960661842108,-0.0485767238923968,1.89096671793775,-0.0215034257486491,101,1019,207,-336,888,-40,9,885,19,197.077777777778,1192.32222222222,205.977777777778,-139.588888888889,948.866666666667,160.211111111111,37.1333333333333,1007.41111111111,39.4111111111111,0.766207532278821,0.766207532278821,0.766207532278821,0.766207532278821,0.766207532278821,0.766207532278821,0.766207532278821,0.766207532278821,0.766207532278821,2707,2215,2880,2608,833,1565,640,819,436,579.278164100973,474.753021399122,444.855777574862,668.777142857143,410.177142857143,473.164285714286,381336.711390249,248224.643017705,31869.8481857928,892361.237142856,555839.562857143,474149.73,0.163155322408389,272302.475046971,0.195227665352299,223159.57921599,0.344110669682752,171791.490171625,0.298334536129694,270536.143832834,0.641942385938384,25222.7644876025,0.331210156508285,86166.9035288657,0.453934906819254,14320.2979093171,0.534774205759311,33456.9837868351,0.553908655408906,9479.31600576406,1
504375,-1333,39,-1673,-1509,666,-434,-310,819,-165,1565,2549,712,736,1361,1090,339,1533,184,111,1039,247,-204.5,944,196.5,48,961,38,155.25,1137.39,179.68,-172.11,968.12,191.5,30.94,999.83,33.68,0,709.589492448407,294.648965555917,0,952.221122071612,398.389981482499,0,984.545069514813,0,472.416458223039,1212.46782637726,399.931719172161,409.23886667813,976.263970450615,291.63062253474,100.459842723349,1008.87662773998,71.6917010538877,201085.603535354,178204.260505051,128949.977373737,139247.068585859,15994.9551515151,48864.8181818182,9227.16808080808,18355.5768686869,4045.81575757576,448.425694553015,422.14246470244,359.09605591504,373.158235318288,126.471163320004,221.053880721009,96.0581494762838,135.482754875618,63.6067272981071,6.88189473709821,4.39086349759976,17.8363294458721,4.31122378734761,3.70850247369979,5.35461759307203,4.94506073413092,6.23792473980986,3.66812112908604,1.01110748054056,0.436283973326671,-3.7078785174508,-0.466464499435635,0.534766523997479,0.29503214102663,-0.271718712875724,1.67678159638639,-0.376668346987002,111,1009,247,-218,935,212,19,914,67,136.6,1133.1,234.644444444444,-162.044444444444,964.411111111111,190.333333333333,32.0222222222222,986.433333333333,34.7222222222222,0.712949649963254,0.712949649963254,0.712949649963254,0.712949649963254,0.712949649963254,0.712949649963254,0.712949649963254,0.712949649963254,0.712949649963254,2898,2510,2385,2245,695,1524,649,714,349,542.622790475597,463.101310529321,431.668927771271,630.994285714286,423.218571428571,456.192857142857,364296.834674863,160608.097622158,20337.5138540216,794228.965714286,516692.661428572,442741.684285714,0.323908820117004,205218.20854076,0.127005682220584,206295.301430216,0.211568614109557,131521.008744399,0.203222598339148,161424.815949641,0.469152479455868,18109.781484226,0.417616758397398,56029.4332047819,0.575618129137463,10987.3826590582,0.426100537310037,21279.2168783053,0.291697558866507,4496.01579519519,1
505937,-1545,-98,-1495,-1200,592,-525,-116,847,-135,1414,2166,594,736,1453,1070,320,1523,242,116,1053.5,247,-190.5,944,212,29,980,48,100.42,1105.95,213.28,-120.52,978.7,208.23,34.11,1017.67,41.58,0,646.560758724269,366.226446669907,0,961.321370604289,294.430102376521,0,1004.38129815393,0,457.969038254771,1194.53899475907,366.552752001673,461.188811659606,987.797712084817,309.857789961782,81.8260960818735,1025.39016476656,84.1495098024938,201668.145050505,205856.573232323,89770.2642424243,200171.767272727,18071.3434343434,53183.9566666667,5587.89686868687,15932.0819191919,5406.30666666667,449.074765546345,453.714197741621,299.616862413357,447.405595933631,134.429696995654,230.616470935332,74.7522365463862,126.222351107844,73.5275911931478,6.2151129945591,2.90628641779146,19.1640450512914,2.44919742658759,4.6596598401659,4.97902582840057,4.39505457546646,5.4576202128445,3.11098981620814,0.320367007618739,-0.294057939243111,-3.58570564414691,-0.181220555514167,0.817375755913899,0.142923993591476,0.438488116157226,1.56094778246187,-0.195798115898027,151,1039,178,-227,944,121,29,942,48,90.5777777777778,1116.68888888889,252.366666666667,-115.5,972.777777777778,206.688888888889,32.3,1006.35555555556,42.4111111111111,0.71521112401665,0.71521112401665,0.71521112401665,0.71521112401665,0.71521112401665,0.71521112401665,0.71521112401665,0.71521112401665,0.71521112401665,2959,2264,2089,1936,861,1595,436,676,377,537.686472408558,477.38733889328,438.970125645045,608.421428571429,457.032857142857,468.582857142857,315664.562109349,209116.973809772,16895.0197181201,759008.558571429,550479.124285714,456514.988571429,0.275577084947251,214642.168063957,0.0725832138845562,242284.794285843,0.234227984160916,92790.0744512009,0.123370390343189,225475.152101243,0.612201141146087,19827.0516031796,0.378024027486917,59482.4849203178,0.462648268359622,6610.20219921707,0.460422841415411,18582.9920865949,0.448962001328551,5960.35540335702,1
507500,-2272,-176,-1742,-1072,675,-565,-87,752,-67,3777,2715,1128,909,1370,1161,359,1409,252,131,1088,108,-199.5,967,171,135,1000,72,302.92,1100.04,133.56,-100.94,981.05,137.44,133.32,1011.21,84.29,0,0,0,0,970.393344638659,0,0,1000.6703059163,0,972.223873395423,1180.63046716574,415.035227420517,430.703540733066,986.412504989672,340.653548344942,176.921055841299,1016.82875156046,110.017225923943,862079.528888888,185656.867070707,155975.723636364,177087.531717172,10657.0984848485,98136.4509090909,13663.4723232323,11510.1473737374,5049.4807070707,928.482379417557,430.879179203065,394.937619930494,420.81769415885,103.233223745306,313.267379261057,116.89085645692,107.285354889367,71.0596981915256,8.08346809495576,5.18434174528339,7.74652545704287,2.96534408718826,5.46382364082127,3.21092014225148,2.02847044909701,4.83821651976466,2.32093067673016,1.84220634381311,0.106920159763458,-0.783301674994505,0.330593439728079,0.525250128133851,0.21480701297821,-0.151262583548755,0.958873051986081,0.187663119504448,0,1039,99,-227,944,232,233,961,48,225.233333333333,1099.21111111111,139.922222222222,-108.122222222222,979.422222222222,133.633333333333,133.333333333333,1005.84444444444,83.6222222222222,0.741482739931274,0.741482739931274,0.741482739931274,0.741482739931274,0.741482739931274,0.741482739931274,0.741482739931274,0.741482739931274,0.741482739931274,6049,2891,2870,1981,695,1726,446,657,319,604.839873015657,479.041160341834,442.817115331019,658.508571428571,436.092857142857,526.637142857143,929030.88251961,216561.704899358,17718.5142949382,1076297.91428571,546240.004285715,461719.525714286,0.952350928037771,901427.373811365,0.202047334419413,205007.436421764,0.300346106167264,166760.818866173,0.628985415633919,206936.2182556,1.26492840923628,11038.3188410709,0.300992259293103,115530.243607443,0.095804357784037,13817.0314121861,0.45236920467611,13539.742342357,0.333027646569635,4553.34966718945,1
509062,-2484,-1303,-1663,-1418,555,-1040,-194,666,-223,3868,3490,871,1500,1527,808,291,1580,242,141,1063,193,-190.5,972,191,72,1009,38,204.35,1060.72,141.7,-162.06,966.67,158.59,67.15,1018.44,33.53,301.068845560563,1074.27861886519,229.030753172518,-521.864423417605,942.042940235237,0,0,997.801576702558,0,819.417238041768,1180.24477969614,427.233308626563,456.005964873268,978.700071523447,346.52095174751,116.611877611159,1029.05666510645,87.9436751563181,636046.148989898,270556.385454545,164090.313131313,183513.127676768,23639.3344444444,95884.8302020202,9181.01767676768,21957.157979798,6676.59505050505,797.52501464838,520.150348893996,405.080625470181,428.384322398437,153.750884369634,309.652757459094,95.8176271714536,148.179478942929,81.7104341593229,8.1974604034189,10.5656347755495,10.3137138863456,5.20535703678847,4.16622297074554,5.678675058811,3.05318132183643,4.36468530406934,3.8787384824142,1.05294580824671,-0.268583590875878,-2.29118639977492,0.703985996023658,0.364010056811494,-1.22262288675739,-0.170849696668608,0.625355177918726,-0.234307216058162,161,1019,217,-163,990,222,58,1047,67,171.633333333333,1073.57777777778,185.288888888889,-174.6,964.044444444444,179,67.7222222222222,1014.1,34.0333333333333,0.749892684113721,0.749892684113721,0.749892684113721,0.749892684113721,0.749892684113721,0.749892684113721,0.749892684113721,0.749892684113721,0.749892684113721,6352,4793,2534,2918,972,1848,485,914,465,585.893500875494,477.042972060348,441.086802826778,602.901428571429,412.8,479.622857142857,849595.214152065,252671.668161552,22093.7217530286,962978.850000001,551088.017142857,462981.445714286,1.06110213591858,601134.769038502,0.490373669218967,216676.750837515,1.12243324879898,168375.019211424,0.658083114374288,203115.879758106,0.919540846544781,25653.9533694321,0.694185294397982,106345.180586128,0.330668079465003,10428.1263249932,1.18756596674331,25384.3407123795,0.856018000727926,6943.91704060862,2
510625,-1212,-78,-1356,-963,694,-575,-223,847,-116,1646,2068,801,700,1435,939,330,1438,223,111,1073,217,-263,939.5,227,62.5,980,48,144.51,1163.69,185.5,-224.31,972.08,208.4,47.93,1014.91,41.77,0,1426.25419902059,250.888286525106,-300.072620585971,956.733697545833,436.3233485073,0,1000.18511425747,0,463.629302352645,1230.04745030426,311.845025613685,402.815007168303,980.508847486855,302.044466924988,93.4606334239181,1023.33269761109,72.8795581764873,196029.282727273,160446.781717172,63471.7878787879,113075.711010101,16624.3167676768,48283.1313131313,6502.63141414142,17340.911010101,3602.72434343434,442.751942657819,400.558087818948,251.936078954142,336.267320758501,128.935320093746,219.734228815474,80.6388951693996,131.684892869687,60.0226985684111,6.98548204013246,3.99284742817741,17.8715331175146,3.08666074770505,5.28699424141697,5.15716274256631,5.21922985605948,4.4929793972443,3.57403817676854,0.693728126994007,-0.450281584005552,-3.10911789109202,0.274631543027951,1.14015056461818,-0.320909668978021,0.0397003365053269,1.34774004655587,-0.098377954875058,90,1049,217,-272,925,141,77,942,67,133.077777777778,1180.62222222222,210.633333333333,-231.444444444444,963.166666666667,210.777777777778,47.7555555555556,1003.38888888889,42.2,0.737213515690948,0.737213515690948,0.737213515690948,0.737213515690948,0.737213515690948,0.737213515690948,0.737213515690948,0.737213515690948,0.737213515690948,2858,2146,2157,1663,741,1514,553,591,339,552.938874363393,465.769599985154,437.82514542153,640.157142857143,409.787142857143,473.404285714286,284817.387678072,133044.95183942,17772.8221985099,782235.505714286,520666.452857142,454824.055714286,0.367776101991697,219184.590697623,0.0749020597231904,189480.489014594,0.321206330355307,62379.8514715758,0.113010416911674,126597.549709233,0.285895002435358,19336.9893744661,0.43263448540586,53624.4544881066,0.430238661371538,7571.26543544274,0.330108943632408,20324.3495053262,0.35108774767639,4175.08646008854,1
512187,-1141,-137,-1811,-1254,638,-646,-242,828,-106,2070,2343,643,727,1361,1404,242,1533,330,111,1068,207,-95,935,141,48,971,58,211.1,1138.09,124.59,-132.21,960.2,148.24,29.87,1008.06,55.14,0,0,0,-847.160901578882,938.485579188917,0,0,994.639073512749,0,698.416752376402,1245.4481081121,398.908097185304,431.237625909428,971.589265070379,322.730351841905,96.4680776215635,1015.53712881411,89.9775527562291,447699.747474748,258476.911010101,145055.557474747,170188.288787879,22223.898989899,83009.8812121212,8498.86171717171,15283.5317171717,5106.60646464646,669.103689628706,508.406246037655,380.861598844971,412.538833066511,149.076822443662,288.114354401375,92.1892711608662,123.626581758017,71.4605238201237,4.23730715768208,2.77815008115983,10.4629993338822,2.79893605402745,3.15216343689188,6.9985100011563,3.30418204796526,5.1252784089979,4.22525522475272,1.13085218136342,-0.0350641460068073,-2.4553129595418,-0.40192143291878,0.630920079130509,1.18117078414054,-0.485109381354639,1.22641211547894,0.177630199466797,151,1029,178,-218,907,-50,48,933,48,183.144444444444,1141.15555555556,168.577777777778,-125.088888888889,954.9,131.488888888889,32.9666666666667,999.166666666667,54.8888888888889,0.774117311341292,0.774117311341292,0.774117311341292,0.774117311341292,0.774117311341292,0.774117311341292,0.774117311341292,0.774117311341292,0.774117311341292,3211,2480,2454,1981,723,2050,484,705,436,581.756206549444,465.633219976425,435.629473408199,631.62,418.384285714286,468.458571428571,655755.56935285,214283.672985342,16805.9052918927,942023.408571429,528902.772857143,449450.447142858,0.109440194517988,507650.162032607,0.118197038920373,302156.022102701,0.35872935122825,144748.379559808,0.217024216710695,195755.278029786,0.419208744592679,24953.0748748694,0.479314330183115,94710.6188027995,0.346829020833945,9536.26902225944,0.405551722767432,18036.9861497817,0.932091089128856,5266.18213762234,1
513750,-1363,19,-1356,-945,703,-343,-155,819,-145,2171,2401,683,636,1388,1141,300,1523,223,131,1039,217,-158.5,962,171,67,980,38,170.94,1126.23,173.97,-134.86,981.78,150.15,52.17,1010.66,39.47,0,651.197689321295,199.035820125614,-1195.61017036212,965.515931361683,0,0,994.725831102187,0,522.730370267502,1191.34139943175,329.643034205184,322.405055791624,990.462649472457,280.065938664451,106.388016242432,1019.78149620397,82.0779507541459,246491.471111111,152424.562727273,79190.8778787878,86624.0408080808,17297.2642424242,56456.4722222222,8683.53646464647,18707.7418181818,5231.22131313131,496.47907419257,390.415884317317,281.408738099562,294.319623552492,131.519064178636,237.605707469796,93.1854949262302,136.776247273354,72.327182394528,7.97989193520563,4.51770116267886,13.1610553683415,3.07699470159128,3.94158026360016,5.36971501475071,3.09929489994474,4.67816728049721,2.90649662501531,1.29159169681444,0.415514087694379,-2.65557857534961,0.0282322259418315,0.838237243041625,0.549376596728577,-0.112405044789496,1.33256854959597,0.0573477886128255,131,1019,198,-227,944,161,97,914,9,142.688888888889,1121.91111111111,201.988888888889,-136.6,975.511111111111,142.577777777778,51.4888888888889,998.466666666667,38.9777777777778,0.721928094887362,0.721928094887362,0.721928094887362,0.721928094887362,0.721928094887362,0.721928094887362,0.721928094887362,0.721928094887362,0.721928094887362,3534,2382,2039,1581,685,1484,455,704,368,541.426425237337,457.051733960418,436.799777524829,630.488571428571,427.315714285714,472.414285714286,338831.111465921,118050.993213035,19013.9388255882,771945.385714286,498599.232857142,453432.642857143,0.352130307249079,268617.990238263,0.158754639310025,175404.136859412,0.366834351518378,76640.1522591216,0.0791807880991249,100180.255588133,0.878621893155192,19412.2647802374,0.30265630860567,63800.2302140005,0.298129904869961,9961.95753846412,0.479637266799972,21909.1628224419,0.633030615516985,5085.93515890427,1
515312,-1373,-117,-1633,-1309,620,-363,-271,800,-184,1969,2225,782,827,1518,757,349,1695,242,106,1078,227,-213.5,962,212,48,990,58,131.31,1142.82,194.54,-146.64,1001.47,179.3,37.89,1020.34,52.73,0,931.536960338927,151.848588833185,0,979.232117370294,0,226.849185841727,1003.38788628318,0,574.838159832835,1231.66566080248,353.141048307896,417.789061608846,1013.6974154056,273.545827970379,109.903457634417,1030.03291209553,90.9960988174768,316360.195858586,213093.684444444,87740.1903030303,154590.313535354,24889.1809090909,43109.9292929294,10750.6241414141,20074.8327272727,5555.39101010101,562.459061495666,461.620714921292,296.209706632025,393.179747107291,157.763053054544,207.629307403674,103.685216600122,141.685682859182,74.5344954373544,6.85814988664312,2.94245195560498,20.7788336698188,2.73719617370534,4.1913670654848,3.31476634562321,3.75613108520027,7.22396820845542,3.52403645104437,1.25581443248834,-0.298946627644558,-3.6319751267061,0.0833257406727918,1.02675187883817,-0.125500560447733,-0.256129191186826,1.49715075294333,-0.552050700074758,121,1029,207,-245,907,212,87,895,58,99.4222222222222,1152.72222222222,232.1,-152.011111111111,992.633333333333,180.477777777778,39.9444444444444,1009.93333333333,54.9111111111111,0.726350336993578,0.726350336993578,0.726350336993578,0.726350336993578,0.726350336993578,0.726350336993578,0.726350336993578,0.726350336993578,0.726350336993578,3342,2342,2415,2136,898,1120,620,895,426,562.635358629404,476.56394951509,441.45202761194,629.43,443.198571428571,476.125714285714,432837.889423583,168166.6888297,21693.1002629271,845206.204285714,547267.487142857,463425.797142857,0.243425157524723,335022.456424648,0.104706552949483,252140.924031727,0.308922189841447,80606.0296132287,0.156944047543055,179874.965701698,0.416990762111506,28502.0385800667,0.117195338362985,47080.4347551733,0.47692885297241,12804.3035904104,0.478023074972568,23479.0126517966,1.29801696587329,6279.95759950534,1
516875,-1787,-58,-2108,-1290,555,-323,-233,857,-184,1666,2254,801,745,1555,1090,330,1733,281,141,1088,217,-127,935,171,29,975.5,58,266.23,1201.47,110.33,-147.04,963.61,155.36,34.02,1018.38,50.49,0,1143.51018143559,453.490952239177,0,939.552179866846,0,0,999.063240936128,0,627.337556663078,1277.59209061421,468.289536504928,433.968362902182,976.257081920536,314.520651150286,108.503087513674,1030.39381791624,95.537793568828,325933.33040404,190617.564747475,209214.526363636,168391.695353535,24781.4726262626,75541.9296969697,10722.7874747475,24862.2177777778,6644.67666666666,570.905710607312,436.597715004871,457.399744603816,410.35557185633,157.421322019168,274.848921585968,103.550893162481,157.677575380197,81.5148861660658,5.13903677036922,3.37654839820818,11.0557931998179,2.83187044018598,4.83461263295597,4.48112752170039,3.41203932861672,7.75520648753544,3.79129918558065,0.605083606976989,-0.0789341953923785,-2.63502405860359,-0.242029611769553,0.857013006418072,0.873526248543117,0.206273282124486,1.97416807823821,-0.286106731171401,60,1009,128,-63,879,151,-77,885,77,252.144444444444,1209.85555555556,169.677777777778,-143.066666666667,956.744444444444,139.188888888889,31.9666666666667,999.733333333333,51.8888888888889,0.77018281481828,0.77018281481828,0.77018281481828,0.77018281481828,0.77018281481828,0.77018281481828,0.77018281481828,0.77018281481828,0.77018281481828,3453,2312,2909,2035,1000,1413,563,876,465,598.989041092809,467.119337495285,440.679158132724,676.298571428571,416.541428571429,472.667142857143,475592.247504635,181842.05905979,26772.4417887045,962181.021428572,531569.858571429,463976.489999999,0.217807443472748,344326.593900247,0.171884992124717,215083.096326536,0.329848401338465,222257.590716454,0.252129497249873,195816.243381565,0.778709454593844,28573.0198171117,0.290609651658481,86212.3618511132,0.607315961064054,12364.5837274306,0.585275999453519,29399.3530294954,0.76093279036796,7295.4516478788,1
518437,-1242,-205,-1980,-1472,648,-222,-262,828,-165,1888,2225,693,918,1629,707,407,1895,174,111,1049,217,-236,944,186,58,961,48,142.64,1130.81,181.18,-183.49,970.9,176.66,48.09,998.45,40.12,187.293930283883,1010.99921127122,290.795308944133,0,952.823766475635,562.195274069978,0,981.682577953314,0,510.65132918656,1196.45538571231,337.033796524918,405.783846401012,981.292525193176,253.433147003307,121.545094512284,1009.74825080314,81.1509704193363,242847.081212121,154317.407979798,81581.4016161616,132315.100909091,20493.1414141414,33353.1357575758,12586.4261616162,22918.3106060606,5026.12686868687,492.795171660723,392.832544450938,285.624581603478,363.751427363647,143.154257408368,182.628408955386,112.189242628766,151.387947360616,70.8951822671109,7.816651704602,4.72468005550064,35.1017870325319,5.02757382026097,7.95808105576523,3.64632695418849,4.46306107009471,15.1211568920981,2.89410988020351,1.27232886445777,0.0257733698170105,-4.75461352977971,-0.0184733428916475,1.62136579167522,0.0485399207423109,0.19076362220803,2.93783553136578,-0.435042832024243,161,1019,207,-272,944,181,87,1028,9,114.277777777778,1133.94444444444,210.766666666667,-185,960.1,174.977777777778,46.2,979.377777777778,42.1,0.728544874833431,0.728544874833431,0.728544874833431,0.728544874833431,0.728544874833431,0.728544874833431,0.728544874833431,0.728544874833431,0.728544874833431,3130,2430,2673,2390,981,929,669,1067,339,544.299355447229,459.439497800328,432.213039939568,623.412857142857,413.172857142857,465.711428571429,323571.576227057,142652.676962236,27316.5002351067,773940.878571429,510781.675714286,446121.522857142,0.27494547751595,275539.21684068,0.144984136549114,178866.593602358,0.268824191524589,77272.116167599,0.349630047323482,152008.740817053,0.576456534375585,22921.5885218189,0.096342756528499,36444.6767556754,0.517429658881084,15022.7860094947,0.90226848187679,26592.6932096244,0.633383568623269,5790.44169198986,1
520000,-2313,-333,-1564,-1100,601,-606,-359,828,-330,2333,2343,1148,800,1574,1050,339,1533,223,106,1068,227,-140.5,962,166,67,970.5,38,168.36,1167.47,192.94,-107.31,976.03,154.63,51.24,1014.08,38.57,0,881.233063584606,0,0,943.686956604781,0,0,997.176782836214,0,737.294825697292,1285.02852497522,364.418523129656,436.994199046166,993.543682985303,323.401623372549,118.687151789905,1023.63875463955,81.1618752863683,520463.202424242,291224.352626263,96540.4206060606,181261.104949495,34842.9182828283,81493.1041414141,11576.8711111111,19674.8016161616,5151.11626262626,721.431356696008,539.652066267019,310.709543796229,425.747701050158,186.662578689003,285.469970647377,107.59586939614,140.266894227261,71.7712774208894,5.85831586159399,2.8779134672794,13.9931398596831,2.46550587728075,4.36409537733318,3.40817312392425,4.80829808806128,4.00584622545846,8.92320599773234,0.720735804724749,-0.283596466867533,-2.34961784857332,-0.129978252565598,0.931662617185728,0.286882625311463,-0.650766937121153,1.17941014247682,-1.26039967235488,151,1019,207,154,962,151,155,961,29,146.788888888889,1178.26666666667,220.544444444444,-107.411111111111,965.6,148.366666666667,55.1111111111111,1003.96666666667,41.3555555555556,0.762191175739667,0.762191175739667,0.762191175739667,0.762191175739667,0.762191175739667,0.762191175739667,0.762191175739667,0.762191175739667,0.762191175739667,4646,2676,2712,1900,973,1656,698,705,553,601.805980061831,473.871879128526,438.729592738833,655.187142857143,438.578571428571,473.095714285714,685093.173516402,216222.55294538,22306.2896515188,997586.927142857,549720.681428572,457932.938571429,0.360874216688626,578147.593403461,0.100019819876942,337542.56696566,0.466422063728743,87226.1997409497,0.0955304307526799,209627.906833461,0.435950940323509,40269.1035206025,0.33219636091233,94386.7957792633,0.588969350373859,13646.086988668,0.377162630589248,23393.0526709668,1.02068424598247,5534.19780518714,1
521562,-1252,-39,-2722,-1627,527,-575,-320,828,-242,1828,2294,900,790,1574,808,378,1761,271,121,1044,227,-231.5,935,181,58,961,38,191.47,1143.98,106.04,-183.55,975.8,162.75,49.19,1023.64,34.69,0,1199.4666477652,390.698471051516,-1742.97010684281,953.211585733072,0,0,1003.54279411226,0,545.161709954028,1223.94023546904,544.375605625381,467.588077264594,987.404051034834,299.154191011926,128.722297990674,1036.23564887529,94.708658527085,263172.251616161,191251.979393939,287980.11959596,186816.169191919,23011.2323232323,63642.0883838384,14292.7009090909,26207.5458585859,7844.78171717172,513.003169206742,437.323655195942,536.637791807435,432.222360818964,151.694536233947,252.273836106399,119.552084503328,161.887448119321,88.5707723640915,5.47901411742159,3.64212127056892,17.8393013018656,4.2224014743663,5.07920310705959,4.0122009026146,4.62821535340905,7.25673918593639,3.94773563775142,0.899584063873327,0.238849143205772,-3.58626880458943,-0.366293482798815,0.776151600488021,-0.437614631127916,-0.141835868726244,1.95136783911674,-0.179308137282256,101,1029,237,-236,916,141,58,942,0,173.011111111111,1143.02222222222,183.722222222222,-174.744444444444,970.477777777778,169.277777777778,50.1444444444444,1006.85555555556,34.6555555555556,0.743601226993446,0.743601226993446,0.743601226993446,0.743601226993446,0.743601226993446,0.743601226993446,0.743601226993446,0.743601226993446,0.743601226993446,3080,2333,3622,2417,1047,1383,698,933,513,566.734999645831,475.65249226436,443.727732111487,617.781428571429,409.285714285714,474.651428571429,467981.805824557,195098.392613785,28597.9026968703,896389.624285714,549899.4,471138.634285714,0.434197031592808,273590.963974976,0.244641292144743,221491.152995038,0.473750054816944,310468.740171682,0.304097862301179,216135.822602103,0.707974884903214,26049.2136694462,0.550421744600786,73325.5263309809,0.792148996320218,16754.0300329807,0.587994150901678,30689.2216950051,1.01151772819975,8972.16590071767,1
523125,-2353,-735,-831,-1736,537,-878,-106,504,-155,3727,2460,782,1281,1546,1252,446,1504,271,141,1083,198,-227,930,207,97,975.5,58,249.04,1081.9,169.15,-132.74,966.93,176.65,109.05,1008.47,42.41,0,1078.69634539938,0,-547.491233877119,938.408097624804,253.0649482272,0,977.421945333146,0,802.652427891426,1210.71501188347,316.457279897303,554.496257877364,981.920062937916,337.846222414873,155.656320141522,1024.01500477288,85.7944636908466,588111.109494949,298306.292929293,72256.0479797979,292773.931717172,29508.4697979798,83772.5732323232,12461.6035353535,31914.1304040404,5618.26454545455,766.884026104958,546.174233124644,268.804851109123,541.085882016128,171.780295138819,289.434920547475,111.631552597613,178.645264152287,74.9550835197623,9.72949430862196,4.38237473478751,5.00363475915897,3.33478172828585,4.86327770768997,6.78245753735106,3.44219932091908,4.60060384558867,4.0021138007013,1.71336278757382,-0.635807932712664,-1.00094654814498,0.405891247860282,0.913568780103326,-0.597840577927772,0.724838946757993,0.711095072689219,-0.210725827769841,161,1049,188,-381,972,252,106,895,58,187.922222222222,1097.98888888889,182.333333333333,-145.655555555556,957.533333333333,187.4,104.544444444444,1003.01111111111,43.4666666666667,0.71521112401665,0.71521112401665,0.71521112401665,0.71521112401665,0.71521112401665,0.71521112401665,0.71521112401665,0.71521112401665,0.71521112401665,6080,3195,1613,3017,1009,2130,552,1000,426,572.743595838299,490.988076513942,438.9726884732,642.895714285714,433.217142857143,497.112857142857,734975.922490324,330467.872650119,32007.9016586023,947240.13,593902.791428571,462941.275714285,0.862598448896605,664101.850316107,0.345663321947984,343826.809511117,0.588711278763897,74778.9660339705,0.576232166064921,342399.602192855,0.823899939933281,31698.2780761618,0.581738608537077,94385.3714871961,0.413224013148489,12674.3993212738,0.80499920821057,38013.6544230474,1.06331940634748,6351.15094777796,1
524687,-2484,88,-851,-1427,666,-515,-116,876,-87,3303,1882,1188,718,1259,616,281,1314,203,161,1039,198,-181,944,181,29,1000,9,238.03,1075.15,176.83,-130.08,973.22,169.67,42.91,1023.78,13.54,324.623217879029,805.999436753629,0,0,957.263923517676,0,0,1016.27627602829,0,818.155688118099,1137.27181007884,316.828644538337,443.291190979473,981.20280268658,252.74032127858,91.9356840405291,1027.79743140368,55.4555677998161,618909.544545454,138827.926767677,69809.6374747474,181400.276363636,15759.3652525253,35444.2031313131,6677.67868686869,8325.32484848485,2921.2004040404,786.708042761388,372.59619800486,264.215134832862,425.911113219221,125.536310494316,188.266309071255,81.717064844919,91.243218095839,54.0481304398256,8.17284086373514,3.39236438518383,8.74351139444133,3.12268737832404,2.8371254969512,4.48805180978226,2.95642960622505,3.5034467237494,5.39687083989517,1.37889868509396,-0.348304763041679,-0.855375403874912,-0.337405507671354,0.279529240681888,-0.43788152736921,0.295211703109984,0.95530352044969,1.08039406350552,151,1039,227,309,925,181,29,971,9,180.988888888889,1082.34444444444,189.433333333333,-120.511111111111,971.722222222222,173.244444444444,41.3222222222222,1018.41111111111,10.1777777777778,0.754034056197133,0.754034056197133,0.754034056197133,0.754034056197133,0.754034056197133,0.754034056197133,0.754034056197133,0.754034056197133,0.754034056197133,5787,1794,2039,2145,593,1131,397,438,290,562.6798845292,466.707854613322,441.151490851464,638.575714285714,434.061428571429,462.955714285714,648889.171188337,190159.704336385,9384.37108341841,884205.552857142,524204.438571429,457669.307142857,0.579329166395514,733267.033538372,0.112095068628001,164013.730141837,0.421565991520282,75240.5981131069,0.857919337886254,210643.327672651,0.463971292693604,17331.5129578957,0.358190063339014,39003.920424173,0.19317360465848,7946.73300847969,0.786170205314754,9486.89046227595,0,2837.32180498088,1
526250,-858,323,-1316,-945,712,-494,-155,695,-174,2171,1960,643,372,1166,656,330,1438,184,181,1029,123,-163,981,141,140,980,67,227.56,1040.01,90.89,-128.3,976.86,130.69,140.78,1001.89,58.77,0,970.436616023983,0,0,971.557252639728,0,0,995.251543057873,0,442.227090983807,1063.58830851039,293.642554817928,253.629572408266,979.289078873036,216.278177354998,177.199153496849,1005.67702071788,89.0439778985643,145233.582222222,50100.2928282828,78752.4827272727,48350.5757575758,4799.63676767677,29996.3372727273,11697.5066666667,7679.49282828283,4520.11828282828,381.095240356295,223.830946985181,280.628727551676,219.88764348543,69.2794108496656,173.194507051255,108.155012212411,87.6327155135731,67.231824925613,15.6294264339456,7.19795847764134,10.0566065249256,4.74344530898017,6.10108046925541,5.49218214062804,3.07366079717326,15.1857060831222,4.63425010330862,2.66815151580546,-0.121890338918237,-2.01637195278224,0.0735056393821259,-0.848182468274713,-0.013962598838668,-0.581185784678788,2.40613448102296,-1.07025525848343,151,1029,138,-272,972,101,87,971,116,192,1045.38888888889,115.5,-129.811111111111,979.8,128.722222222222,145.855555555556,993.366666666667,63.1333333333333,0.662763123158257,0.662763123158257,0.662763123158257,0.662763123158257,0.662763123158257,0.662763123158257,0.662763123158257,0.662763123158257,0.662763123158257,3029,1637,1959,1317,454,1150,485,743,358,492.397424515222,441.482830741725,437.790687310348,582.197142857143,419.678571428571,514.902857142857,180418.134464693,58237.2813464574,11705.9892802434,605576.074285714,458619.132857143,450306.274285714,0.28932666173991,167479.758000892,0.160003910770969,57803.9961899228,0.22609672506962,87346.194009559,0.933471917462296,55026.2920841509,0.844572560942992,5252.85999998729,0.303719364392965,35560.7755826602,0.124865474352618,10131.0537094938,3.50267552422723,8974.02940971652,0.249228888611979,4383.58201435268,1
527812,-1777,-39,-1465,-1027,620,-343,-135,809,-174,2050,2058,762,836,1361,868,233,1409,155,111,1068,237,-181,957.5,191,67,980,38,102.71,1130.1,204.63,-143.3,987.65,173.39,70.98,1013.14,34.28,402.277900351694,1108.78606437956,181.254646454417,0,971.701133372345,0,0,997.593302614118,0,546.075095568366,1212.37057041154,400.983453523958,406.694824161803,996.175953333546,293.319842492798,95.0898522451266,1021.89228395169,71.2815544162724,290554.207979798,194663.02020202,120115.447575758,146329.080808081,17084.8560606061,56537.8160606061,4044.36323232323,17991.0913131313,3945.39555555555,539.030804295819,441.206323846361,346.576755677235,382.529843029378,130.709051180881,237.776819855524,63.5953082571602,134.130873825273,62.8123837754591,7.17999459933111,2.91665511133418,11.2081463318457,3.09462129095612,4.20312017291166,2.95897257929239,3.73981668655867,3.88635230318004,3.15015865140876,0.807124751732631,-0.293609171368578,-2.49043890305884,-0.0258225804300768,0.912510939888763,0.234753589785918,-0.236835768682159,1.17396305010797,-0.45151013652545,121,1049,217,-181,916,191,38,923,77,81.6888888888889,1142.74444444444,243.766666666667,-143.255555555556,981.377777777778,169.2,71.6333333333333,1002.27777777778,35.6,0.717461324411975,0.717461324411975,0.717461324411975,0.717461324411975,0.717461324411975,0.717461324411975,0.717461324411975,0.717461324411975,0.717461324411975,3827,2097,2227,1863,741,1211,368,600,329,560.67882132768,470.404089682121,437.139180810707,616.045714285714,436.174285714286,479.314285714286,448460.387794284,176729.570431219,18057.7085503659,826640.631428572,533058.745714286,453594.42,0.232209041874791,310527.33004532,0.0467713099211404,227306.700886389,0.179750142762058,123509.759982386,0.103290564829527,173278.256483136,0.691593792636768,19301.5845672948,0.214711624179249,66195.7004736829,0.372895590305937,4739.02108583827,0.350019155736443,21242.5525569634,0.324030448637819,4271.77314393578,1
529375,-929,254,-2485,-1345,518,-555,-262,838,-213,2848,2372,1099,636,1453,929,310,1600,203,121,1078,202.5,-167.5,972,156,67,990,38,279.89,1212.64,95.41,-157.71,984.68,137.31,46.56,1035.14,43.73,0,998.929634896897,0,-568.114864474219,958.922946880126,311.090100962159,289.14373612182,1012.34241438138,0,757.613588843284,1287.63304555296,456.733237240295,361.170859843371,997.337896602751,286.435315560075,119.246719032433,1048.56088998207,86.9416470973491,500646.401919192,189397.061010101,201517.355454545,106638.329191919,25341.5935353535,63829.4483838384,12173.6832323232,28247.5963636364,5703.57282828283,707.563708735257,435.197726338386,448.9068449629,326.555246768321,159.190431670228,252.644905715192,110.334415448323,168.070212600676,75.5220022793545,5.0590500904466,3.10869494717416,14.5392578605351,3.8831243048876,4.34987365429605,4.27904667910105,3.22536906660348,4.93560330229768,3.81476518162322,1.47201593905147,0.186519097559271,-2.68331997642068,-0.30594182042355,0.500097054642049,0.310687687537105,-0.253700857708321,1.41078588231805,-0.57328205707099,121,1019,217,-454,879,181,67,904,29,232.866666666667,1210.93333333333,137.688888888889,-152.2,979.433333333333,130.911111111111,48.1888888888889,1018.12222222222,46.6444444444444,0.756088981253439,0.756088981253439,0.756088981253439,0.756088981253439,0.756088981253439,0.756088981253439,0.756088981253439,0.756088981253439,0.756088981253439,3777,2118,3584,1981,935,1484,572,762,416,614.65283646196,463.705109511419,447.956389828696,680.545714285714,413.262857142857,482.327142857143,656147.509047604,130440.909554043,30612.683699921,1045963.91142857,517359.625714285,480539.387142857,0.219572548066992,545957.973378947,0.238473786399481,215103.259374571,0.391203737171829,165425.291777627,0.361395473774064,123123.364473886,0.725456115358406,29342.7636211484,0.355626138493849,73034.5598292978,0.307023176100087,14440.7233240635,0.422130643406739,32429.9517463667,0.582658854039434,6269.4034896068,1
530937,-1636,49,-1762,-1427,481,-484,-174,819,-271,1626,2362,584,645,1370,979,339,1619,213,136,1078,247,-218,962,202,48,971,48,164.22,1188.05,201.45,-199.56,980.03,207.74,44.19,1009.34,37.45,925.04365674265,849.981539688997,292.16075197267,-5221.44867932579,961.79109470552,0,0,993.427613258167,0,477.662600587486,1255.08409678396,360.031012553085,439.232694593652,988.438338997431,302.742563905375,111.444201284769,1018.91013342689,89.4529485260268,203225.607676768,165427.563131313,89939.6237373738,154647.642828283,16718.7364646465,48987.0226262626,10572.7817171717,19606.6913131313,6665.98737373737,450.805509811901,406.727873560828,299.899356013603,393.252645036601,129.300953069366,221.330121371364,102.824032780142,140.023895507629,81.6454981841459,8.23896235179029,3.54368117026597,21.627587459666,3.17322495907358,5.29456144020317,4.40990654061961,3.09287586111883,8.20026058899414,4.27556147409292,0.695151078712513,0.0194346449252734,-3.72236464056992,-0.0848788487079904,0.172769512711011,0.316013722926994,0.175848822915769,1.90015872175051,-0.731819021549634,141,1009,227,-509,935,191,106,895,58,145.755555555556,1195.58888888889,241.322222222222,-197.377777777778,977.344444444444,203.655555555556,42.1777777777778,995.688888888889,40.5222222222222,0.737213515690948,0.737213515690948,0.737213515690948,0.737213515690948,0.737213515690948,0.737213515690948,0.737213515690948,0.737213515690948,0.737213515690948,3262,2313,2346,2072,889,1463,513,800,484,565.938735070664,473.094212873729,436.801590986696,665.88,423.518571428571,467.562857142857,299097.121520851,166149.183574292,20965.2873824644,828437.134285714,540680.901428572,453685.5,0.263823121362931,211897.219631396,0.128287288076174,193525.838263278,0.223546072500274,92262.7454357397,0.18616945875565,171534.067341799,0.615132563608357,18975.4034889717,0.187210191015458,52725.4600626339,0.357969825780451,12498.5914571708,0.407971271563589,23080.4075192691,0.60815213460214,7281.9382395058,1
532500,-1757,-78,-2148,-1272,574,-434,-155,838,-184,1949,2196,772,790,1546,1090,320,1676,252,121,1093,257,-113,930,151,29,966,48,209.57,1146.89,146.16,-89.28,960.81,140.21,33.73,1015.05,46.27,0,567.520450432895,228.67910247926,-553.716995869071,932.73329342513,600.276064645943,0,993.487232047409,0,714.631674360996,1255.31103317066,455.307873861193,442.497683609756,975.990671061973,321.329814987654,100.997178178403,1028.53770470508,91.0843016111997,471493.782929293,263079.917070707,187820.721616162,189730.587474747,29698.9231313131,84438.3897979798,9154.2596969697,27841.7247474747,6217.61323232323,686.654048942619,512.913167183985,433.382881083415,435.58074736465,172.333755054874,290.582844982253,95.6778955504859,166.858397293857,78.8518435569089,4.00845652267915,2.81748902525396,12.530451234442,2.71573220553388,4.51991695979686,4.08595373571121,3.26992479489626,7.62688322638198,4.36215759623675,0.501891849040628,-0.112382176679647,-2.80152310412968,-0.181696623386763,0.983043516826595,0.650110723243146,0.351369700232029,1.95279641573248,-0.460911727845298,131,1019,217,-254,953,181,29,885,29,205.822222222222,1152.78888888889,199.244444444444,-81.9222222222222,952.066666666667,125.255555555556,31,994.855555555556,48.7111111111111,0.762191175739667,0.762191175739667,0.762191175739667,0.762191175739667,0.762191175739667,0.762191175739667,0.762191175739667,0.762191175739667,0.762191175739667,3706,2274,2920,2062,972,1524,475,838,436,599.145566901146,468.209162526499,438.634471453827,643.98,433.602857142857,469.307142857143,619215.601557553,198404.593936778,29688.9088337992,983061.205714286,536406.36,461308.53857143,0.220897734581784,517371.611159945,0.07521392614544,311818.165500072,0.176162853871978,179108.523666175,0.264143116433492,219204.448597316,0.855757012520631,33335.0767104201,0.184218699457507,94915.1023748369,0.516362257275048,10483.8539696811,0.530467448719173,32885.7003293768,0.990240316392438,6578.75410727625,1
534062,-1484,39,-2366,-1254,518,-404,-262,790,-242,2555,2245,891,772,1518,1090,368,1552,213,121,1039,227,-236,953,196.5,57.5,990,33.5,163.13,1152.85,184.46,-153.5,986.48,176.37,51.2,1009.99,31.25,315.076652137425,717.572387484153,211.246016956988,0,961.13841672608,-1413.73666599039,0,986.757480241407,0,594.161383800731,1228.78315011234,392.491452136222,394.658231891848,999.851268939536,304.389010971158,124.938464853703,1023.30350825158,91.9223041486668,329713.487979798,182671.623737374,121236.412525252,133528.151515152,26828.0501010101,62167.9728282828,13119.3737373737,27343.706969697,7548.63383838384,574.206833797542,427.40101045432,348.190195906278,365.415040077925,163.792704663578,249.335061369802,114.539834718642,165.359326830079,86.8828742525467,8.95623217480183,3.73194248500742,32.7062091805796,3.92690421412178,4.81936221736326,5.38118983012988,3.75487959919043,4.3279490233442,3.37475992787616,1.68513920941605,0.328331110152317,-4.56708615624091,-0.118131815863593,0.925316816045888,0.464515900466689,0.137991501592065,1.20477249120191,-0.478571216694364,121,1029,227,-263,907,191,97,866,9,118.177777777778,1152.67777777778,216.611111111111,-150.255555555556,977.222222222222,171.744444444444,49.4666666666667,996.122222222222,33.1111111111111,0.766207532278821,0.766207532278821,0.766207532278821,0.766207532278821,0.766207532278821,0.766207532278821,0.766207532278821,0.766207532278821,0.766207532278821,4039,2206,3257,2026,1000,1494,630,762,455,562.491642160697,469.878284587116,437.677217942977,643.045714285714,432.578571428571,468.188571428571,429930.804996002,152911.977686666,29571.1516772063,864422.28,534904.435714286,459089.742857143,0.332408317637355,364199.36770358,0.170142709371706,212569.793268774,0.643061217876891,107727.1021545,0.148484949658071,154833.486205662,0.352848500153379,31168.8533061828,0.488570570565038,70147.0926323908,0.407726499547034,15313.2167584176,0.364766049272199,31729.0696580992,0.601360925996365,8033.27260402413,1
535625,-1151,-137,-2287,-900,574,-414,-184,809,-203,2151,2284,930,654,1407,1111,300,1542,203,80,1102.5,227,-9,957.5,166,48,995,38,120.1,1174.46,177.61,-97.73,983.5,147.45,41.91,1012.66,40.41,425.995575064085,823.457685439924,0,-2780.00550667786,956.999658610403,-1333.70059053385,0,995.439546068972,0,557.030430048485,1276.62481567609,400.985822692025,395.521036103012,996.891197674049,295.455969646917,95.8287535137549,1022.14722031613,83.8632815957019,298847.363636364,252944.069090909,130549.816060606,148369.431414141,26787.6868686869,66214.8762626263,7501.71909090909,19499.661010101,5454.62818181818,546.669336652755,502.935452211225,361.316780762541,385.187527594211,163.669443906573,257.32251409977,86.6124649857576,139.64118665387,73.85545465176,6.72754351855983,2.61989875719216,25.9143441112537,2.09388331251581,2.91759103481562,3.85892263156956,3.43735052681978,4.18955397927281,3.98288326526597,1.29330830626265,-0.257952099314776,-4.05454979306735,-0.273091409806196,0.420183869603648,0.553152206794996,0.0226010523040253,1.02134842893169,-0.52916060441257,80,1019,188,263,1018,-40,58,876,19,90.6666666666667,1184.38888888889,219.477777777778,-94.2444444444444,979.744444444444,137.122222222222,41.1777777777778,1002.26666666667,42.6222222222222,0.726350336993578,0.726350336993578,0.726350336993578,0.726350336993578,0.726350336993578,0.726350336993578,0.726350336993578,0.726350336993578,0.726350336993578,3302,2421,3217,1554,833,1525,484,733,406,575.499132455565,468.104150785166,437.31986699131,630.93,442.808571428571,469.277142857143,476635.674132092,177116.359677913,20350.7889544419,900361.478571429,530367.077142857,454714.774285714,0.335069831569976,314768.617776325,0.111267566753402,298941.048010485,0.395324654372977,122870.261824516,0.061947915671653,169016.933382481,0.44275538224514,30558.5053241584,0.21450573372619,77347.5363054736,0.450668403912592,8729.43603718883,0.295026839719485,23105.3082901634,0.788979932005382,5991.90704001977,1
537187,-1666,-88,-1732,-1563,490,-575,-203,857,-194,2262,2372,1475,781,1509,1101,320,1571,281,151,1049,217,-195,953,196.5,58,1000,38,267.73,1164.42,126.35,-167.5,984.2,166.92,39.19,1026.36,40.13,741.159207633013,1153.77128975483,310.218474546692,0,954.583495894471,0,0,1006.773385532,0,763.953866408175,1240.59043201211,453.003079459732,440.510522008272,998.106036451038,321.48828905576,121.917472086654,1037.54231720928,91.4517905784244,517117.330404041,185041.094545454,191159.058080808,167669.96969697,27844.4646464647,76254.9834343434,13462.6403030303,23312.3337373737,6821.22535353535,719.108705554341,430.16403213827,437.217403680146,409.475236976511,166.866607343904,276.143048861172,116.028618465576,152.683770379742,82.5907098500512,4.52136185892788,3.6996414233758,10.1736757844155,4.64158540070611,4.4791707968823,5.00035723786999,2.41076201196023,4.43847256995733,3.87867179051606,0.853443191067567,0.339219300936918,-1.96059253875164,-0.622371501166632,0.349771608026058,-0.0962965432339979,-0.0923959335052834,1.23607117520526,-0.168480394518076,151,1009,217,-290,916,171,116,933,19,251.122222222222,1160.85555555556,162.722222222222,-153.377777777778,981.055555555556,170.644444444444,38.8888888888889,1012.28888888889,41.5888888888889,0.760167502961966,0.760167502961966,0.760167502961966,0.760167502961966,0.760167502961966,0.760167502961966,0.760167502961966,0.760167502961966,0.760167502961966,3928,2460,3207,2344,1019,1676,523,714,475,600.615351452595,477.228636907705,444.532365447448,667.928571428571,421.551428571429,473.862857142857,597848.896679354,185155.171011962,25131.9685025537,997672.251428572,554408.528571429,471309.154285714,0.423530293256494,518169.841347868,0.242119873769824,205257.539876808,0.434189735011294,182822.22178468,0.563122997475793,194930.754897834,0.679892809264738,31176.2760076184,0.337855799452705,85100.3713166968,0.371522788446295,15547.7050927288,0.503681167742893,27211.4401815732,0.833125891655031,7451.20410705261,1
538750,-1111,-39,-1495,-963,601,-424,-194,819,-145,1828,2039,841,727,1444,838,223,1438,174,141,1073,247,-176.5,962,207,58,990,29,143.6,1151.47,200.58,-151.95,999.75,194.02,47.32,1018.17,35.15,0,1117.85365524047,284.178305751644,0,980.10392776473,0,0,1002.65822330795,0,520.270429680565,1240.36444241199,356.624059760415,426.768168916099,1010.1002277002,297.267186214691,93.8106603750341,1026.63985408711,80.8182528888122,252586.222222223,214768.473838384,87826.6501010101,160648.755050505,21012.5328282828,51236.3834343434,6627.53292929293,17494.1829292929,5349.56313131313,502.579568050893,463.431196444935,296.355614255931,400.81012343815,144.957003377839,226.354552493082,81.4096611545149,132.265577265186,73.1407077578084,6.14077721155413,2.82020077650212,16.523126537279,2.56590884378616,4.35524594484886,3.62744780941227,3.16781200495188,3.53402425150262,2.77036898975641,0.867954996973581,-0.233777593109768,-3.29838842209562,0.0363031513334367,0.822172081786332,-0.322036025362168,-0.639092838686444,0.937797765821899,-0.297826567325935,171,1009,207,-227,925,171,97,904,29,125.433333333333,1162.91111111111,240.7,-155.011111111111,992.766666666667,198.733333333333,49.4333333333333,1008.81111111111,36.7777777777778,0.71521112401665,0.71521112401665,0.71521112401665,0.71521112401665,0.71521112401665,0.71521112401665,0.71521112401665,0.71521112401665,0.71521112401665,2939,2078,2336,1690,843,1262,417,619,319,560.734906994618,479.330097249455,439.574952014358,640.992857142857,446.494285714286,471.702857142857,394718.224396848,182497.006470336,17643.2262557131,829871.138571428,553200.565714285,458280.608571429,0.315312534264124,272883.755245927,0.0780035185774838,251834.203685382,0.276722270034781,91466.082335362,0.0571685790495948,186286.636811969,0.521607373144209,23515.9705091439,0.265113620571659,56921.6754689409,0.296712511068091,7844.37256535695,0.313734225285438,20881.6447818122,0.604352009429053,6190.59987730885,1
540312,-3252,-117,-2475,-1327,518,-595,-291,828,-252,3171,2401,1267,745,1592,1242,320,1495,194,111,1063,222,-145,939.5,171,62.5,975.5,38,222.84,1145.89,175.95,-125.29,961.82,145.35,49.71,1022.87,30.03,509.969106555556,969.853289004502,219.21802615365,-2545.55940971678,927.817806769677,0,0,1004.55162883234,0,936.59540891465,1235.33480077265,447.01611827763,439.486757479676,978.604148775183,334.75676244103,110.921007929066,1033.5277112879,77.2191038539039,835912.418585859,215139.573636364,170570.714646464,179243.460505051,32897.341010101,91854.0075757575,9931.70292929292,22137.8718181818,5112.1102020202,914.282461051211,463.831406479082,413.00207583796,423.371539554858,181.376241581143,303.074260826876,99.6579295856227,148.788009658648,71.4990223850662,7.60642685877179,3.05053209155421,20.5392251869633,2.91384318707186,5.02831203500834,4.80762457250435,4.30331929596514,4.36705669176077,5.3454923856715,0.0432724856496765,-0.00381097492110104,-3.01351116597997,-0.353930993322701,0.669810615833969,0.624441017047182,-0.279880241610054,1.36576164293038,-0.894658416103779,111,1019,207,-754,898,202,77,904,9,218.088888888889,1149.3,210.366666666667,-117.066666666667,955.677777777778,134.344444444444,50.9333333333333,1009.26666666667,32.8222222222222,0.749892684113721,0.749892684113721,0.749892684113721,0.749892684113721,0.749892684113721,0.749892684113721,0.749892684113721,0.749892684113721,0.749892684113721,6423,2518,3742,2072,1074,1837,611,667,446,614.526402536492,471.013243888776,442.032448628683,662.005714285714,420.805714285714,472.547142857143,934851.88610677,209557.903638704,23661.6771640055,1115608.47428571,541232.905714285,465619.624285714,1.06258648038282,907709.924078934,0.133475792497428,247416.984352368,0.76030905458764,149794.271007702,0.259025490396604,206399.600150955,1.14726935659034,35678.5424379301,0.606335929191556,100205.538939671,0.440776298607531,11464.5262774516,0.302452215558101,26053.5553248671,1.02680032927015,5386.48270837346,1
541875,-1898,-264,-762,-1300,722,-888,-38,695,-155,5121,1941,1386,2490,1462,737,553,1514,213,85,1098,138,-227,972,242,126,980,77,202.45,1086.72,167.98,-106.98,977.72,204.57,137.72,996.41,69.53,0,798.820435500207,0,-765.814866117122,964.613787218405,518.83465337984,0,980.86000823783,0,1020.6740175002,1178.77737507979,378.1429888283,623.342634511711,984.575157110924,410.886346816246,185.885072020321,1004.7429571786,94.884824919478,1010898.43181818,210662.365252525,115934.181414141,380920.524848485,13587.7187878788,128261.318282828,15743.9006060606,16843.9615151515,4210.81727272727,1005.43444928955,458.979700261924,340.491088597252,617.187592915221,116.566370741646,358.135893597428,125.474701059857,129.784288398679,64.890810387352,11.6140151386627,3.79815681651949,4.86085577270617,7.58612210272444,5.48800754101192,3.04307203995196,4.11568678233558,5.77021579497711,4.40896839464909,2.46078169245774,-0.837736408071921,0.43882568059772,1.48339320495418,0.810147860900029,-0.650876344579038,1.1247727964451,1.02844028130888,-0.846223258725718,111,1029,118,-200,944,161,174,895,87,101.244444444444,1112.72222222222,162.444444444444,-142.4,973.344444444444,222.677777777778,129.177777777778,989.277777777778,72.7333333333333,0.692080881944536,0.692080881944536,0.692080881944536,0.692080881944536,0.692080881944536,0.692080881944536,0.692080881944536,0.692080881944536,0.692080881944536,7019,2205,2148,3790,740,1625,591,819,368,607.111234802145,514.553164455323,436.339040790006,624.492857142857,460.847142857143,515.854285714286,1067563.38059646,411390.613848028,17570.5730298498,1103264.43,654330.801428571,451313.485714286,0.960833768235448,1152881.47610297,0.509828661690986,239988.577512164,0.935530858385939,123212.27905699,0.865271434214577,438016.683833492,1.26473451743709,14291.6855106542,0.221144696305672,147424.274448888,0.407417968212828,18005.1211141307,1.61141443971475,18956.6061462742,0.867045957777364,4252.63389689509,1
543437,-1434,205,-1405,-909,638,-343,-145,780,-174,2858,2186,732,827,1185,717,281,1400,291,151,1049,183,-209,953,181,67,980,38,195.25,1042.37,162.09,-185.17,952.09,155.73,52.33,1014.82,34.88,0,880.596148730517,206.630472255027,0,937.7061974353,0,0,1000.3222011404,0,595.997726505731,1084.84151377056,340.271288827018,369.608454989872,958.837248963556,254.286865567217,100.000149999887,1022.55389100037,75.2708442891403,320293.664141414,91258.4778787878,90415.5372727272,103356.041515151,13023.7392929293,40818.1586868687,7334.95060606061,15915.9874747475,4494.02585858586,565.944930308077,302.090181698757,300.69176455754,321.490344357574,114.121598713518,202.035043214955,85.6443261755302,126.158580662385,67.0374959152403,8.91759409707498,5.83719547845281,11.3757851141387,3.55706869993392,3.19372323337287,3.99961180182869,3.26007228213273,3.90553468485483,6.62408567953301,1.37514480135631,-0.255651398831252,-2.0321626839881,0.395418998088043,-0.205822698731217,-0.317862901370294,-0.210641415734119,0.834952458010883,0.615467059250146,181,1019,188,-209,925,161,67,961,48,166.766666666667,1048.98888888889,183.4,-191.4,954.644444444444,157.655555555556,53.3888888888889,1009.53333333333,33.0222222222222,0.708392686703044,0.708392686703044,0.708392686703044,0.708392686703044,0.708392686703044,0.708392686703044,0.708392686703044,0.708392686703044,0.708392686703044,4292,1981,2137,1736,547,1060,426,620,465,522.454120026163,450.0117112723,438.328520775003,599.875714285714,395.421428571429,472.298571428571,389094.892486873,127104.405196664,17534.7478048579,706233.835714286,480274.752857143,454835.224285715,0.442289483425377,358919.003305879,0.293054422290153,97474.5990392214,0.38673338689222,91697.1584680098,1.06821932986962,120025.160928903,0.870653987798517,15154.2125095601,0.529398989538465,47466.6558129379,0.338459672359728,8403.04971859902,1.59091461948379,18877.1657012494,0.404666940982885,4882.38857123554,2
545000,-1737,-333,-1099,-890,648,-353,-155,857,-135,2606,2117,1079,763,1370,888,194,1428,155,141,1049,217,-122.5,962,161,77,1000,48,150.25,1104.99,200.92,-105.25,990.36,162.38,68.33,1020.1,40.51,0,1350.13124426481,201.038710343023,-408.057536481942,972.085321891814,0,0,1007.81425268117,0,634.864859635498,1197.10448583238,348.153443182744,381.702934230273,999.751229056509,285.896834540014,103.602268314936,1026.74960920372,73.7641511847049,384321.542929293,214198.232222222,81658.5591919192,135979.361111111,18878.3741414141,55929.0258585859,6125.69808080808,13748.2323232323,3838.47464646465,619.936724939968,462.815548812075,285.759617846748,368.753794707405,137.3985958495,236.493183535141,78.2668389601118,117.252856354258,61.9554246734267,8.85911916200606,3.32464327617149,11.1004665567565,2.70012532745503,3.53412041829018,3.33243355040619,3.32498873675698,3.59643300608526,2.86552971448564,1.51239798459654,-0.41450301292331,-1.90699542741745,0.0787028853157005,0.556984287792406,0.513059344095349,-0.813824097324814,0.927635385314941,-0.160965153399726,181,1000,188,190,935,-141,48,904,9,107.788888888889,1115.37777777778,222.711111111111,-108.566666666667,986.455555555556,154.622222222222,73.2333333333333,1012.43333333333,41.2111111111111,0.724144758863798,0.724144758863798,0.724144758863798,0.724144758863798,0.724144758863798,0.724144758863798,0.724144758863798,0.724144758863798,0.724144758863798,4343,2450,2178,1653,722,1241,349,571,290,556.070149172835,467.120497175218,440.536678730358,624.068571428571,448.924285714286,483.831428571429,505169.756115176,162629.259767645,13824.9499371663,838852.868571428,525829.992857143,458738.288571429,0.265551795764362,416433.432137734,0.0604848277104643,251323.019870329,0.31641963893612,74587.8218489037,0.105547065874836,157636.253704594,0.475532643525455,21145.5767578151,0.399106939786831,64032.5788845795,0.188370427924086,7292.32773764056,0.360579049086813,16096.744191239,0,4052.04342712118,1
546562,-959,29,-1801,-1318,564,-575,-242,857,-242,1696,2264,841,700,1379,878,300,1676,262,141,1078,237,-181,953,191,67,980,29,263.76,1209.4,114.61,-162.27,969.05,180.93,47.31,1026.38,26.65,1168.48160266248,748.479841073063,0,0,949.497133580434,0,0,1007.5980988747,0,609.16797355081,1287.91435274245,468.097863699462,406.921700084918,978.717339174084,299.346404688615,110.96805846729,1037.97710957419,87.7780724326981,304561.901414141,198055.575757576,208060.765555555,140660.32030303,19019.9267676768,57447.0758585859,10177.4483838384,24182.3995959596,7065.42171717172,551.871272503055,445.03435345777,456.136783822085,375.047090780652,137.912750562364,239.681196297469,100.883340467286,155.506911730507,84.0560629411806,3.8903081103553,2.89830239039496,9.76100771107125,3.26176593452188,3.52008808708413,3.84087459350524,2.98630988390368,7.69833855482142,3.29464520795026,0.916240402408025,-0.0566349527268968,-2.50696409505928,-0.39737227185011,0.332876350130659,-0.179504710639685,-0.105564619450966,1.95029082864727,-0.190295317537781,80,1019,237,-245,916,181,126,885,0,245.6,1216.17777777778,175.544444444444,-152.922222222222,966.277777777778,183.522222222222,46.7333333333333,1007.67777777778,27.2444444444444,0.76420450650862,0.76420450650862,0.76420450650862,0.76420450650862,0.76420450650862,0.76420450650862,0.76420450650862,0.76420450650862,0.76420450650862,2655,2235,2642,2018,815,1453,542,819,504,597.248289730218,464.546523562894,443.90658205448,680.472857142857,423.304285714286,471.574285714286,488499.968288819,159065.254496378,25464.0620439684,963824.832857142,519891.93,470320.877142857,0.250707910566681,315731.304162186,0.216771526710021,223157.050333614,0.285282270628893,210565.85033663,0.242789370279078,163266.815904924,0.853258095574751,21449.0331757957,0.355693096208189,67015.9756314337,0.502836041400107,11774.9272979971,0.578016557581434,28592.8312354915,0.532065895498335,7740.85932274104,1
548125,-1161,-196,-1910,-1009,583,-313,-213,828,-165,1757,2049,673,663,1425,959,281,1704,291,121,1058,227,-200,957.5,181,48,975.5,48,164.48,1180.21,199.84,-203.94,980.75,191.2,46.03,1008.94,45.4,189.003392676164,1059.70907758402,241.97835365804,0,963.640107428567,317.484586920811,0,993.132790375644,0,498.236409749428,1249.16145873942,354.122775319521,416.092922314235,989.488489068973,290.128385374475,103.197819744411,1018.16822775021,86.0992450605695,223420.05010101,169200.713030303,86330.2165656566,132870.501414141,17390.8156565657,48098.0202020202,8617.20111111111,18895.5721212121,5405.9797979798,472.673301658778,411.340142741142,293.82004112323,364.514062025241,131.874241823662,219.312608397283,92.8288808028574,137.461165865899,73.5253683974436,7.56078649769649,3.92460661355001,29.3402922296451,2.89783385778873,5.19121454830254,4.46992314084188,2.9754865121474,8.27256254751256,4.21383572982383,1.37405207419277,-0.163439387221132,-4.27942923910931,0.0569911399706237,0.714808304444483,0.478097857621018,-0.123956521456057,1.70825649429823,0.0255505999376632,161,1009,237,-172,935,171,116,895,29,134.611111111111,1192.43333333333,232.388888888889,-207,975.9,185.744444444444,46.4,998.144444444444,45.4666666666667,0.726350336993578,0.726350336993578,0.726350336993578,0.726350336993578,0.726350336993578,0.726350336993578,0.726350336993578,0.726350336993578,0.726350336993578,2918,2245,2583,1672,842,1272,494,876,456,563.426757431405,468.986717179089,436.09999705703,661.941428571429,414.861428571429,471.587142857143,313689.653876103,150053.102111708,19330.9399196494,828877.204285714,529883.687142858,452026.89,0.196826689712918,247882.302443737,0.0988161571288298,201087.892576661,0.343439946453482,79178.2314569108,0.114614960711632,148247.959540281,0.479428378352226,20102.2801680228,0.211474404656403,53421.3604192885,0.278446247469423,10215.4421335909,0.391125041964544,22176.4464175623,0.665313121048147,5621.79585188067,1
549687,-1434,-254,-1861,-990,675,-464,-223,800,-223,2050,2294,811,809,1555,1232,330,1647,213,90,1073,222,-54,939.5,171,38,990,48,175.84,1174.2,127.9,-102.31,980.1,135.4,43.36,1017.24,51.57,0,943.250917119875,302.801187291201,241.815488456912,948.81603789768,0,0,995.579966938713,0,734.956760632896,1300.23099486207,456.865560093995,458.821653804613,997.34254897703,328.533833874078,109.984180680678,1029.67402608787,87.2045296988637,514385.590303031,315005.05050505,194310.838383838,202070.680707071,34440.5555555556,90506.3838383838,10319.6266666667,25708.4670707071,4995.11626262627,717.206797446197,561.253107345563,440.807030778592,449.522725462318,185.581668155978,300.842789241131,101.585563278778,160.338601312058,70.6761364438257,3.98843258604322,2.96129682999537,9.14844666279525,2.30416619695463,3.70755084413728,4.5286161057255,3.38894578232163,5.24074799213875,4.44356923965233,0.902612200193527,-0.214766246123307,-2.33257656683578,-0.20322514947265,0.912166587840858,0.714163862121621,0.0399541029953202,1.31438453253078,-0.598315930819584,121,1009,198,-881,972,-101,-38,1057,9,154.4,1185.2,178.411111111111,-102.277777777778,968.388888888889,123.833333333333,43.4444444444444,1004.07777777778,53.6444444444444,0.774117311341292,0.774117311341292,0.774117311341292,0.774117311341292,0.774117311341292,0.774117311341292,0.774117311341292,0.774117311341292,0.774117311341292,3484,2548,2672,1799,880,1696,553,847,436,613.553535760432,479.983245770291,439.925927997765,633.402857142857,434.224285714286,476.644285714286,790993.596141844,229359.611447238,27451.1918597764,1045494.95142857,562775.978571428,462827.035714286,0.198404923274282,572419.20856929,0.141829261184284,370975.786582477,0.24989921993407,183676.963389171,0.159329888917686,228069.792110607,0.430034575665776,40655.0356142239,0.358029481042575,100746.535319628,0.328056807179622,12319.5713921974,0.400309785101705,29720.5586096346,0.44929153246869,5404.1300634045,1
551250,-1070,117,-1881,-963,546,-464,-174,790,-184,1747,2166,772,690,1333,1151,271,1533,194,131,1049,242,-200,962,171,58,942,38,183.59,1138.06,190.4,-146.39,982.2,175.94,51.89,1005,34.8,0,902.542020936713,240.033622523442,0,965.145009209992,0,0,988.802167544998,0,497.65754289471,1201.32150567615,378.925216896421,364.445482891474,990.35023097892,276.60151843401,103.878631103803,1014.40666401597,85.3027549379268,216118.931212121,149487.673131313,108416.323232323,112515.634242424,16239.1313131313,46013.6529292929,8179.99787878788,19187.7575757576,6126.78787878788,464.885933549426,386.636357746285,329.266340873651,335.433501967863,127.432850211911,214.507932089452,90.4433407100151,138.519881517989,78.2738007176595,6.407054853971,3.82081987227943,19.1393957129016,3.29334029308431,4.12789470363568,7.33773097044454,3.24955652692426,5.50835985716935,3.20057493074086,1.26224782409439,0.188138301572164,-3.37657509146687,-0.0451149556111474,0.170720653854838,0.843348262042507,-0.0414021883004415,1.48217700958703,-0.498403990372119,151,1039,227,-227,935,131,77,933,19,156.622222222222,1139.95555555556,227.3,-144.966666666667,980.888888888889,168.433333333333,51.4111111111111,992.477777777778,36.9333333333333,0.70379004024658,0.70379004024658,0.70379004024658,0.70379004024658,0.70379004024658,0.70379004024658,0.70379004024658,0.70379004024658,0.70379004024658,2817,2049,2653,1653,787,1615,445,743,378,547.595914839018,461.103407715373,434.415033002995,648.021428571429,433.607142857143,467.867142857143,335309.693063235,121619.468420564,19698.4447946356,786180.304285714,510052.495714286,448752.09,0.181418576301153,236750.280989473,0.0662926975464844,171493.388446667,0.235549146580935,109185.083567068,0.214830166189341,132412.323588739,0.830603198070848,18443.8486205638,0.347191138635218,52699.5337830055,0.335475177569066,9454.78066078017,0.453098391831019,22112.1535127739,1.29153226465203,6692.76772979031,1
552812,-1292,9,-2000,-1063,583,-272,-194,847,-213,2505,2127,792,718,1407,1070,378,1647,252,85,1093,247,-163,967,186,53,980,43,96.67,1147.94,213.4,-134.64,984.72,169.72,50.09,1023.81,41.54,0,421.420529004049,237.92419029039,-696.469665577622,961.432829925475,0,0,1004.44180602535,0,571.351144218684,1250.37340022891,372.055641000106,455.823540418877,996.869660487268,313.057215217921,110.034403710839,1035.41815224575,81.0317221833524,320300.041515152,248148.885252525,93824.0808080811,191562.798383838,24318.8298989899,69898.9309090909,9695.51707070707,24145.2867676768,4889.46303030303,565.950564550608,498.145445881547,306.307167412193,437.678875871156,155.944957914611,264.38405948372,98.4658167625043,155.387537362804,69.9246954251717,8.75584226399763,2.6261459625544,29.5301110705326,2.48222052967005,3.57754909481885,3.55542487453492,4.28075168530731,6.03162774697381,5.13722109743151,1.67454476183431,-0.130457777145599,-4.21167008237272,-0.201748975766681,0.669334756629413,0.500167423510901,0.329927203223731,1.64597564199593,-0.430296224276186,101,1009,217,-254,916,161,9,895,38,52.0666666666667,1153.43333333333,244.155555555556,-129.311111111111,977.611111111111,161.533333333333,48.2222222222222,1007.87777777778,42.8111111111111,0.732901009176448,0.732901009176448,0.732901009176448,0.732901009176448,0.732901009176448,0.732901009176448,0.732901009176448,0.732901009176448,0.732901009176448,3797,2118,2792,1781,824,1342,572,800,465,567.451816685971,478.496352105794,442.51308509118,624.861428571429,437.057142857143,478.045714285714,454024.209816499,219788.574071122,25323.3554237566,869271.93,556941.017142857,467470.482857143,0.158480134877277,339067.313989755,0.100274563541422,294701.838029142,0.514479325687654,84871.8022598422,0.10922515873164,223298.646966691,0.478392249611676,28091.5570380034,0.239099988613505,80292.6998237993,0.430046938254273,11566.9760550401,0.54913527619808,28437.5266749543,1.15354173456662,5536.11210635389,1
554375,-1818,-19,-1910,-1554,620,-383,-300,800,-223,2141,2490,910,636,1416,1262,310,1447,378,121,1053.5,222,-181,957.5,181,77,1000,19,263.78,1210.93,116.09,-178.19,975.15,155.82,55.69,1024.01,24.72,0,1653.06902405955,301.500475621987,0,952.634996990241,958.635841978529,0,1006.45045569901,0,713.237169530585,1300.63521788394,444.086624432666,432.86336181294,986.604241831546,323.607910904539,120.742494590761,1033.93855233278,87.722175075633,443563.001616162,227576.267777778,185591.961515152,157190.923131313,22697.3813131313,81254.7551515152,11593.306969697,20638.8382828283,7155.65818181818,666.005256447847,477.049544363872,430.803855037477,396.473105180305,150.656501064943,285.052197240286,107.672220046291,143.662236801563,84.5911235403466,5.08603115201984,3.10558084433464,11.7152939391597,3.40208938140267,3.80905254836393,4.73111256966332,4.38268745420869,3.77873460808851,5.9119431186084,0.728364836286327,0.23509945830419,-2.70916708915683,-0.630165645176325,0.54378689052805,0.690285854551042,-0.565980398463549,1.16111107817846,0.285665217389073,121,1049,207,-181,925,272,106,904,9,248.077777777778,1210.64444444444,170.344444444444,-163.644444444444,970.388888888889,143.155555555556,58.1111111111111,1013.06666666667,25.3,0.756088981253439,0.756088981253439,0.756088981253439,0.756088981253439,0.756088981253439,0.756088981253439,0.756088981253439,0.756088981253439,0.756088981253439,3959,2509,2820,2190,796,1645,610,647,601,607.165350299361,472.640011268165,443.284692624112,681.771428571428,408.334285714286,473.322857142857,626841.102222226,188068.720016143,21664.3852587785,1027530.92571429,542348.871428571,467701.225714285,0.403787132249623,478236.814853388,0.217688558960582,261155.95053384,0.343172322871536,181970.775266669,0.165022230066757,181853.655350475,1.1157692646105,25102.1172875197,0.66241223224137,93736.4155283997,0.635549542321523,13692.7100680913,0.376747670650895,24119.9551057009,0.638011655470479,7736.71657025672,1
555937,-1979,19,-1475,-945,583,-333,-203,847,-184,2090,2049,712,700,1490,1030,300,1514,271,126,1068,207,-231.5,957.5,191,58,975.5,48,171.34,1150.6,184.46,-176.38,988.49,185.88,46.33,1013.15,50.39,895.477849757759,579.723935743908,211.012111153047,-503.602568940482,968.49660871952,0,0,1000.71519063951,0,547.103152979399,1224.28816869232,304.219263032439,415.147250984515,998.56059906247,290.466486879296,97.5213309999407,1020.22928305357,83.1300787922158,272691.378181818,176768.848484849,59115.0185858586,142663.975353535,20212.9190909091,50322.6319191919,7438.32434343434,14540.2702020202,4415.61404040404,522.198600325411,420.438876038894,243.135802764337,377.708849980425,142.1721459742,224.327064615913,86.2457207253458,120.583042763152,66.4500868351881,9.01548858835689,3.16074512918174,24.7727284443692,2.69420501436283,4.39765709533344,4.48874374771851,3.97945931477557,5.5934920335078,4.52750886272606,0.919689583204954,-0.236561484852958,-3.69871889487363,0.340187040569979,0.555902780445365,0.258650445981037,-0.352850492700696,1.45199368117849,-0.128803282471964,121,1029,188,-227,935,222,58,914,38,141.544444444444,1161.71111111111,208.255555555556,-184.144444444444,983.977777777778,184.644444444444,48.1333333333333,1002.68888888889,51.0222222222222,0.694446070493981,0.694446070493981,0.694446070493981,0.694446070493981,0.694446070493981,0.694446070493981,0.694446070493981,0.694446070493981,0.694446070493981,4069,2030,2187,1645,907,1363,503,667,455,551.977601991185,473.198877251087,437.568883481019,645.6,427.71,475.658571428571,340595.383474233,164181.292670676,17120.8719459737,810322.602857142,537360.552857143,453123.775714285,0.335329087471432,292675.461347659,0.114000336707974,209199.599511865,0.655459147202458,60160.818614039,0.0474017513894421,165041.577449434,0.565672424346481,22883.2552906865,0.294094258768068,55039.5976729745,0.354042616085413,8664.13823292743,0.529841218665676,16908.1576869983,0.520468105840228,4684.13685654605,1
557500,-1373,-68,-1277,-1027,601,-545,-87,895,-135,3252,2382,1039,1318,1398,787,242,1295,203,116,1039,168,-204.5,948.5,121,67,1000,29,274.36,1056.72,144.27,-109.34,962.11,100.53,66.91,1020.91,30.22,0,877.013734272052,0,0,947.61419331077,0,0,1013.73216935179,0,785.821391920581,1141.26286192095,326.457179427869,409.012078061272,969.347063749615,248.112575255669,91.8460124338558,1024.74069402947,54.1422201244094,547719.040808081,187700.769292929,86626.7243434344,156904.691313131,14119.2706060606,51973.3021212121,3998.72919191919,7915.41606060606,2038.51676767677,740.080428607649,433.244468277356,294.324182396612,396.111968151849,118.824537053845,227.976538532394,63.2355057852722,88.9686240233379,45.1499365190779,6.89899670390183,3.33797222741066,10.317116755142,3.86428927711916,4.51300366565998,4.6530169091487,3.35091972991874,3.23384223907597,6.05539305139799,1.71879078178569,-0.0843195632235564,-1.01974953148491,0.51576704080195,0.432699664154635,0.426039798234034,0.0849303872002603,0.913001150038135,0.558047994807071,141,1029,108,-290,944,202,87,971,19,214.166666666667,1059.13333333333,151.066666666667,-117.055555555556,959.3,93.9888888888889,66.6777777777778,1015.88888888889,28.0777777777778,0.735062694124958,0.735062694124958,0.735062694124958,0.735062694124958,0.735062694124958,0.735062694124958,0.735062694124958,0.735062694124958,0.735062694124958,4625,2450,2316,2345,797,1332,329,400,338,549.607098814246,456.840406290996,439.833295427472,632.292857142857,408.557142857143,479.16,626042.88090808,181674.867962899,8827.40615182085,868530.201428571,500779.054285714,454911.668571428,0.22711914751788,621945.747789349,0.186389339010079,212500.507460167,0.766144039685867,96321.2930547123,0.507896612769615,175117.717019727,0.786665898260723,15946.4240142155,0.412214326238233,54315.1837440409,0.449575316134052,4713.56182482684,0.643203382260376,9022.44860580929,0,2086.55824012736,1
559062,-40,990,69,-327,916,20,29,933,19,161,1068,217,-81,1009,191,213,1038,116,20,1029,188,-190,972,80,87,1009,58,40.84,1025.7,174.8,-184,971.46,85.19,108.26,1003.08,57.87,0,1025.52131183307,167.925750442208,-171.981153557116,971.177510274271,71.6583018654566,73.6631681808861,1002.64077245487,51.0628910080782,67.5709996966154,1025.78977378408,177.352643058963,189.297543565679,971.599001646255,91.8264123223814,125.773606134197,1003.29423401114,60.6531944748172,2927.20646464646,186.030303030303,908.000000000001,1997.53535353535,272.816565656566,1186.6201010101,4140.17414141414,434.175353535354,333.205151515151,54.103664059345,13.6392926147327,30.1330383466387,44.6937954702367,16.5171597333369,34.4473525979879,64.344184985235,20.8368748504989,18.2539078422992,1.69632684642373,3.35407538430939,3.74441832015412,3.96326412805367,5.01479928819,3.56665805151521,1.53985636800612,4.47046143679905,4.44569049365575,0.433757504989904,0.395789762153312,-1.02701473849703,-0.237739968641339,-0.879440245891928,0.905123334413396,0.405153236433037,-1.13391761768994,0.529018395784886,0,1019,198,-200,972,80,38,1019,58,39.1,1025.33333333333,176.911111111111,-183.411111111111,972.244444444444,83.3777777777778,106.555555555556,1004.42222222222,57.4333333333333,0.623570208212797,0.623570208212797,0.623570208212797,0.623570208212797,0.623570208212797,0.623570208212797,0.623570208212797,0.623570208212797,0.623570208212797,201,78,148,246,93,171,184,105,97,447.048021958063,426.020597495191,434.074802134935,532.002857142857,373.992857142857,501.09,3527.28804363815,2650.48150795091,4413.97882026882,466399.054285714,423544.401428571,439755.912857143,0,2233.89602482569,0,172.733753357557,0,735.192159478735,0,2277.44945152438,0,283.16830496459,0,1202.92946406166,0,2884.48098560022,0,381.455055720846,0,336.007604904929,1
560625,-30,1009,158,-227,944,30,38,1000,9,30,1058,207,-163,981,101,97,1028,87,0,1029,178,-200,972,60,58,1019,38,-1.1,1026.19,180.65,-194.2,971.28,62.81,59.54,1014.6,40.82,0,1026.0933617681,179.817375309278,-193.275079667792,971.214763571204,60.2517591776104,56.4275642538799,1014.54529068085,31.3476609824406,13.3790881602597,1026.2384859281,181.067528839381,194.653332876681,971.312442008234,64.0157011990027,61.2405094688148,1014.62731088809,44.2874700112797,179.585858585858,100.519090909091,152.55303030303,178.060606060606,63.6581818181818,154.458484848485,207.46303030303,55.979797979798,298.088484848485,13.4009648378711,10.0259209506704,12.3512359828088,13.343935178972,7.97860776189567,12.4281327981513,14.4035769968099,7.48196484753825,17.2652392062342,2.42710804386741,3.23241001252496,2.53271058964258,2.64446005588918,3.27417769481115,3.44713871976594,2.57791020142049,2.44563837893656,2.95862929721477,0.125721815964895,0.3777310944853,0.16172820521666,0.162418104503947,-0.643528686058976,0.242189324506953,0.705790437758735,-0.205956763386611,0.343675316392851,0,1029,178,-200,972,60,48,1019,38,-1.22222222222222,1025.88888888889,180.444444444444,-194.311111111111,971.755555555556,62.5555555555556,59.1,1014.66666666667,40.4666666666667,0.694446070493981,0.694446070493981,0.694446070493981,0.694446070493981,0.694446070493981,0.694446070493981,0.694446070493981,0.694446070493981,0.694446070493981,60,49,49,64,37,71,59,28,78,446.626072570968,425.427053381057,436.033788672122,516.745714285714,359.952857142857,477.84,209.394106447751,204.572060888431,364.840615519758,465484.234285715,422329.624285714,443648.725714286,0,146.265198915756,0,83.4531146342726,0,124.61630709228,0,183.665086194641,0,54.2528885234193,0,134.51595616279,0,181.086529299551,0,41.4892676483509,0,247.611219566115,1
562187,0,1000,138,-245,944,30,48,990,-9,90,1058,207,-118,990,121,116,1028,67,50,1029,168,-172,972,70,87,1009,29,46.8,1027.61,171.49,-172.06,974.26,71.82,88.79,1013.23,32.45,0,1027.51032604424,170.528700276826,-168.290133001484,974.149167407904,67.6403602615763,85.8580665244281,1013.16955035952,0,50.8527285403645,1027.65977346591,171.967584154689,173.972354125591,974.315246724591,73.8100264191797,89.991610720111,1013.26013935218,35.2739280489145,399.757575757576,103.331212121212,165.686767676768,668.420606060606,108.739797979798,292.734949494949,216.995858585858,61.6940404040403,193.179292929293,19.9939384753874,10.1651961181874,12.8719372153832,25.8538315547349,10.4278376464058,17.1094988089935,14.7307792932302,7.85455539187549,13.8988953852201,2.1484946006811,3.64525641158192,2.92944725326861,3.24542913348486,2.52796610245305,3.22898030186621,3.09957251951422,3.26703221922348,3.06737085764857,0.118385329729184,-0.101116845595493,0.0777268017577205,-0.42781476912543,-0.26904084635109,0.406952044540288,-0.773229537874959,-0.348031327896284,-0.00980232963383215,50,1029,168,-181,972,70,97,1009,38,46.6666666666667,1027.66666666667,171.444444444444,-171.311111111111,974.566666666667,71.6333333333333,89.5444444444445,1013.36666666667,32.5333333333333,0.513177882605618,0.513177882605618,0.513177882605618,0.513177882605618,0.513177882605618,0.513177882605618,0.513177882605618,0.513177882605618,0.513177882605618,90,58,69,127,46,91,68,38,76,447.060662926595,425.333934799936,436.212480751168,533.957142857143,374.58,486.201428571429,405.047970756821,767.791448011432,234.647713820195,466390.054285714,422144.785714286,444016.65,0,323.932610620257,0,72.7375865579408,0,113.980427340748,0,678.799038542201,0,99.5914187897284,0,264.638085253688,0,179.651884329015,0,53.9049985590265,0,158.396683657904,1
563750,-262,980,69,-418,861,10,-19,971,-9,232,1127,267,-63,1018,454,184,1057,116,60,1019,188,-209,962,101,77,1019,38,57.66,1022.38,184.35,-213.54,961.43,106.63,83.79,1013.31,41.74,0,1022.0163300085,179.013919921072,-189.251062493422,960.535938884563,69.3190186273525,0,1013.09986339341,0,80.6727959103935,1022.56629124962,186.228864572601,224.539172528982,961.861003471915,126.898266339616,96.1094688363223,1013.41449071937,47.5188383696403,3215.5802020202,384.803636363637,703.300505050505,4867.1802020202,837.318282828283,4781.02333333333,2238.65242424242,213.91303030303,521.022626262626,56.70608611093,19.6164124233672,26.5198134429808,69.7651790080137,28.9364524921125,69.1449443801449,47.3143997557025,14.6257659732074,22.8259200529273,14.1113170579477,9.91677411957631,7.81600979517516,4.03769751541438,4.68410171271964,15.5480191580957,2.93830715235218,3.88982840712094,3.58713186851236,-2.23266608439244,1.41436119807291,-0.940501058214675,-0.674263138313057,-1.11515696451759,3.08432781590331,0.130658356605024,-0.339437795732921,0.539347720337053,60,1019,188,-200,972,101,77,1019,29,62.7222222222222,1021.74444444444,185.422222222222,-210.766666666667,963.355555555556,98.2,83.6111111111111,1013.45555555556,41,0.557438185027989,0.557438185027989,0.557438185027989,0.557438185027989,0.557438185027989,0.557438185027989,0.557438185027989,0.557438185027989,0.557438185027989,494,147,198,355,157,444,203,86,125,446.716335071496,426.702190275937,436.692443934235,541.881428571429,366.222857142857,488.074285714286,3426.82174949217,8830.34037240383,2266.77067769772,465784.761428572,425013.257142857,445073.142857143,0,3172.80318790243,0,286.973859585208,0,531.138291699912,0.153924131118527,4838.32889060519,0,874.254664469833,0.215386637388879,5386.256380396,0,2367.17021062266,0,224.964344824419,0,453.759006389234,1
565312,-10,1000,99,-318,925,20,0,980,0,80,1049,198,-209,981,121,67,1038,77,50,1029,138,-245,962,50,38,1019,38,42,1029.02,137.51,-249.94,957.92,51.75,37.87,1016.6,35.43,0,1028.9160452489,135.014514639352,-247.35055862051,957.764528537298,42.7112806801605,0,1016.49270306714,0,48.4355241532493,1029.07190224979,138.805511417955,251.296319113512,957.997411269989,56.3529058700614,41.5098783423898,1016.65350046119,39.2029335637016,587.878787878788,107.898585858586,361.585757575758,686.703434343435,149.811717171717,502.613636363636,291.851616161616,109.878787878788,284.429393939394,24.2462118253303,10.3874244092839,19.0154084251629,26.2050268907215,12.239759686028,22.4190462857731,17.0836651852469,10.4823083277868,16.8650346557425,2.04265419633684,2.97588328059005,3.19874034093981,2.5680830293516,2.62724833298163,3.21548823097824,2.36037115711075,3.58575108760279,2.43079929602939,-0.452973336405701,-0.121546117506202,0.555624007668511,-0.605782056552998,-0.305545938161029,0.758659505437683,-0.221746827011267,-0.240148108638166,0.261513142806073,70,1029,128,-227,962,30,38,1019,29,42.8888888888889,1029.11111111111,136.888888888889,-249.133333333333,958.122222222222,50.4444444444444,38.1555555555556,1016.55555555556,35.1333333333333,0.542002763436952,0.542002763436952,0.542002763436952,0.542002763436952,0.542002763436952,0.542002763436952,0.542002763436952,0.542002763436952,0.542002763436952,90,49,99,109,56,101,67,58,77,445.487203500149,425.133795454077,436.373274900005,517.941428571429,325.598571428571,467.1,624.60918632537,941.085148903164,391.19582931015,463115.121428571,421750.512857143,444361.834285715,0,443.485297988352,0,87.155990968067,0,254.618802647355,0,591.55657138092,0,123.80649188875,0,379.322678750899,0,255.969112417043,0,104.440142193435,0,216.15274435826,1
566875,-131,970,118,-418,879,-70,-29,952,-58,90,1049,207,-145,1009,242,116,1057,106,50,1029,168,-245,953,80,48,1009,58,30.92,1025.66,167.58,-265.82,945.94,86.41,50.2,1011.76,56.24,0,1025.47951204496,165.734710506102,-255.360556184906,945.212769628726,0,0,1011.44221494001,50.6265811724291,64.965221465027,1025.74867292139,168.449695755142,271.785871597477,946.294319966045,100.24265559132,57.2555674148811,1011.91677523401,61.598538943712,3297.40767676768,183.741818181818,295.195555555556,3239.68444444445,677.228686868687,2607.98171717172,765.818181818182,320.467070707071,637.820606060606,57.4230587548911,13.5551399174563,17.1812559365011,56.918225942526,26.0236178666358,51.0684023361973,27.6734201322891,17.9015940828483,25.2551104939299,4.68673851792189,5.66429467472836,3.61605248981243,3.50376358380105,3.42337010872851,4.76338143180464,3.45141105356188,4.94805557527786,6.84021092107181,-1.73571557514963,-1.28007007146459,-0.253269275233894,-1.06740976955411,-0.882805455794154,0.448829930925788,-0.303117993365991,-0.691069521067875,-1.39289328492041,60,1029,158,-245,953,90,58,1009,67,36.4111111111111,1026.78888888889,168,-263.388888888889,946.8,85.3555555555556,50.6111111111111,1012.48888888889,57.8777777777778,0.6098403047164,0.6098403047164,0.6098403047164,0.6098403047164,0.6098403047164,0.6098403047164,0.6098403047164,0.6098403047164,0.6098403047164,221,79,89,273,130,312,145,105,164,446.334049579954,424.09551408777,435.101181971195,524.64,328.512857142857,479.228571428571,3386.27824421669,5042.57604838469,942.625949035099,464895.48,419738.181428571,441877.774285713,0,3251.59615143458,0,173.424501955244,0,281.899323547425,0,3050.43226378957,0,651.666559432644,0,2980.9981124767,0,807.84278181449,0,334.971935471823,0,525.010292847463,1
568437,-2262,745,-108,-1263,740,-131,-126,838,-48,939,1539,663,490,1268,313,203,1295,116,70,1029,188,-231.5,953,131,77,1009,38,46.94,1026.9,189.47,-253.74,952.98,132.48,61.05,1017.47,38.81,0,1020.97637649885,180.328346243091,0,947.280582870994,0,212.478076711007,1013.85024017285,0,303.057684278092,1030.06654153991,204.405405995047,331.973161565811,955.791598623884,153.115185399751,102.704186866943,1019.39337353153,48.8232526569052,90546.0569696969,6579.26262626264,5942.1102020202,46285.0428282829,5420.90868686869,5952.83797979798,6889.94696969696,3957.22131313131,886.357474747474,300.908718666802,81.1126539219538,77.0850841734003,215.139589170108,73.626820431611,77.1546368003763,83.0057044407007,62.906448899388,29.7717563262142,38.4607017796773,20.7174900577619,19.438513355267,12.9725426303107,5.78859395647289,4.39429372796364,2.78099786424437,7.74121231355229,4.28060547891793,-4.93239068054988,2.02954731058988,2.34070884801199,-1.96273145437814,0.170796419459655,-0.501620213543673,-0.556464729907763,1.32802572545747,-0.707994397127487,60,1019,188,-209,944,111,87,980,48,78.8444444444444,1025.9,184.466666666667,-238.822222222222,953.055555555556,134.966666666667,63.1,1013.54444444444,39.9777777777778,0.66024022990879,0.66024022990879,0.66024022990879,0.66024022990879,0.66024022990879,0.66024022990879,0.66024022990879,0.66024022990879,0.66024022990879,3201,794,771,1753,528,444,329,457,164,462.124467001816,435.766283992741,438.770802299057,541.418571428571,356.451428571429,478.855714285714,92123.9062126461,48164.1249460377,7256.82265577658,511998.261428572,448794.865714286,450897.732857143,0.899276043860108,97273.0429344976,4.06463330758785,7709.94198689068,1.34311764765355,6608.0481211308,1.051637817685,52758.6600217807,0.425816694575781,5737.1783666807,0.478798942837918,6666.46285296857,0.0973981950503446,6836.89063903081,0.877443504391194,4568.68704479133,0,848.108434093244,1
570000,10,1000,158,-290,935,70,19,990,0,70,1039,207,-218,972,141,58,1038,67,40,1029,178,-245,953,101,38,1019,38,42.2,1024.04,183.12,-240.77,956.53,99.82,41.54,1016.33,40.55,39.2010453612096,1023.93890612158,182.251192668143,-240.304113078091,956.452237380562,97.7055611042585,39.6319717085744,1016.26715656422,0,43.2897216438267,1024.09030851776,183.553806825138,241.010269490742,956.568800452952,100.858415613175,42.3790042355882,1016.36140717758,42.0560340498245,94.1010101010102,104.079191919192,160.672323232323,116.926363636364,74.9788888888888,210.492525252525,71.119595959596,64.4859595959596,125.664141414142,9.70056751437823,10.2019209916168,12.6756586902742,10.8132494485406,8.65903510149306,14.5083605294508,8.43324350173739,8.03031503715512,11.2100018471962,3.74794869918205,2.63230053206768,2.43106119009984,6.19945814156941,3.17164594689547,3.01579694663587,2.95788059204669,4.12896448577826,4.08107718409547,-0.184062058493743,-0.459236327736605,0.0965302744879251,-0.894895007076938,-0.209377248511668,0.19043071664367,-0.0622196875635629,-0.0322854485661078,-0.302236514433496,40,1029,178,-245,953,101,38,1019,38,42.2222222222222,1024.44444444444,183.188888888889,-240.2,956.766666666667,99.5222222222222,41.5444444444444,1016.36666666667,40.6777777777778,0.506582677431054,0.506582677431054,0.506582677431054,0.506582677431054,0.506582677431054,0.506582677431054,0.506582677431054,0.506582677431054,0.506582677431054,60,39,49,72,37,71,39,48,67,446.256051443612,424.956911754854,436.321422757855,535.44,349.534285714286,470.751428571429,170.147830562512,216.567479851216,128.667801781087,464711.554285714,421406.674285714,444237.942857143,0,89.7253077750074,0,59.3604784445096,0,138.836790575249,0,112.311170215906,0,61.4659644593049,0,183.969196805824,0,58.4076246513281,0,42.4121909650469,0,93.4592586042111,1
581546,-1404,764,-89,-1027,833,-222,-135,876,-48,535,1431,910,300,1231,353,194,1238,126,70,1019,207,-218,962,131,82,1019,48,55.84,1023.55,207.09,-227.5,957.38,126.85,66.11,1014.87,51.28,0,1018.55245842176,157.187748495345,-229.8629186918,954.46448799025,0,0,1012.49719524916,48.1290309644181,205.32335473589,1026.10101354594,229.257955150961,271.007490671383,958.87623810375,147.014863194168,103.935027781783,1016.12556802789,59.68282835121,39433.9135353535,5281.50252525253,9770.64838383838,21907.8888888889,2896.13696969697,5578.2297979798,6496.92717171717,2575.81121212121,941.819797979799,198.579740999311,72.6739466745307,98.8465901477556,148.013137555046,53.8157687829225,74.6875478107282,80.6035183581782,50.7524503065735,30.6890827164938,33.2442100329374,17.5782282746806,29.6758586154992,14.9491797985877,9.05817413233108,7.30036044153101,2.61213510643339,9.85577214185284,3.65825252478078,-4.67190303303794,1.31077658824632,3.8025026259989,-1.82054195345475,0.849230840779457,-0.89280162468122,-0.692446462911115,1.49890106946401,-0.436261739772127,80,1019,207,-200,953,121,97,1019,48,76.3222222222222,1024.47777777778,201.766666666667,-222.8,956.522222222222,128.844444444444,69.6777777777778,1012.02222222222,52.4444444444444,0.618119489100038,0.618119489100038,0.618119489100038,0.618119489100038,0.618119489100038,0.618119489100038,0.618119489100038,0.618119489100038,0.618119489100038,1939,667,999,1327,398,575,329,362,174,456.550749578362,430.47537456442,437.965285280972,551.348571428571,367.17,485.254285714286,47570.2361623855,22933.7347885974,6657.22487899907,491828.648571428,434786.601428572,448661.014285715,0.82697899600611,45906.8907835076,2.82851695185077,6007.60939284695,1.41814501270735,10944.6071076826,1.88714085299786,25444.126399845,0,3002.71383379197,0.446616390128927,6138.10403136618,0.116568008135048,6984.91089523847,0,3074.05396823261,0,871.337680111021,1
583109,-30,990,178,-300,916,60,-9,1000,9,50,1039,237,-200,981,141,58,1038,77,10,1019,207,-227,962,90,29,1019,48,6.4,1020.24,208.41,-232.05,958.67,92.23,27.79,1017.82,48.64,0,1020.1489594228,207.588999477565,-230.483410338491,958.532681509717,88.7185866457389,0,1017.75546658592,42.9113275402942,14.4913767461894,1020.28543065164,208.817743498966,232.914598082645,958.738071633749,94.0597150750522,31.0017741427809,1017.85217983752,50.4826702938741,170.747474747474,93.6387878787877,171.840303030303,406.068181818182,131.839494949495,344.300101010101,190.733232323232,66.1692929292929,184.495353535354,13.0670377189122,9.67671369209546,13.1087872448333,20.1511335119934,11.4821380826698,18.5553254083592,13.8106202729361,8.13445099126504,13.582906667402,3.57886779808767,3.12440185899375,2.70671780188174,5.00864918996373,4.62973067414581,3.77057968750748,2.70185575597163,2.69657632062957,3.07504163620717,0.0055910963526648,-0.186452358707243,0.0153638908435053,-1.39329405266572,-0.676886123675337,0.697457253660932,-0.51729462823527,-0.323917258188204,-0.401019203566522,10,1019,207,-227,962,101,29,1019,48,6.44444444444444,1020.33333333333,208.288888888889,-230.2,959.066666666667,91.3111111111111,28.2,1018.13333333333,49.1555555555556,0.652595941135158,0.652595941135158,0.652595941135158,0.652595941135158,0.652595941135158,0.652595941135158,0.652595941135158,0.652595941135158,0.652595941135158,80,49,59,100,65,81,67,38,68,446.354170845858,424.740430436489,436.947081625569,529.307142857143,350.935714285714,468.964285714286,175.152911411037,659.1137836805,215.932953881407,464913.09,420975.055714286,445514.001428571,0,149.356942946186,0,66.759919727739,0,135.840022317408,0,426.354894296701,0,125.10632225829,0,353.566599904374,0,179.19157499984,0,51.2768458778783,0,140.790785721101,1
584671,0,1000,178,-254,944,60,19,1000,9,50,1049,227,-190,981,121,67,1028,77,20,1019,198,-218,962,90,38,1019,43,23.6,1023.03,194.85,-216.17,964.48,87.89,36.07,1015.32,44.28,0,1022.92181901738,194.160456970973,-215.590288163805,964.416375133488,85.9348649160395,34.4501737754503,1015.26001818687,39.3888745790169,25.4558441227157,1023.08404835575,195.200537909095,216.461890410298,964.511689923974,88.8250527722894,36.876957575158,1015.34997907126,46.1579895576053,91.9595959595958,111.706161616162,138.108585858586,127.556666666667,61.7470707070708,166.90696969697,59.459696969697,61.4925252525253,171.557171717172,9.5895566091241,10.5691135681362,11.7519609367367,11.2940987540692,7.85793043409464,12.9192480314053,7.71101141029483,7.84171698370486,13.0979834981257,3.43800519519029,2.41779764492356,3.01357903098302,3.69303815522733,2.79969108085007,2.64261545405952,4.50738585176176,2.26630189045924,2.7809448830615,-0.0113830877608482,-0.0586799746585802,0.399046738266345,-0.280506472906974,-0.460089582589118,-0.0133048550266579,0.622158332968192,-0.0396959622011736,0.0802785605994614,20,1029,198,-218,962,90,38,1019,38,23.5555555555556,1023.11111111111,194.222222222222,-216,964.8,87.9333333333333,35.9222222222222,1015.46666666667,44.4222222222222,0.513177882605618,0.513177882605618,0.513177882605618,0.513177882605618,0.513177882605618,0.513177882605618,0.513177882605618,0.513177882605618,0.513177882605618,50,49,49,64,37,61,48,28,68,446.485344983699,425.336798739773,435.873391885121,532.062857142857,358.371428571429,469.572857142857,143.387869192925,192.719535906794,172.135310342919,465193.808571429,422155.045714286,443325.45,0,79.1139688219022,0,96.4788032682976,0,100.433319641294,0,118.342891786572,0,48.6287065694925,0,126.337087850409,0,42.0873381506706,0,53.3871475422404,0,129.248109351911,1
586234,0,1000,168,-245,944,60,19,990,9,50,1049,217,-190,981,111,58,1038,67,20,1029,198,-218,962,90,38,1019,48,20.5,1025.11,199.77,-218.69,964.71,89.42,40.06,1015.79,44.5,0,1025.00901022903,199.141585255826,-218.070715239422,964.650630429984,87.5550220757711,38.6293926912628,1015.73580862311,39.11438647402,22.781571499789,1025.16037281978,200.075360801874,218.992488455655,964.739690279197,90.3079177038204,40.7224753668045,1015.81709475673,46.0499728555837,99.7474747474748,104.321111111111,123.330404040404,133.731212121212,57.8645454545455,161.195555555556,54.0569696969696,55.6019191919192,141.767676767677,9.98736575616788,10.2137706607849,11.1054222810483,11.5642212068609,7.60687488095772,12.6962811703095,7.35234450341996,7.45666944365373,11.9066232311129,3.07523153340811,2.35658419281739,2.78065419418113,2.91751974534183,2.7189105201723,2.49780577991153,2.97507266501246,3.64480973761427,3.66241566931062,0.0833071169491176,-0.228448992993982,-0.402856320833726,0.330082553455541,0.0390539914266735,-0.0713849809507746,0.0576932473945499,0.0165478723080374,-0.60127450208444,20,1029,198,-227,962,90,38,1019,48,20.4444444444444,1025.22222222222,200.133333333333,-218.9,964.555555555556,89.6333333333333,40.0111111111111,1015.68888888889,44.8888888888889,0.522939241533473,0.522939241533473,0.522939241533473,0.522939241533473,0.522939241533473,0.522939241533473,0.522939241533473,0.522939241533473,0.522939241533473,50,49,49,55,37,51,39,48,58,447.730315709365,425.729753191661,436.135133415401,533.734285714286,358.045714285714,471.578571428571,135.969544543791,162.223159972615,142.053402149809,467786.974285714,422929.671428571,443855.695714286,0,77.7608691931637,0,84.4686799443751,0,92.3878783275665,0,123.652132221524,0,48.2900457110166,0,116.893515635123,0,47.2326804126406,0,47.0785081368788,0,112.594719820497,1
587796,-10,1000,158,-245,944,60,19,1000,19,40,1049,227,-200,981,111,58,1038,77,20,1029,198,-222.5,962,90,38,1019,38,17.5,1024.42,195.55,-221.87,962.47,88.56,41.52,1015.51,42.44,0,1024.33213398544,194.733488073549,-221.441986725765,962.387704316897,87.198019043351,39.8361248343174,1015.45512340116,39.3182542986425,20.2237484161567,1024.46385002107,195.95522447743,222.082574732913,962.511179155858,89.2202891723626,42.2236900329661,1015.53737006572,43.8734543887303,103.787878787879,90.7511111111113,160.25,95.3263636363636,80.069797979798,118.572121212121,59.5248484848485,56.1514141414143,124.976161616162,10.1876336206147,9.52633775965934,12.6589889011722,9.76352209176399,8.94817288499714,10.8890826616442,7.71523483018168,7.49342472714675,11.1792737517319,2.93347185962669,2.88868417209194,3.29376627470302,2.93778956006161,2.64810904064869,2.64823850682744,3.26097493265355,3.24299573537934,3.36462092315301,-0.349245047413854,-0.184662765054843,0.0540048758446499,0.057638056888552,0.0997462767952422,-0.00577499225843975,-0.344824965149602,-0.321265644558884,0.355662280552694,20,1029,198,-227,962,90,38,1019,38,17.7777777777778,1024.55555555556,195.555555555556,-221.9,962.466666666667,88.4555555555555,41.6333333333333,1015.56666666667,42.1555555555556,0.538867128122059,0.538867128122059,0.538867128122059,0.538867128122059,0.538867128122059,0.538867128122059,0.538867128122059,0.538867128122059,0.538867128122059,50,49,69,45,37,51,39,38,58,447.082032299924,425.050666763655,436.000484258527,530.344285714286,355.354285714286,471.201428571429,166.636362704422,127.439276861789,125.340386676284,466428.698571428,421589.442857143,443581.658571428,0,88.6610438526621,0,76.1534646413052,0,106.358654337087,0,93.8484062573978,0,72.0252832435998,0,88.7329087160006,0,52.230361862893,0,40.2080791262668,0,69.6770632055694,1
589359,0,1000,178,-254,935,70,19,1000,29,60,1049,217,-200,981,131,58,1028,77,20,1019,198,-218,962,95.5,38,1019,48,20.8,1021.41,199.07,-221.15,960.68,96,38.8,1015.92,48.21,0,1021.33030694994,198.382616078608,-220.675243045439,960.610696814191,94.484556303182,36.9695275370422,1015.86526738524,45.3869965266907,23.3666428910958,1021.45004283127,199.408500320322,221.38931771881,960.714567392418,96.7393404980621,39.5499683944248,1015.94732146898,49.5153511549701,114.50505050505,82.6281818181819,136.247575757576,106.977272727273,67.0884848484849,143.939393939394,59.3535353535354,56.0743434343435,128.854444444444,10.7007032715168,9.09000450044893,11.6725136863306,10.3429818102553,8.19075606085817,11.9974744817146,7.70412456762839,7.48828040569686,11.35140715702,4.13217961749879,3.27462226340174,2.12317331520286,3.3494254722534,3.19956143142178,2.89056325023084,3.18259551493284,2.47012342826674,2.32014974789155,0.586124713825387,0.575769899947197,-0.180354986343134,-0.290453945861868,-0.266156908579817,0.0687802207300047,-0.383051391780408,-0.211103706518543,0.0390994280707007,20,1019,207,-218,962,90,38,1019,48,20.5555555555556,1021.11111111111,199.244444444444,-221.1,960.977777777778,96.0555555555556,39.1666666666667,1016.13333333333,48.1222222222222,0.519702786504305,0.519702786504305,0.519702786504305,0.519702786504305,0.519702786504305,0.519702786504305,0.519702786504305,0.519702786504305,0.519702786504305,60,49,39,54,46,61,39,28,48,446.12358591836,424.542967913366,436.240925173597,531.977142857143,358.084285714286,472.684285714286,141.641626096128,176.341464946503,132.650577408466,464429.974285714,420576.09,444070.684285714,0,92.9895297965895,0,61.1202667683991,0,124.591569707882,0,107.601983025395,0,57.6989246214386,0,112.719799646677,0,59.7600396625481,0,42.6741810928923,0,107.740605923507,1
590921,0,990,188,-245,944,80,19,1000,29,60,1039,247,-200,981,131,48,1047,87,20,1019,207,-227,962,106,38,1019,58,23,1020.64,208.79,-222.86,960.44,105.91,36.54,1016.38,60.86,0,1020.5559648697,208.247079475138,-222.519196684155,960.386218794967,104.674260425111,35.1263048848514,1016.31354202567,58.2589481399277,25.1793566240283,1020.68190931357,209.065898701821,223.028652867743,960.466876055598,106.518589926829,37.2045696118098,1016.41343950186,61.9662811535435,106.060606060606,86.4145454545454,116.450404040404,75.96,52.1478787878787,130.587777777778,49.5034343434343,68.6622222222223,137.252929292929,10.2985730108887,9.29594241884842,10.791218839427,8.71550342780037,7.22134882053753,11.4275009419285,7.03586770366203,8.2862670861023,11.7154995323686,3.94312925170068,3.58515538722512,3.46446530489563,2.89980659141076,3.26743004628608,2.59734326048345,2.5122924997363,5.13104905542477,2.8187716691329,0.323441167034371,-0.259045538508969,0.442116635884013,0.180507198865935,-0.053517670778851,0.0583802485430374,0.0795973971099282,0.810849462985987,-0.370211128980202,20,1019,207,-227,962,111,38,1019,58,23,1020.77777777778,208.711111111111,-223,960.611111111111,105.733333333333,36.5444444444444,1016.12222222222,61.2222222222222,0.51644904828435,0.51644904828435,0.51644904828435,0.51644904828435,0.51644904828435,0.51644904828435,0.51644904828435,0.51644904828435,0.51644904828435,60,49,59,45,37,51,29,47,58,446.630221380613,425.028212064453,436.691934390464,536.755714285714,361.495714285714,477.334285714286,132.402654592897,139.904853729802,142.828621776964,465486.047142858,421536.261428571,444994.405714286,0,89.4549964028482,0,69.3742512707073,0,109.552574428018,0,56.0474316877438,0,39.6713628900566,0,104.201817047659,0,40.4488552557053,0,47.3480973044985,0,111.437679618389,1
592484,-10,1000,168,-245,944,70,19,1000,29,40,1049,227,-209,981,121,48,1028,77,20,1029,198,-227,962,90,38,1019,58,19.2,1024.01,196.96,-229.79,960.2,95.39,33.68,1016.24,54.55,0,1023.91773450506,196.303719419987,-229.473125061445,960.130264076122,93.8156812624235,31.6163197972577,1016.18989645192,52.2549983978085,21.5870331449229,1024.0561459217,197.284312604931,229.947494006784,960.234867102835,96.1357893814785,34.5884373743597,1016.26497528942,55.6189715834444,98.3434343434344,95.4645454545454,129.149898989899,73.1372727272727,67.6363636363636,144.280707070707,62.6440404040404,51.2751515151515,118.957070707071,9.91682581996046,9.77059596209696,11.3644137107859,8.55203325106216,8.2241330021081,12.0116904335196,7.91479882271435,7.16066697418275,10.9067442762298,3.03145725881429,2.76917943203465,2.65233728228883,2.79520457615293,2.91266170784034,2.52685554370371,2.61412372459742,2.81058184697608,2.27383055869379,0.0355754484372649,0.0491676374908709,-0.0952424049471185,0.0841484515718685,0.0155056985416679,-0.192247062132809,-0.0611190774975524,-0.422270284480592,-0.030666735930356,20,1029,198,-227,962,90,38,1019,48,19.2222222222222,1023.88888888889,196.9,-229.9,960.244444444444,95.7111111111111,33.7,1016.48888888889,54.4333333333333,0.519702786504305,0.519702786504305,0.519702786504305,0.519702786504305,0.519702786504305,0.519702786504305,0.519702786504305,0.519702786504305,0.519702786504305,50,49,59,36,37,51,29,28,48,447.02862543256,425.151898241645,436.435177874621,531.501428571429,353.914285714286,473.344285714286,152.166395206476,146.144891510388,120.103341420179,466319.181428571,421786.688571429,444464.712857143,0,79.7510695724395,0,64.5675541275643,0,123.112887460921,0,57.8999823076928,0,54.9545262422034,0,128.095529418315,0,52.1436639031322,0,40.554247398208,0,86.6519832366489,1
594046,-515,362,-554,-809,787,-252,-145,857,-165,3050,1813,504,663,1398,323,233,1314,106,85,1029,198,-218,953,161,43,1004.5,29,96.79,1020.71,184.85,-207.27,961.73,141.45,53.75,1009.73,15.47,0,1000.77949865637,0,-161.585520122903,955.069686241306,0,0,1005.09632168807,0,340.061273890456,1028.396932123,228.169476486229,277.194209896239,965.701439369332,179.99997222222,104.495980783952,1012.25805504328,58.3339523776677,107346.834242424,15910.4504040404,18072.5126262626,34217.9566666667,7731.99707070707,12517.0580808081,8111.46212121212,5163.3304040404,3195.48393939394,327.63826736574,126.136633869944,134.434045636746,184.980962984483,87.9317750913006,111.879658923363,90.0636559396304,71.8563177740162,56.528611688188,67.5947075638678,25.3140376075756,12.3796722086601,9.5970055370596,13.617203225606,6.3173342850585,2.43107942210593,7.27772124666726,5.58207367001964,7.29765062245983,1.33214749290155,-2.00271017536027,0.672992456079895,2.61075598266603,-1.50280604134048,-0.175951021580954,1.56369583051585,-1.6408159808777,20,1029,198,-254,953,90,38,1009,38,77.1333333333333,1018.84444444444,193.088888888889,-208.366666666667,953.4,152.911111111111,55.0666666666667,1003.87777777778,20.7666666666667,0.717461324411975,0.717461324411975,0.717461324411975,0.717461324411975,0.717461324411975,0.717461324411975,0.717461324411975,0.717461324411975,0.717461324411975,3565,1451,1058,1472,611,575,378,457,271,461.07896273761,434.825492414712,435.767607035175,558.15,383.961428571429,462.407142857143,115494.949868733,34372.1708061606,8719.67587533763,525129.955714286,446492.524285714,445280.841428571,2.25212639785721,81267.34660694,2.95310649648628,10029.8640672353,0.447895176204722,19721.9900209321,2.34357689405356,34260.6183771098,1.14861426424621,8716.40783195952,0.428849776615177,13355.0204294044,0.0905598000898305,9564.70557955043,0.844957628005516,5488.39878663969,0,3272.39991008152,1
595609,-1212,-88,-950,-954,611,-161,-135,866,-116,1222,1872,643,763,1305,717,223,1419,184,80,1063,247,-185.5,962,181,67,1000,38,73.09,1086,219.84,-157.73,979.73,180.29,53.1,1026.57,33.74,406.8241159415,782.755780324515,249.787251905797,-478.9510270058,963.830299312925,0,0,1014.78147277171,0,432.029015229301,1162.04062751696,307.607834750677,407.519631428966,987.620053461856,245.413752670872,98.2865199302529,1033.15239437365,71.1201799772751,183138.304949495,172669.111111111,46760.56,142619.694040404,15679.29,28003.4605050505,6909.72727272727,13694.8536363636,3959.28525252525,427.946614602213,415.534729127556,216.241901582464,377.65022711552,125.216971693137,167.342345223947,83.1247693093176,117.025012866325,62.9228515924481,4.63255087412843,3.29387061371,12.0843861392577,2.64342940560937,3.11396889430591,3.39297395484189,2.42394860088174,4.20287325171288,3.01800262530151,0.206105915099241,-0.63331985809214,-2.46610570724928,0.211961575882658,0.266453179550965,0.51410894473947,-0.32894397872011,1.23469671263807,-0.189942033766188,70,1019,227,-181,935,-40,87,933,19,67.3,1103.21111111111,240.4,-163.855555555556,977.433333333333,173.833333333333,53.9333333333333,1017.41111111111,33.8222222222222,0.728544874833431,0.728544874833431,0.728544874833431,0.728544874833431,0.728544874833431,0.728544874833431,0.728544874833431,0.728544874833431,0.728544874833431,2434,1960,1593,1717,694,878,358,553,300,527.762815506827,463.852819307817,442.953054973497,590.97,429.552857142857,477.175714285714,280705.879370372,151695.860598234,14600.0951325042,699261.458571428,515011.512857143,463766.652857143,0.192447253957217,196966.702642059,0.0389387950750737,205483.055150172,0.238605645203023,46774.3563130478,0.122269994882063,165674.786495944,0.306313432877998,17459.2845090977,0.18950145878188,31093.1162106543,0.137078428922085,8085.52036812362,0.398870485667681,16164.1342422817,0.690204811187781,4526.75199719331,1
597171,-1565,-127,-1831,-1136,537,-464,-145,838,-223,2030,2068,1326,781,1555,1131,330,1466,281,90,1073,217,-190.5,948.5,151,53,985,53,283.41,1206.19,160.04,-145.87,969.41,149.21,44.07,1018.88,56.99,0,1095.01067071632,0,-473.233026494598,943.658094246517,0,0,999.815830512688,0,741.27118519473,1279.71790250821,435.065650218447,404.961269753047,982.734547067518,330.239382872485,101.805942852075,1029.7452888943,103.243256438375,473900.74939394,184629.892828283,165322.543838384,144157.144545455,26274.1837373737,87671.1372727273,8507.35868686869,22483.743030303,7486.17161616162,688.404495477724,429.68580710594,406.598750414194,379.680318880838,162.093132912452,296.093122636659,92.235344022065,149.945800308988,86.5226653320482,4.00100262037005,3.28846205959587,10.1915802612912,3.45392440564727,5.08331932969139,3.93118893234509,3.77463265457023,3.65762076198973,3.82641894969323,0.700170143553356,-0.244361581467464,-1.94867756094343,-0.0890093169275619,0.837531923490605,0.515980724168176,0.586108756966078,1.16650215945095,-0.34240814114238,90,1019,207,-390,888,141,77,933,29,270.444444444444,1221.52222222222,192.988888888889,-140.355555555556,962.788888888889,137.044444444444,39.8111111111111,1006.84444444444,59.0111111111111,0.747806158331233,0.747806158331233,0.747806158331233,0.747806158331233,0.747806158331233,0.747806158331233,0.747806158331233,0.747806158331233,0.747806158331233,3595,2195,3157,1917,1018,1595,475,628,504,617.761792129687,467.73093065408,440.817005283686,706.988571428571,416.892857142857,479.974285714286,591780.668342155,157469.670732346,23228.9162131697,1018475.57142857,530922.372857143,463456.705714285,0.276640308806021,505121.728311804,0.131028241984922,207408.358788766,0.337372176505628,152218.525257671,0.171103455137987,165623.646391374,0.706584503246915,29571.2915648385,0.349521190927363,98987.0900275274,0.244801390452576,9991.59896610094,0.25071440230825,26419.5332025712,0.826645680502466,8231.37751283095,1
598734,-1101,29,-2396,-1081,638,-464,-116,809,-145,2181,2009,1524,845,1472,1020,233,1504,310,70,1058,217,-181,948.5,161,77,966,38,125.15,1095.6,221.73,-131.38,973.59,163.72,78.17,1008.72,45.48,0,665.535774187482,202.428838965933,-335.782552488351,956.501863172793,417.116711257454,0,993.58417550285,0,564.279496349105,1176.16754758835,449.102315736626,439.585099838473,983.038610635411,306.010163229916,108.985824766343,1017.32311484602,90.8636340897721,305806.896464647,184879.535353535,154069.391010101,177751.874343434,18674.1635353535,67513.1127272727,5825.61727272727,17606.3450505051,6250.27232323232,552.99809806603,429.976203240988,392.516739783287,421.606302542353,136.653443188796,259.832855365277,76.3257313933334,132.688903268152,79.0586638087966,6.44876959879106,2.82553317262249,23.4891590644321,2.86298511958845,5.18964662871298,3.94945511080663,2.80396476291468,4.78816047841615,4.73769795430591,1.47163141593377,-0.16778605008516,-3.07641667724931,0.111901503184618,1.17795055157923,0.243006188313505,-0.227885338839476,1.31331606591796,0.650169427124282,70,1019,227,-45,953,-90,67,933,58,85.5444444444445,1100.6,250.011111111111,-129,963.711111111111,161.477777777778,79.7222222222222,998.2,43.3111111111111,0.71970029895822,0.71970029895822,0.71970029895822,0.71970029895822,0.71970029895822,0.71970029895822,0.71970029895822,0.71970029895822,0.71970029895822,3282,1980,3920,1926,834,1484,349,695,455,550.3341291721,471.724983167314,436.404046098508,618.205714285714,431.112857142857,485.301428571429,391900.642744773,191983.5032015,18193.996378787,815774.717142858,537103.795714286,452177.327142856,0.338479105656601,342161.873555934,0.0624121492458519,205663.358866891,0.291109495975722,137690.818124862,0.161633434109187,205790.509619346,0.502641671412077,21192.2884937881,0.418226297104129,78889.1285533304,0.202373660273134,6176.56232959063,0.277805674468563,20848.5975258595,0.577347227265458,6908.97960588059,1
600296,-1949,558,-2693,-972,657,-555,-184,771,-203,3474,2735,1277,527,1370,838,349,1628,281,141,1029,227,-181,967,151,106,1009,58,201.49,1060.14,145.87,-178.58,968.48,125.15,89.1,1018.47,52.07,169.696814021857,1027.81774078988,248.421372097748,-399.112391002559,958.875619465325,0,0,1007.00619517936,0,610.373090822327,1084.94299389415,505.429253209586,318.965264566535,973.319608350721,255.850679107952,146.417621890263,1024.72940330606,97.7542326449346,335310.191818182,53741.8993939393,236546.134444444,70553.5591919192,9492.47434343436,50300.047979798,13635.6666666667,12918.393030303,6913.74252525252,579.059748055571,231.822991512791,486.360087223905,265.619199592046,97.4293299958198,224.276721885705,116.771857340143,113.659108875193,83.1489177635676,15.109174226549,30.7135054501745,18.2106974757284,3.86147412106227,7.94838618986213,4.31172997230274,2.47797953537381,10.0937085182149,4.43573667484617,1.51538035176302,4.3752523967232,-3.33657320201769,-0.210265642231572,0.729629906577583,-0.014556240465058,-0.253836080127617,1.46801607297179,-0.390004459386252,121,1019,237,-136,944,151,165,1009,58,182.244444444444,1034.84444444444,203.555555555556,-174.511111111111,965.966666666667,124.455555555556,90.5888888888889,1013.67777777778,53.8555555555556,0.71970029895822,0.71970029895822,0.71970029895822,0.71970029895822,0.71970029895822,0.71970029895822,0.71970029895822,0.71970029895822,0.71970029895822,5423,2177,3970,1499,713,1393,533,857,484,531.174615449441,449.616812323776,443.015207979257,603.214285714286,392.164285714286,496.988571428571,401622.547577547,83254.9764602671,15605.8674635427,773620.86,477664.058571429,463313.297142858,0.814255981650014,360914.19254176,0.444068417951646,53815.575472414,0.77071439871188,265504.769396316,1.41573899575659,81577.1427049339,2.98378941971643,9367.60925814611,1.48329765463383,58548.4174290117,0.212707151085382,15362.081820928,0.940924484099003,15065.2300535361,1.30376310893465,7788.65147811207,1
601859,-1030,794,-752,-845,796,-232,-135,780,-135,626,1303,524,236,1101,434,330,1209,155,131,1029,158,-254,944,101,48,1023.5,29,109.23,1022.05,147.06,-253.26,947.64,123.65,54.79,1009.59,24.28,120.438454725215,1017.33092667529,221.664697624707,-507.845080384885,943.744641054595,0,0,999.12850990506,0,265.61820344246,1024.27612976189,218.649399724765,310.449480592254,949.607655824236,172.528577343001,111.096579605315,1014.60016262565,63.0799492707469,59213.9768686868,4601.40151515151,26445.3701010101,32563.8913131313,3770.83878787879,14623.0176767677,9434.85444444444,10243.9615151515,3423.7995959596,243.339221805049,67.8336311511592,162.620324993557,180.454679388292,61.4071558360977,120.925670048868,97.1331789063059,101.212457312089,58.5132429109821,11.5762396685399,8.03216809558272,17.7775424065807,4.20161036712226,2.76814472586985,3.41313933570336,2.69994410136848,2.24086481454981,3.02009104458087,-2.48340344568965,-0.402435305211263,-3.03333886959645,-0.194890186839798,0.284257116390581,0.00919099244625947,0.374262702207849,-0.280119659677247,-0.38141443088816,121,1000,217,-263,935,90,-38,1076,9,136.866666666667,1024.44444444444,161.966666666667,-251,946.3,123.688888888889,52.4444444444444,1010.93333333333,26.3222222222222,0.732901009176448,0.732901009176448,0.732901009176448,0.732901009176448,0.732901009176448,0.732901009176448,0.732901009176448,0.732901009176448,0.732901009176448,1656,509,1276,1081,305,666,465,429,290,460.96032932352,433.653149208364,436.101160411161,547.86,350.584285714286,466.568571428571,67351.5888338481,34808.1247436912,10636.3289701812,500358.077142857,440528.438571428,448172.151428571,1.02112776365809,63744.9585100333,2.21247390847879,4139.69469331785,1.87376853701741,26633.9137715687,2.48782328676442,38403.238385685,0,4051.16648014096,1.28870598830212,17095.9942264487,0.14702852493376,11209.5943739147,0.816174131267777,12109.0753362228,0,3798.22258836808,2
603421,-232,921,19,-472,824,-70,-38,809,-135,282,1098,237,-90,1064,373,262,1152,116,90,1029,158,-245,953,131,106,1009,9,92.54,1024.17,154.48,-249.64,953.06,130.42,105.81,1010.49,0.38,0,1023.69275382491,139.283924918121,-217.254994333156,950.483105165465,0,65.1418468061514,1006.36426491568,0,120.756697536824,1024.40533481625,158.082889649702,263.291701350422,954.328287330937,157.593971965935,119.667246980951,1012.47191072148,42.6949645742914,6079.32161616162,486.970808080809,1137.50464646465,7073.12161616162,2443.55191919192,7905.538989899,3156.05444444444,4049.82818181818,1841.12686868687,77.9700045925459,22.0674150747388,33.7269127917846,84.1018526321603,49.4322963172046,88.9130979659296,56.1787721870498,63.6382603613438,42.908354299447,5.74999282622301,7.44036292264367,4.97869743992052,2.62440568109625,2.85108300064196,3.25436287183536,2.8236155816235,3.34783200695114,3.96653628914013,-0.802323645138783,-0.499333758854747,-0.632163677624438,-0.147718798867608,-0.195407147735276,-0.144743281307474,0.222594073743317,-0.471556784189471,-0.574050289260879,50,1029,168,-245,935,121,97,1009,9,95.8555555555556,1024.28888888889,155.311111111111,-248.322222222222,953.544444444444,130.433333333333,105.433333333333,1012.34444444444,1.61111111111111,0.696799527469347,0.696799527469347,0.696799527469347,0.696799527469347,0.696799527469347,0.696799527469347,0.696799527469347,0.696799527469347,0.696799527469347,514,177,218,382,240,443,300,343,251,447.130728621854,429.414940993064,436.418669584648,544.795714285714,357.36,478.577142857143,6351.86651806449,10844.9652004403,4925.23028765473,466705.144285715,430671.797142857,446246.777142857,0.964603049849312,6311.28814882967,0,383.06687758224,0,1046.60504078521,0.379833137299092,8035.95665628844,0,2696.03220020892,0.665217621096902,9120.39615703474,0,3571.97215498989,0.545352375237141,4700.59421806124,0,1968.23785589745,2
604984,-505,852,-19,-572,750,-181,-135,742,-126,464,1156,396,290,1185,505,310,1428,97,121,1029,158,-240.5,962,136,97,1014,0,96.31,1024.18,156.18,-236.74,953.36,139.03,103,1010.59,-7.22,115.120733964179,1023.04388245794,153.753027606217,-149.071785151241,944.993881422946,0,0,999.560222838212,0,162.735030033487,1024.72766138131,167.361943105355,286.507556619367,957.469968197437,193.79305973125,138.673861992807,1016.12234007525,45.0812599646461,17380.8827272727,1133.44202020202,3654.37131313131,26303.7903030303,7932.77818181818,18410.5142424243,8708.52525252525,11325.7190909091,2000.19353535353,131.83657583263,33.6666306630471,60.4513962876898,162.184432986123,89.0661449812339,135.685350139299,93.3194794912898,106.42236179915,44.7235232886848,9.41503850880408,10.7661539167902,5.31170767179723,4.16378756004986,2.85854288816157,2.91021405183773,2.62375185621991,4.4103301324972,2.59732091134584,-1.82475503716001,-0.775497329356509,-0.0393146986152431,0.517023924689846,0.00394448813355204,0.0498848503169206,0.11263630281839,0.358826373425283,-0.0369403692461453,131,1009,178,-290,981,20,-9,1000,-48,107.244444444444,1024.86666666667,157.388888888889,-241.533333333333,953.144444444444,140,102.033333333333,1009.05555555556,-7.15555555555556,0.762191175739667,0.762191175739667,0.762191175739667,0.762191175739667,0.762191175739667,0.762191175739667,0.762191175739667,0.762191175739667,0.762191175739667,969,304,415,862,435,686,445,686,223,450.157815066664,435.745765470444,437.542949854681,547.144285714286,366.707142857143,474.158571428571,17436.0140593282,42314.5865723292,11526.1474335039,473382.638571429,444167.601428572,451614.587142857,1.10738197137261,19321.7338801385,0,1071.56099418335,0,3698.69233282678,0.782133060768034,30671.2838727201,0.2966486453677,9292.49324414928,0.37847355834924,21786.4483495911,0.206108236929039,10313.3449482663,0.732001670419711,13604.304385222,0,2244.37477756122,2
606546,-90,970,69,-481,842,-161,-77,876,-97,282,1068,227,-54,1083,373,271,1180,87,95.5,1029,153,-263,944,131,77,1019,9,93.43,1026.1,149.45,-251.87,950.16,123.74,75.7,1013.63,6.49,0,1025.82612428255,141.649030187803,-223.126648118447,948.502045872188,0,0,1011.30792905505,0,107.242668747099,1026.2361911373,152.579520250917,262.056539700882,951.001377496374,144.492145115228,91.9502039149452,1014.78731269168,35.2296749914046,2799.82333333333,282.333333333333,954.755050505048,5288.01323232323,1615.75191919192,5622.61858585859,2751.86868686869,2371.22535353535,1211.12111111111,52.91335685187,16.8027775481714,30.8991108368032,72.7187268337616,40.1964167456742,74.9841222250323,52.4582566129365,48.6952292687421,34.8011653700147,5.06700786428119,4.82923522380145,3.31186023095536,3.77578635118531,4.62155190094195,5.79489858442971,6.20245098175133,4.36530912151689,2.86190488023536,0.0427575992393076,-0.268579776166697,-0.43752215643636,0.0824701897490062,0.505419213975836,-0.616116025479701,0.77018385807001,0.102924847863035,-0.305810458030363,121,1019,168,-272,944,151,97,1009,-19,93.0555555555556,1026.22222222222,150.144444444444,-251.722222222222,949,126.488888888889,73.6666666666667,1013.41111111111,7.22222222222222,0.677640305783194,0.677640305783194,0.677640305783194,0.677640305783194,0.677640305783194,0.677640305783194,0.677640305783194,0.677640305783194,0.677640305783194,372,98,158,427,241,534,348,304,184,446.952734327161,427.134896491783,436.450585768281,543.848571428571,352.298571428571,469.637142857143,2821.18876954033,9163.71604424075,2859.81333644537,466260.951428572,425980.812857143,445495.397142857,0,2688.06652949902,0,220.339570430909,0,911.367014026584,0.664128425399191,6121.27671248525,0,1854.18819509687,0.956132956230143,6638.14863160103,0,3162.09815753315,0,2744.43963305889,0,1260.75203762128,2
608109,-70,980,108,-436,870,-60,19,942,-77,181,1058,217,-109,1037,272,203,1104,58,101,1019,158,-245,953,141,87,1009,9,96.55,1023.78,160.48,-249.38,951.06,136.46,92.19,1013.54,2.22,88.0920185609983,1023.52517532565,157.218265492166,-232.025976931666,949.593518339762,112.08501053324,78.4173824498492,1011.95589579759,0,103.285768622788,1023.90731025811,162.020060486348,257.003813201283,951.787875526895,146.071215508053,98.8530727898734,1014.33337714974,31.240678609787,1359.64393939394,263.324848484848,501.686464646465,3899.57131313132,1399.02666666667,2742.89737373737,1285.79181818182,1625.1195959596,980.860202020202,36.8733499887648,16.2272871572807,22.3983585257149,62.4465476478189,37.4035648924894,52.3726777407588,35.857939402339,40.3127721195107,31.3186877442239,6.97246694606176,2.64014430595238,2.58281027537093,3.19830010046819,2.87897463110766,4.69441064196219,3.94015320609761,2.23517182673482,2.86822245981436,-1.19283795378362,-0.0208245542047733,-0.1445677730661,-0.114300465943394,-0.103632599776108,-0.21284411581042,0.892762030638008,0.100029003263577,-0.627638583560645,101,1019,178,-272,944,141,77,1009,29,98.5555555555556,1023.84444444444,160.666666666667,-248.855555555556,951.433333333333,136.733333333333,90.1,1012.88888888889,3.74444444444444,0.652595941135158,0.652595941135158,0.652595941135158,0.652595941135158,0.652595941135158,0.652595941135158,0.652595941135158,0.652595941135158,0.652595941135158,251,78,109,327,167,332,184,162,135,446.418632750068,427.026027605606,436.609361025242,548.918571428571,359.202857142857,474.835714285714,1375.26419395245,5680.93709881912,2243.70458362816,465130.555714286,425694.822857143,445551.475714285,0,1380.93120862012,0,208.755217339759,0,446.133470272998,0.351713594375353,4529.70448743607,0,1600.71357405449,0,3194.7451926872,0,1397.76789133279,0,1844.51014652759,0,1031.06424357863,2
609671,-515,392,-2000,-1663,833,-454,-106,809,-203,2909,3107,792,781,1231,656,184,1361,184,121,1029,168,-236,957.5,141,92,1009,14,163.12,1023.26,156.04,-206.24,958.93,128.04,78.63,1012.63,6.63,130.587986393966,975.448490052625,187.813378664701,-329.1453786719,954.514699402734,0,107.475717038875,1004.7615032164,0,349.927735396896,1053.9958823449,341.595843066042,364.121682957772,961.28885877243,200.841330407862,100.970243141234,1016.69662633452,70.8120752414445,96809.3793939394,64491.2044444445,93271.957979798,90959.2549494949,4575.27787878788,24184.8468686869,4052.84151515151,8335.87181818181,5020.59909090909,311.142056613919,253.951185160543,305.404580810108,301.594520755094,67.6408004002605,155.514780225826,63.6619314437719,91.3009957129812,70.8561859748963,62.3920017628959,47.3321166135216,29.99998083556,8.97799079106928,5.91671154312429,6.14618284834227,3.67798439728684,4.92569673836833,3.82529448284019,6.88675021301507,5.15153469391077,-4.39046022814201,0.0275687561851187,1.21743938949634,-0.651275385490252,-0.910208570218631,0.68920586754928,-0.451610340580517,101,1019,168,-227,962,151,106,1000,-19,136.144444444444,1019.24444444444,182.188888888889,-216.633333333333,953.688888888889,134.988888888889,82.7333333333333,1009.42222222222,8.98888888888889,0.68007704572828,0.68007704572828,0.68007704572828,0.68007704572828,0.68007704572828,0.68007704572828,0.68007704572828,0.68007704572828,0.68007704572828,3424,2715,2792,2444,398,1110,290,552,387,471.609610922582,445.514790862278,437.240302871965,575.322857142857,377.455714285714,470.524285714286,189338.593631607,100535.937674543,9569.77758134172,578590.482857143,470142.047142857,449520.587142857,4.34974367389344,75875.0908798881,3.23813348659354,50941.9894649969,0.776129255007712,93528.5468026213,1.46042217921164,100921.857421178,0.844748405297496,4535.37980233157,1.14620906783666,26553.020248038,0.397169062458732,4691.07509566217,0.99686938130679,9404.76171704959,0.789148248607381,5207.16443776689,2
611234,-747,450,-1029,-1036,842,-90,-67,847,-145,464,1460,574,645,1388,393,262,1304,97,181,1019,158,-200,962,161,97,1000,-29,183.84,1012.42,155.94,-191.82,962.61,159.3,103.84,1007.66,-30.64,232.730429063174,997.697476043744,154.739115715351,-223.692704161932,959.00143897975,0,99.1200137868928,1003.2868651145,0,214.286070475894,1017.79156019295,222.849770024562,297.437959917694,964.696009113752,181.380759729361,116.220910338889,1009.95879123853,50.903045095554,12243.8125252525,11015.5591919192,25600.7438383838,52196.3915151515,4060.98777777778,7598.47474747475,2752.07515151515,4684.93373737374,1669.0004040404,110.651762413676,104.955034142814,160.002324478064,228.465296084879,63.7258799686421,87.1692305086763,52.4602244706897,68.4465757899819,40.8534013766345,52.005056924783,14.270460219343,33.5270510091423,7.85389059626527,21.4664212741683,3.47742551285275,5.2529094765531,6.06812981723027,4.43363814393073,-5.7256201513602,-1.23179735455767,-4.10171841699067,0.0322050928144061,3.02063660858388,-0.125868674910133,0.180082683035895,1.02779077300422,0.356499737961625,171,1019,158,-245,962,111,97,1019,-38,187.688888888889,1017.13333333333,164.044444444444,-192.433333333333,958.611111111111,159.966666666667,103.088888888889,1004.44444444444,-31.3444444444444,0.743601226993446,0.743601226993446,0.743601226993446,0.743601226993446,0.743601226993446,0.743601226993446,0.743601226993446,0.743601226993446,0.743601226993446,1211,1010,1603,1681,546,483,329,457,242,453.309042328563,437.513984285039,435.259434099057,579.514285714286,398.61,463.225714285714,28892.0259458424,52841.1476364483,4730.02992867599,484920.085714285,450860.018571428,444049.362857143,5.12491149864395,9898.16731304929,1.59375008084115,12589.7564646036,2.53877458924625,30004.9846399891,2.14016878533308,61545.9384770038,0.916718322633989,4313.23826446114,0.172266607068371,8622.64045311243,0,3119.50006527287,0.559873271019401,5481.2197380867,0,1793.68038275796,2
612796,-1303,117,-851,-909,824,-353,-145,809,-223,2000,1843,643,700,1305,464,252,1323,242,202,1019,158,-209,953,151,106,990,-19,201.83,1002.16,152.51,-164.79,966.6,158.74,98.25,1011.61,-21.24,0,905.642202950962,142.707033686336,0,962.337670430781,160.410455558258,0,1004.18727813396,0,342.722642963665,1019.49511033648,224.800200177847,293.229756334517,968.961990998615,203.546849644007,128.317146165273,1015.52785781583,65.6786114347738,77498.4455555555,35399.6105050505,27551.3433333333,59422.1675757576,4617.95959595959,16396.9014141414,6881.03787878788,8022.26050505051,3901.55797979798,278.385426262862,188.14784214827,165.985973302967,243.766625229455,67.9555707500098,128.05038623191,82.952021547325,89.5670726609422,62.4624525599018,27.3464364399535,12.5207424064173,24.6993728655239,6.42966527015806,9.33831369864645,5.5981275330018,3.36612818255418,4.9030481717188,6.75504250766639,1.05421177308289,-0.950431710986339,-3.38973821533522,0.897835046663721,1.8708764481295,-0.783328237819044,-0.605550135882536,0.911638699954147,0.20294358186026,222,1009,118,-218,925,131,97,971,-9,200.355555555556,1011.06666666667,161.455555555556,-176.011111111111,960.877777777778,164.5,101.711111111111,1007.55555555556,-21.1222222222222,0.737213515690948,0.737213515690948,0.737213515690948,0.737213515690948,0.737213515690948,0.737213515690948,0.737213515690948,0.737213515690948,0.737213515690948,3303,1726,1494,1609,481,817,397,514,465,459.938594963843,440.690276681154,438.03699717181,581.357142857143,411.664285714286,466.551428571429,84979.8155513079,64751.9193579564,10729.4663008951,517441.808571428,456986.721428572,450889.628571429,31.3854324028787,67945.7166842629,1.22731774970085,38006.1110289374,3.59958891702573,32513.2039569551,1.43875262333139,64045.9743849051,1.53799658097729,5209.3439278195,0.473583138527701,18832.0097816163,0.44734944578816,8060.02535885991,1.47219487486398,9458.75645314489,0,3979.84234152728,2
614359,-60,607,59,-981,833,-90,-87,857,-135,505,1558,247,472,1175,414,223,1209,58,202,1009,158,-190,962,161,87,1009,-19,217.42,1003.43,153.72,-177.46,963.05,152.47,83.17,1012.86,-20.82,191.754746891303,983.694149851863,145.273596371114,-179.664814197985,960.632603615964,137.450383191952,0,1008.91405139315,0,233.240948377424,1012.61061124205,157.185877228204,279.165506465251,964.310183499065,170.321137854349,104.126029406676,1014.89643806647,36.2896679510849,7201.90262626263,18695.4394949495,1088.44606060606,46910.4327272727,2453.36111111111,5820.39303030303,3964.62737373738,4171.11151515152,892.391515151515,84.8640243345944,136.731267437077,32.991605911293,216.588163866987,49.5314153957982,76.2915003804685,62.9652870535613,64.5841429079268,29.8729227755088,6.06580350959331,7.46896111522352,4.22708907428874,6.13164335624802,7.9142672290653,4.67432597793363,3.63402649393783,4.25624075825112,4.73017619606197,0.721490864849134,0.317228137116509,-0.00919607740695391,0.19100205219176,1.12522673372225,-0.441406166918721,-0.354634858904412,0.695629338721852,-0.407417161461739,202,1009,158,-281,962,191,77,1009,-29,214.9,1002.12222222222,153.666666666667,-180.411111111111,960.755555555556,154.488888888889,84.5222222222222,1009.8,-20.1111111111111,0.730728417399595,0.730728417399595,0.730728417399595,0.730728417399595,0.730728417399595,0.730728417399595,0.730728417399595,0.730728417399595,0.730728417399595,565,951,188,1453,342,504,310,352,193,447.8553626128,434.739919000743,436.615734752581,589.101428571429,402.025714285714,460.804285714286,24825.1600607625,50343.1529273159,4231.41072829552,473352.424285714,444358.628571428,446645.978571429,1.14224212822078,7375.87982697272,1.04957563554034,20121.7634207376,0,1047.88993314344,1.00682108969409,56140.4478507497,0,2522.00252595883,0.840928396043979,6833.98183750345,0.865560085102259,4615.19927211999,0.965179793689544,4882.37550810647,0,915.506905853286,2
615921,-1121,-401,-1247,-781,750,-262,-97,771,-106,1626,2343,376,490,1175,464,203,1285,126,181,1019,168,-209,953,161,87,1014,9,173.99,1014.86,155.49,-187.12,965.1,151.59,71.96,1017.37,13.85,153.532800928633,1044.0883885702,175.742512702133,0,961.027506204193,0,0,1010.38420830467,0,299.476560017641,1041.25561703167,231.168574853936,242.349499690014,967.128884895907,193.020232100161,95.9438377385437,1020.84879879441,46.1385955572989,60013.8281818182,54820.6468686869,29557.3433333333,23958.9753535354,3959.86868686869,14421.4968686869,4067.65494949495,7162.17484848485,1956.51262626263,244.977199310095,234.138093587282,171.922492226391,154.786870740174,62.9274875302414,120.08953688264,63.7781698506233,84.6296333944845,44.2324838355549,25.6491563898935,26.9875040172124,48.8522582686884,7.86202725227798,4.8227360204937,4.08359399890652,3.11434382980265,3.89518572017884,2.79797766250367,1.49455886703835,0.162243478314017,-6.28844565892702,0.104502606848055,0.212452170832034,-0.509762544120951,-0.74276694805433,0.208802692537269,0.189050713951344,181,1009,148,-327,953,181,126,990,-9,167.044444444444,1012.18888888889,174.1,-186.177777777778,964.155555555556,154.722222222222,74.6666666666667,1016.17777777778,13.6444444444444,0.710676853856123,0.710676853856123,0.710676853856123,0.710676853856123,0.710676853856123,0.710676853856123,0.710676853856123,0.710676853856123,0.710676853856123,2747,2744,1623,1271,425,726,300,514,232,461.632377915404,434.134093781071,438.44479816668,576.145714285714,398.387142857143,472.791428571429,122323.279127999,29486.9148405101,7813.37354767737,526002.162857143,441997.872857143,451485.540000001,5.96997964892442,57300.349377099,4.24435497847674,39560.8674928171,1.05645350851693,30944.387095028,0.915707233047399,23092.0801946204,0.604020824478089,4131.11885492006,0.641844654340836,16303.7017598459,0.107014363799053,4602.52002427147,0.491009831830052,8506.16867685222,0,1901.31810915454,2
617484,-323,931,39,-518,805,-70,-97,847,-97,454,1147,306,9,1083,757,184,1161,87,111,1019,202.5,-227,953,151,58,1009,19,107.83,1016.82,195.93,-235.08,950.26,152.9,52.62,1011.66,11.08,0,1015.83328681938,173.890511982887,-212.238692395485,947.224168254064,128.032330998455,0,1008.80103414286,0,157.349324752285,1017.32240710603,202.169557550092,253.289360218703,951.75045048584,187.375985654512,83.2120183627341,1013.07717376318,38.4673887858274,13264.1425252525,1032.29050505051,2509.05565656566,8982.72080808081,2863.48727272727,11849.8484848485,4197.34909090909,2898.38828282828,1370.6804040404,115.17005915277,32.1292780038784,50.090474708927,94.7772167141492,53.511562047162,108.857009351022,64.7869515482021,53.8366815733314,37.0227011985944,6.95643369419691,6.7116823279191,4.28458050857314,3.57088038421587,3.07155311316463,11.4887718983771,2.45503472357509,3.78790190909059,2.7339211644534,-0.769483008982977,0.749441037500315,-0.510700386606738,-0.164914987654764,-0.193961221466009,1.97284770949937,-0.38148621415695,0.00361935036086253,-0.451634882923116,101,1019,188,-209,935,151,77,1000,0,112.411111111111,1015.78888888889,197.066666666667,-234.866666666667,950.855555555556,145.433333333333,54.2555555555556,1011.33333333333,12.1111111111111,0.71521112401665,0.71521112401665,0.71521112401665,0.71521112401665,0.71521112401665,0.71521112401665,0.71521112401665,0.71521112401665,0.71521112401665,777,216,267,527,278,827,281,314,184,449.349548724882,429.274725369241,435.322371284824,565.962857142857,372.034285714286,460.868571428571,14536.157894273,17398.6413573827,4988.7883032363,471675.522857142,430754.648571429,443455.431428571,0.589709447343895,12027.4774841909,0,915.059733024347,0,2258.36918715087,0.664154386163355,10334.7426583483,0,3186.46848890587,1.30390459038751,13178.3100572883,0.153443080380005,4992.79121745038,0,3399.73195840071,0,1382.386282904,2
619046,-40,990,99,-363,870,-60,-58,923,-67,222,1058,306,-100,1009,464,184,1114,38,101,1019,188,-245,953,151,77,1019,-9,95.29,1023.05,187.02,-242.93,950.55,147.5,74.87,1014.93,-12.97,97.3814838571892,1022.84147454233,182.276817850748,-231.661374116794,949.797436394272,187.25958718513,0,1014.20999704435,0,102.573924561752,1023.15414772164,189.341331990667,247.865427197905,950.922084084706,165.278189728712,84.4743156231526,1015.2838174619,24.2703522842171,1455.78373737374,215.260101010101,882.484444444445,2446.75262626262,714.654040404041,5616.79797979798,1545.85161616162,725.580909090908,425.079898989899,38.1547341410439,14.6717449885861,29.7066397366724,49.4646603775122,26.7330140538631,74.9452999179934,39.3173195444656,26.9366090867226,20.6174658721652,6.35468559975369,3.21178381439514,6.21681043467743,3.62912042739433,3.9920730717701,7.93745379754543,5.70925847178136,6.40844287710841,3.20549094821613,-0.652437622255991,-0.0422169165842955,0.633629266879652,-0.0573994898198229,-0.309998583902223,0.828072128943213,-0.252470354987338,-0.509173722380482,0.199609363874206,101,1029,188,-236,944,151,77,1019,-9,96.7,1023.14444444444,186.3,-242.8,951.077777777778,145.833333333333,75.2222222222222,1016,-13.3333333333333,0.751968636868419,0.751968636868419,0.751968636868419,0.751968636868419,0.751968636868419,0.751968636868419,0.751968636868419,0.751968636868419,0.751968636868419,262,68,207,263,139,524,242,191,105,448.058620896081,426.995890209396,436.588329071251,559.44,366.48,461.498571428571,1826.15563309666,6300.23712721884,1720.761483198,468521.125714286,425574.411428571,445082.652857143,0,1522.86763413336,0,179.929091914981,0,941.78365284094,0,2800.93483824423,0,793.906389590354,0.4508669227371,6657.20717647555,0,1803.85856538996,0,802.990833008165,0,337.722080581106,2
620609,-979,754,-1455,-727,842,-323,-58,857,-174,474,1568,792,263,1287,373,262,1247,300,141,1024,198,-245,944,151,77,1009,-29,140.82,1017.92,181.78,-214.2,956.25,146.79,81.83,1005.51,-23.44,0,1011.42909302514,213.142965450091,0,951.658840844659,0,0,999.943853790256,0,203.581040374589,1021.36085689633,284.975262084273,260.671057081526,958.764773028296,172.863790309018,104.915728086879,1008.40372371387,65.1573480123309,21833.3006060606,7087.75111111111,48653.4662626262,22290.6666666667,4864.47222222222,8418.77363636364,4354.70818181818,5886.57565656566,3733.3802020202,147.760957651406,84.1887825729242,220.57530746352,149.30059164875,69.7457684897243,91.7538753206841,65.9902127729422,76.7240226823754,61.1013927993479,34.556815426082,21.3634850880718,33.6349735742231,4.77633980158376,7.4908834269197,11.7550719174958,3.07299724159492,3.81310630997401,9.86261253972554,-4.0956500849143,1.91968405732302,-4.11642556498274,0.352279447879367,1.58944278753648,-2.16736314000443,0.45447393880587,0.709971516924497,1.36749376380686,151,1019,198,-272,953,202,29,1019,-29,145.711111111111,1018.87777777778,194.611111111111,-216.655555555556,950.933333333333,154.144444444444,79.9222222222222,1001.61111111111,-25.5111111111111,0.735062694124958,0.735062694124958,0.735062694124958,0.735062694124958,0.735062694124958,0.735062694124958,0.735062694124958,0.735062694124958,0.735062694124958,1453,814,2247,990,445,696,320,390,474,458.859258364568,431.236934011702,434.233703072959,574.508571428571,380.931428571429,455.957142857143,67067.3725971359,23313.0281311846,7143.96038018188,499643.202857143,435883.362857143,442341.797142857,3.03320351955337,21541.2565201518,3.73717301683769,6718.99507963694,1.66275289244418,55069.4866248959,2.16484148184558,25037.0508513361,1.10905206832214,4593.63586859404,1.19631790290822,8736.43348260255,0.30734658549026,5013.81878594623,0.816182802590147,6905.55081192641,0,3930.05173043579,2
622171,-595,196,-584,-1281,759,-30,-145,761,-126,797,2068,653,809,1546,656,271,1409,126,151,1044,198,-231.5,953,212,38.5,1009,19,121.87,1063.06,188.39,-212.3,978.07,221.47,44.79,1027.96,4.07,270.148643486526,903.652200587098,0,-180.574840152123,962.757930123856,229.01966490552,0,1016.46582945806,0,307.048090695904,1115.66847226226,243.027056106928,434.267912699062,986.708756422076,260.941238595972,105.240058912944,1033.88672493654,61.8699442378931,80228.5182828283,115777.34989899,23809.4524242424,144967,17144.692020202,19233.7061616162,9160.93525252525,12343.4327272727,3849.82333333333,283.246391473622,340.260708720519,154.303118647169,380.74532170468,130.93774100771,138.6856379068,95.7127747613935,111.101002368443,62.0469445930526,3.56005822305144,5.66639324424683,9.87824857217097,4.27854209556287,6.05499981110304,4.00977193102455,2.14697613593674,3.80087964055049,2.16879982353471,-0.179624572013895,0.701541231595698,-1.09498387153098,-0.06358003554721,1.35633548128493,0.808818205869188,0.335566454021312,0.575487627972176,-0.234735476983149,151,1009,198,-454,916,232,-48,1009,29,123.2,1053.24444444444,190.844444444444,-210.044444444444,968.277777777778,213.888888888889,42.1,1025.08888888889,4.42222222222222,0.768200289650149,0.768200289650149,0.768200289650149,0.768200289650149,0.768200289650149,0.768200289650149,0.768200289650149,0.768200289650149,0.768200289650149,1392,1872,1237,2090,787,686,416,648,252,489.675789319202,466.680845464072,443.592132488732,588.565714285714,423.102857142857,461.494285714286,125268.62991998,150519.115013054,13180.9194168142,599167.208571429,527259.908571429,464496.48,0.669751573321102,84894.4931861159,0.0832865769908585,135977.586886511,1.69342657286857,25958.3741507586,0.46917746819521,171782.241593866,0.369892891032807,17548.9852450819,0.296294379950487,21698.0885014498,0.55156029300267,10807.8754526223,0.755498745511846,14573.5090837286,0.283706544030008,4437.16076400103,2
623734,-1404,-29,-2019,-1936,398,-585,-174,819,-213,2050,2470,722,818,1657,969,446,1790,349,126,1068,227,-176.5,944,176,38,971,58,273.35,1124.88,170.33,-123.12,955.58,155.78,50.98,1022.32,53.35,0,1008.96463356997,255.180415291688,768.056440457685,913.84928799024,456.873348222402,0,996.843160495474,98.3619638996521,681.943875989806,1225.0524886714,411.7416544388,486.410896259531,975.026779119425,309.553517182409,120.609369453621,1038.81391018796,99.2569896783093,394269.926767677,237776.349090909,141938.263737374,223673.763232323,37923.3167676768,72278.7591919192,12068.343030303,34339.5531313131,7076.49242424242,627.909170794373,487.623162996703,376.746949207785,472.941606577729,194.739099226829,268.847092585952,109.85601044232,185.309344425242,84.1218902797745,4.37247135017771,3.19661933624458,18.7058364117728,5.67774054852343,4.61416180740203,3.50150619301572,3.9797898473107,7.45960385833258,5.45451109370414,0.827365496463145,0.0308845344191737,-3.52351695055694,-0.962295754171823,0.453096510726935,0.154068971495639,0.832421691972876,2.03110579257789,-0.329798406784728,131,1068,237,-309,953,191,0,876,38,255.011111111111,1126.05555555556,217.088888888889,-99.0222222222222,951.322222222222,152.877777777778,46.0888888888889,999.022222222222,55.5,0.735062694124958,0.735062694124958,0.735062694124958,0.735062694124958,0.735062694124958,0.735062694124958,0.735062694124958,0.735062694124958,0.735062694124958,3454,2499,2741,2754,1259,1554,620,971,562,574.140242967124,468.247656587643,442.672232703697,672.24,423.531428571429,482.85,473342.12585473,241572.526851883,40003.7545593597,915142.388571429,549898.354285714,472942.675714286,0.306451530150009,414137.427029153,0.26056955139174,275597.121064636,0.610943132092069,113475.794607303,0.756926082842189,252984.43706676,0.933285038281778,39723.8514846709,0.490272249394882,77258.7355763832,0.700560804509672,14220.8942545733,0.839203881185264,40142.80909935,1.15571353397711,7594.88614091457,1
625296,-1333,-117,-1564,-1072,629,-434,-174,838,-194,1939,2117,801,927,1472,878,310,1552,300,75,1083,207,-290,935,181,67,971,48,113.62,1170.51,196.24,-246.7,970.32,207.05,61.35,1004.3,46.38,0,1055.52428156723,250.439041946538,-454.741242852917,950.39979500807,0,0,987.524048930367,0,486.897484076474,1240.07137294593,357.429769325388,467.191523895715,981.025850831669,312.198606659287,99.8280020835837,1014.28226840461,87.818904570713,226423.894545454,169377.121111111,90147.3761616161,158997,21101.835959596,55149.7651515152,6264.45202020202,20353.5656565656,5617.22787878788,475.84019853881,411.554517787268,300.245526463953,398.744278955824,145.264709959425,234.839871298541,79.1482913283794,142.665923249267,74.9481679481752,7.82086215549995,3.73784631287424,20.8020705596361,3.59378438982026,4.428324845796,3.34310686029709,4.27859531046895,5.27875390101358,4.71678417116375,1.23293565699824,-0.0844159892663948,-3.67933049924187,0.467514632089163,0.907880760842394,0.0851755997812025,0.28702088188771,1.59889237198045,-0.296862411889094,50,1019,178,-354,907,141,77,1009,29,87.6333333333333,1180.36666666667,232.466666666667,-258.544444444444,962.233333333333,206.377777777778,59.5333333333333,991.177777777778,48.4333333333333,0.717461324411975,0.717461324411975,0.717461324411975,0.717461324411975,0.717461324411975,0.717461324411975,0.717461324411975,0.717461324411975,0.717461324411975,3272,2234,2365,1999,843,1312,484,714,494,559.127064091022,475.047888980663,433.925275395534,634.444285714286,398.858571428571,476.584285714286,308136.874425621,172198.505346215,21753.8297414201,815400.947142857,547777.547142857,448476.99,0.29085639708665,237539.107617025,0.0833439788224575,199751.472906933,0.426465723142608,87958.3549738802,0.104637477346996,173954.477438003,0.389304276601711,23950.2881636206,0.227253779775444,60070.0053129427,0.449808978821321,7273.52401116957,0.479833844572561,23430.1181315225,0.617185612569793,6452.29210164483,1
626859,-2686,-166,-1465,-1090,546,-424,-174,838,-252,2939,2333,782,936,1500,878,330,1542,368,80,1063,222,-154,925,171,67,971,67,242.89,1108.67,222.09,-76.72,964.97,157.37,63.19,1016.35,68.32,0,1067.40850333934,944.972057151746,-313.684470888572,939.005813261549,412.079239465117,0,997.056420213285,0,795.600546756977,1208.98365993921,440.422603870419,433.559130915265,978.963599936177,324.297132272242,106.772889817594,1027.59658913408,102.614034127891,579782.502929293,234840.728383838,146109.193838384,183926.82989899,27477.4031313131,81215.4677777778,7482.29686868687,23219.6237373737,5921.2298989899,761.43450337458,484.603681768761,382.242323452524,428.866913970978,165.763093393292,284.983276312449,86.5002709168409,152.379866574865,76.9495282570979,6.40792165611485,2.98990852584082,10.1759009593734,2.92511539904519,4.94475359295783,2.66934710512855,3.63148037025521,4.19322497330719,7.54230923246922,0.486196137760871,-0.145983222331186,-2.28499107921969,0.167394473521488,1.00825621068299,0.265528962134674,-0.0364797771270728,1.336535382275,0.134559650450104,50,1088,207,-318,925,212,9,895,38,226.211111111111,1113.7,266.788888888889,-77.3666666666667,954.766666666667,150.4,63.0888888888889,1002.66666666667,67.3888888888889,0.708392686703044,0.708392686703044,0.708392686703044,0.708392686703044,0.708392686703044,0.708392686703044,0.708392686703044,0.708392686703044,0.708392686703044,5625,2499,2247,2026,954,1302,504,704,620,591.001074597645,469.457989840917,439.96288334004,674.421428571429,448.122857142857,491.94,715925.881800599,186898.989695658,24318.7666417536,980825.91,536362.234285714,461950.645714285,0.551088315929578,570177.146773508,0.118198919752033,265081.643387343,0.285915841560345,140262.55180576,0.0917102363019419,205153.008156942,0.60445663536523,27109.595511708,0.303403252131583,90152.6587076017,0.319875760472649,8386.57511983409,0.292164659016403,27091.8503102607,1.14064682350747,5809.60267728293,1
628421,-2242,-78,-1603,-818,675,-484,-97,838,-145,2595,1882,1346,809,1407,838,213,1504,310,106,1058,188,-231.5,953,186,106,966,58,194.48,1120.92,202.22,-164.12,976.97,173.81,93.87,1007.65,51.34,0,1161.0900013635,0,-805.823956813826,960.677941047132,0,0,991.763089372447,0,630.437943020564,1172.87391479221,353.003512730398,380.572200771417,986.271620802302,274.690753393703,113.944855083501,1016.98777278785,86.5563400335296,363262.151111111,120375.326868687,84564.1935353535,119090.732929293,18445.786969697,45702.115050505,4213.99303030303,19096.5732323232,4905.25696969697,602.712328653655,346.951476245147,290.799232350007,345.095251965733,135.815267807772,213.780530101562,64.9152757854654,138.190351444387,70.0375397176184,11.1215893661096,4.10855275735065,19.4637998495778,3.52033995475767,5.16233852825368,4.14315399377601,2.93877854530761,4.86363270705436,5.19571226840184,1.54288044313385,-0.331659622513757,-2.08985669044798,0.85252029816002,1.37459079955828,0.0158222870014954,-0.556398943178234,1.51519719240398,-0.0385678915988493,121,1019,178,-181,879,191,165,952,38,138.322222222222,1132.97777777778,217.655555555556,-180.555555555556,965.522222222222,171.922222222222,96.4222222222222,994.366666666667,51.9777777777778,0.644836841689628,0.644836841689628,0.644836841689628,0.644836841689628,0.644836841689628,0.644836841689628,0.644836841689628,0.644836841689628,0.644836841689628,4837,1960,2949,1627,732,1322,310,666,455,549.244140602398,462.156401123188,436.19039937228,650.408571428571,422.854285714286,494.082857142857,413360.106042847,127915.056967656,19690.3845570592,813298.585714286,511295.108571428,452031.240000001,0.726895487602236,396501.165329711,0.12517577831424,138861.367627522,0.461637298098521,73699.6180310756,0.26193746763,129441.034334716,0.508860084026403,21403.716638605,0.543214563981968,52024.1020217218,0.244111933536321,4371.59479165229,0.243322939974912,22111.6292827622,0.595381091702663,5267.9454512724,1
629984,-1868,-147,-2405,-2300,546,-282,-135,800,-194,1929,2911,1495,1354,1481,878,330,1780,339,141,1009,277,-118,953,196.5,97,1000,58,174.02,1071.16,148.36,-90.79,973.02,184.51,78.43,1015.52,45.57,0,960.853854733776,182.485598515327,0,948.864618053522,709.034010433691,0,1001.5468542079,0,579.289426798038,1160.96328107309,594.245925522422,441.564298828608,984.65540165075,300.73554828121,126.439115783052,1024.27761861714,94.7098199766001,308377.05010101,202476.762020202,334462.151919192,188622.43020202,23008.4238383838,56967.605959596,9934.93444444444,18044.2117171717,6962.95464646465,555.317071681585,449.974179281658,578.327028522091,434.306838769573,151.68527891125,238.678876232473,99.6741413027694,134.32874494006,83.444320636366,7.23933999565238,7.4616955655027,12.1304989606267,9.77013689367083,4.31388874529953,3.5581141372123,2.42692504716126,14.0934463389336,4.5588612284359,0.00191933147448841,1.17347964270271,-2.86619752296419,-1.07196646301218,0.321048756940715,0.459909895102271,0.0187480282463064,2.61363405168112,-0.211204548034481,141,990,257,-209,953,171,97,1000,58,172.011111111111,1053.08888888889,230.5,-78.9888888888889,971.011111111111,174.944444444444,77.1111111111111,1002.47777777778,46.9777777777778,0.710676853856123,0.710676853856123,0.710676853856123,0.710676853856123,0.710676853856123,0.710676853856123,0.710676853856123,0.710676853856123,0.710676853856123,3797,3058,3900,3654,935,1160,465,980,533,550.573201254843,466.291537094394,440.370136512939,597.231428571429,457.174285714286,488.365714285714,483053.544835967,203895.215928571,19492.0912657061,872802.942857143,537843.068571428,460329.188571429,0.959301028382309,314009.055158547,0.314542108797616,232869.347774747,0.555095999322918,355554.205821207,0.948186755121188,214978.776551405,1.43391008213243,22819.9561251903,0.348941017088121,66273.9130985839,0.407162761930493,10494.6922984283,1.96694603256906,20974.5200577491,1.02240018643077,7546.30408170139,1
631546,-878,-588,-2079,-1445,740,-424,-233,780,-165,3505,4235,980,1254,1212,939,233,1390,213,171,1009,212,-163,962,171,29,1009,72,200.32,1047.5,177.12,-138.78,965.64,172.82,33.5,1018.84,59.88,0,1016.82104126148,0,0,959.012726738993,250.055261039356,0,1010.04783020847,0,572.680434448393,1164.13206295506,443.918438454633,331.804068691148,969.009514917165,249.078863013303,105.374095488407,1023.50034684899,89.8507651609044,290742.19959596,260552.737373737,167365.743030303,91751.5672727273,6584.67717171717,32498.5127272727,10082.2727272727,9614.15595959596,4532.87434343434,539.205155387038,510.443667189375,409.103584719449,302.905211696212,81.1460237578969,180.273438773638,100.410520998911,98.0518024291036,67.326624328228,29.4977452286295,32.293680749093,20.866534133869,10.2734468477447,4.61804385464625,7.56853375336949,2.74782063626604,5.42948167478541,3.08709933089014,4.34378321937115,4.65395384105766,-3.69568054880078,0.474467527249987,0.510048429216514,0.84978987113626,-0.176172853564012,0.972913149662811,-0.530351657595851,191,1009,198,-163,944,121,-38,1000,97,167.577777777778,995.844444444444,223.633333333333,-146.311111111111,963.311111111111,165.777777777778,35.2777777777778,1013.88888888889,62.1222222222222,0.717461324411975,0.717461324411975,0.717461324411975,0.717461324411975,0.717461324411975,0.717461324411975,0.717461324411975,0.717461324411975,0.717461324411975,4383,4823,3059,2699,472,1363,466,610,378,506.877575573317,446.699094224684,440.714582831751,610.688571428571,428.434285714286,476.665714285714,606512.487533406,108005.101191606,13355.8586657129,805812.822857143,476191.568571429,457169.922857143,1.90238042451049,327157.286143351,1.90240938444387,271602.695861437,0.402580646061861,179364.796285284,1.98137693672399,98940.4679901633,0.87825015831461,6620.41855127848,1.20456976247145,36946.4213259763,0.176835287891255,11770.1647908589,0.944482951523379,11046.554697913,0.452087338834903,4725.39686908339,1
633109,-878,156,-376,-836,740,-838,-233,742,-203,2898,1852,1039,990,1277,646,466,1314,194,146,1093,128,-281,953,141,121,1009,19,231.91,1002.48,96.82,-126.08,979.66,120.91,124.54,1009.8,13.43,0,801.719149739124,0,-1226.91884728619,963.929405167586,0,0,991.500376905151,0,466.461005872945,1053.95839576332,202.575171232804,472.260330749895,987.846799863218,328.660326172783,201.79643207946,1018.85995112184,82.3238118650977,165458.203939394,106931.464242424,31982.4117171717,209225.912727273,16270.2872727273,94341.7998989899,25466.2509090909,18565.2121212121,6663.4798989899,406.765539272188,327.003767933069,178.836270698009,457.412191275301,127.555036249955,307.151102714918,159.581486736685,136.254218728126,81.6301408732699,22.12277935137,3.30256702363114,9.96509981296558,2.90161202483957,2.33934719790396,2.77133358370248,2.54608152133087,2.13214308902967,2.82741059388424,3.13128416258898,-0.748309346327754,0.814384512458555,0.878658673056778,0.488065347512851,-0.490253069300827,0.0443421763720714,0.109822558080448,-0.223065110452967,141,1137,168,-490,879,80,155,866,-9,201.344444444444,1013.83333333333,97.9,-147.744444444444,975.288888888889,131.322222222222,125.122222222222,1008.4,14.1333333333333,0.758133450749372,0.758133450749372,0.758133450749372,0.758133450749372,0.758133450749372,0.758133450749372,0.758133450749372,0.758133450749372,0.758133450749372,3776,1696,1415,1826,537,1484,699,572,397,483.110137422272,485.004561091101,442.706274448901,570.518571428571,417.638571428571,491.901428571429,171194.621897208,274573.299747327,29992.0954684941,586907.515714285,560095.17,465246.261428572,1.32606333365826,187514.402955799,0.651311792013152,123318.836956954,1.286998961842,34572.7808990739,0.47349042014869,248301.290510984,0.756705633546155,18789.7934548887,0.175037379503995,112022.859146859,0.462938114218644,29732.4971840813,0.401551700252222,22194.9184967821,2.41274108215316,7547.27985295899,2
634671,-1131,-598,-613,-1018,685,-646,-135,714,-165,3757,2333,1198,1254,1583,686,407,1276,106,212,1102.5,59,-290,972,126,179,990,-4.5,320.44,965.56,44.97,-77.97,982.91,128.09,165.84,999.62,-13.47,34738.5526116864,748.761631136362,0,-881.287648714493,962.103899750919,0,276.874223647647,985.573028610558,0,793.815394156601,1123.88896248695,326.694214824811,584.739112767395,993.976332716227,351.441759044084,212.180300687882,1006.56767283675,60.2990049669147,532788.976161616,334161.905454545,105764.453636364,339232.837474747,22097.8605050505,108186.123131313,17694.5195959596,14079.1268686869,3489.42333333333,729.923952313949,578.067388333355,325.214473288573,582.436981548002,148.653491398791,328.916589930203,133.020748742291,118.655496580171,59.0713410490513,9.87003537394994,3.06597849912167,4.41821845128996,2.55135824978177,5.00486895357056,2.19237968309173,2.28796692143201,2.49500905025318,2.9829312777819,2.27465465616877,-0.747620881398468,0.60570408492424,0.791462622251897,0.878453798147657,-0.281627604784047,-0.16987752570855,0.119564206309558,-0.668227520735287,171,1303,-168,-618,916,272,233,980,19,248.644444444444,986.911111111111,31.0444444444444,-101.577777777778,976.111111111111,135.922222222222,166.888888888889,998.555555555556,-11.2888888888889,0.843054496333918,0.843054496333918,0.843054496333918,0.843054496333918,0.843054496333918,0.843054496333918,0.843054496333918,0.843054496333918,0.843054496333918,4888,2931,1811,2272,898,1332,542,562,271,546.39387019466,509.057920323424,438.564258958188,570.415714285714,442.727142857143,493.71,618335.744332515,408919.034831939,18069.2969830311,857142.167142857,622894.324285714,455072.112857143,3.05846945332427,534204.658098835,0.412606117183244,369289.992657935,2.1190365687984,119859.31203444,0.216174852148259,399725.515514675,0.814004208486459,23611.8225692079,0.150441814691308,128431.089709268,0.139438075611397,21221.6018468478,0.463147212757079,16831.3821730192,0,3764.79146406825,2
636234,-595,-392,-653,-981,685,-626,-174,761,-174,3171,1980,712,1472,1481,656,524,1257,67,237,1156.5,69,-240.5,981,217,194,1004.5,-19,388.56,967.06,29.62,-42.9,979.52,123.53,173.27,998.32,-29.7,412.178355506348,889.315248859268,161.019680814719,-323.405754914857,961.198589277281,0,338.055768332093,986.212068189632,0,681.201056957489,1129.56364141203,228.465533505603,649.717261583837,988.755055612865,391.214864237033,233.510149672343,1004.18141787229,59.5617326813114,316218.188282828,344150.481212121,51837.5309090909,424537.484848485,18360.736969697,139181.221313131,24752.0172727273,11856.0581818182,2692.43434343434,562.332809182275,586.643402086925,227.678569279348,651.565411028306,135.501796924236,373.069995192767,157.32773840848,108.885527880514,51.8886725927186,13.3985189691441,2.33313094279761,3.91135283201545,2.28475345851528,4.31119178946955,2.00077298904902,2.48666773853423,2.52093313926952,2.78982020561202,2.83865162040104,-0.704700004837312,-0.335497910748359,0.742175796986462,0.475720361655252,-0.415202739566488,-0.375919016838853,-0.101147760918298,-0.589976582402088,202,1578,108,-645,981,121,126,961,-9,323.2,989.222222222222,30.5,-70.8,975.655555555556,133.322222222222,175.911111111111,999.144444444444,-27.8222222222222,0.843054496333918,0.843054496333918,0.843054496333918,0.843054496333918,0.843054496333918,0.843054496333918,0.843054496333918,0.843054496333918,0.843054496333918,3766,2372,1365,2453,796,1282,698,496,241,531.693224473227,526.124980016271,439.814530826722,593.674285714286,454.35,489.381428571429,389368.130024232,536318.802849778,24851.7031709367,768062.314285715,665493.492857143,457052.104285714,1.55836000488821,281264.783562124,0.15024136730187,391442.518498074,1.52390881549646,60347.1921308708,0.100013598184289,510358.246977232,0.922289605018576,20118.5942658253,0.0994316271345363,166303.467336259,0.199508858959082,29457.8382190658,1.42655318104373,14055.4447393303,0,2822.61563698561,2
637796,-1090,39,-633,-1163,796,-464,-77,780,-165,2444,2078,1089,1109,1388,646,446,1247,106,242,1088,79,-190.5,957.5,196.5,203,980,-19,296.86,997.24,51.32,-84.06,976.48,163.12,183.36,986.96,-22.64,0,612.871410951095,0,0,965.548451579924,0,0,977.977151132034,0,551.28609632386,1074.39808264907,294.468164663007,476.752304661446,982.559809884365,306.12641179748,219.859500590718,991.464250490153,55.8216803759973,217970.202424242,161458.204444444,84927.0278787879,222451.188282828,12030.8985858586,67783.0763636363,14865.9701010101,9001.33171717172,2629.78828282828,466.872790408953,401.818621326146,291.422421715948,471.647313448119,109.685452936379,260.3518318807,121.926084580003,94.8753483112011,51.2814613952087,8.90550584258367,2.97690501311065,5.51792446977629,2.9003538145305,5.02664010123847,2.21345463887158,2.25514430063941,2.80115785964303,3.05782547301838,1.05011482057743,-0.417523837403077,0.484013060459491,0.534239414957388,1.27768002544783,-0.414048876156198,-0.149065164080054,0.218375074611936,-0.149852170576176,242,1137,128,-409,1027,-232,87,952,-9,278.888888888889,1003.95555555556,40.8555555555556,-97.1555555555556,968.577777777778,170.8,184.322222222222,985.355555555556,-22.2444444444444,0.791325230456599,0.791325230456599,0.791325230456599,0.791325230456599,0.791325230456599,0.791325230456599,0.791325230456599,0.791325230456599,0.791325230456599,3534,2039,1722,2272,592,1110,523,467,271,509.578936209867,480.947405469091,433.871763877235,576.608571428571,452.374285714286,491.862857142857,229131.45828091,256892.65852734,15067.8098539972,662125.328571429,551327.108571429,443338.122857143,2.86654607705947,187850.919068069,0.322128239445031,179287.824417506,2.30404040622464,98719.2551955699,0.222172084811781,264277.062005952,0.790907296998705,11870.0218652354,0.213022401695534,78462.7702328026,0.237215624781386,17691.8089013468,0.553493353172603,10628.6149973256,0,2484.98835041816,2
639359,-1191,-196,-1227,-1100,768,-555,-135,733,-184,3040,2333,564,1154,1296,606,466,1257,106,262,1098,59,-222.5,962,161,155,1004.5,-29,331.37,980.11,18.64,-66.26,981.15,127.15,160.1,1001.76,-38.61,0,0,0,1882.46439568905,968.970515583864,0,236.754648904601,991.159965370603,0,620.452826571046,1083.85414609162,239.751913443876,489.539722596645,987.67492121649,316.472036679388,204.113938769502,1006.91290586624,68.636797710849,277934.982929293,216287.068585859,57710.6367676768,237635.103434343,12976.1893939394,84835.7853535353,16192.4141414141,10455.0529292929,3252.80595959596,527.195393501587,465.066735626037,240.23038269061,487.478310732225,113.913078239241,291.265832794606,127.249417057266,102.249953199466,57.0333758390292,13.1708665007423,3.48345595858553,9.46954229755138,2.63340201083005,3.31048079647146,2.3323644778083,2.53605912738294,3.38545284269183,2.8600391192824,2.20552455630078,-0.378077974236239,-1.55701163840824,0.572461843341438,0.831266310800894,-0.44637536394796,0.160284772608495,-0.00539924418099874,-0.421998231499945,191,1098,118,-500,879,474,38,1019,0,291.533333333333,988.9,29.0666666666667,-78.9666666666667,975.4,137.344444444444,158.988888888889,1000.5,-37.2777777777778,0.825065057723075,0.825065057723075,0.825065057723075,0.825065057723075,0.825065057723075,0.825065057723075,0.825065057723075,0.825065057723075,0.825065057723075,4231,2529,1791,2254,528,1161,601,524,290,501.317044133568,486.262250872539,438.852752612063,570.051428571429,446.588571428571,481.392857142857,326891.955269693,294150.042577091,16747.855311154,693078.214285714,563702.331428571,454391.618571428,4.60809252011041,274906.042947937,0.314667102044911,231165.475234591,1.43138396974547,60128.2978022098,0.255574064618916,274180.763340936,0.587166657594561,13638.6652208507,0.260429956094983,98349.9075765895,0.316505809498949,18693.7828561768,0.392660098787742,12197.002757104,0,3447.6542731409,2
640921,-656,9,-435,-836,824,-575,-155,780,-223,3060,1931,554,1136,1296,626,436,1171,97,272,1063,64,-195,962,181,169.5,990,-29,327.45,965.66,35.9,-72.37,981.66,141.82,173.19,997.31,-35.81,287.33965974829,407.746773564939,0,0,971.794293592692,254.958599465846,0,987.330679272368,0,520.17255790747,1038.96169323031,184.931230461488,455.427217017165,986.947627789844,317.286085418192,210.950823653287,1002.21522139708,71.5707342424262,165006.047979798,148426.428686869,33243.1818181818,204218.72030303,10514.4084848485,81371.2602020202,14651.9938383838,9907.18575757576,3878.80191919192,406.209364712088,385.261506884439,182.327128585358,451.905654205643,102.539789764015,285.256481437355,121.045420559325,99.5348469510842,62.2800282529795,23.45273227196,2.62747289509434,3.43365157633192,2.60835510927416,3.38163144612966,2.54818704617652,2.74975145042799,2.14038489311382,2.99742113981389,3.20174974124712,-0.500169425761366,-0.33868451786464,0.728827493849896,0.878742766066692,-0.50317008514757,-0.10599240671839,-0.0275099722056791,-0.457050421176644,191,1196,39,-372,953,70,0,990,-19,306.366666666667,974.422222222222,36.4555555555556,-93.8333333333333,975.855555555556,151.633333333333,174.088888888889,998.455555555556,-34.1666666666667,0.800539692451618,0.800539692451618,0.800539692451618,0.800539692451618,0.800539692451618,0.800539692451618,0.800539692451618,0.800539692451618,0.800539692451618,3716,1922,989,1972,472,1201,591,391,320,479.881066016529,480.61986958661,437.717617271743,569.575714285714,450.475714285714,486.295714285714,173557.335159909,267680.392023715,14659.3160586123,593237.335714286,549492.87,451739.13,1.73527998151115,177022.612118969,0.216529294788311,173951.950414087,1.38753439934142,38499.8858344763,0.215464357078656,244553.987900017,0.370677875759041,11678.7371128351,0.1740752890658,97308.2150993635,0.292594870651583,17498.9472650908,0.293724986087656,11729.3464614767,0.690994159222709,4212.13576791783,2
642484,-1242,98,-297,-927,805,-393,-87,790,-194,3606,1931,465,1163,1259,686,456,1152,77,282,1068,64,-200,957.5,166,184,995,-29,340.23,982.1,41.05,-77.68,981.68,156.71,182.61,993.35,-37.69,322.895271950967,748.536968086026,0,0,970.390811636008,0,0,983.792263790858,0,565.948275021667,1042.23797666368,136.599011709456,399.182790210199,987.676131128013,291.500480274047,215.715808414682,997.968521547649,64.3778688681134,206607.067777778,122969.282828283,17145.6439393939,154861.330909091,11927.7955555556,61024.7534343435,13320.0988888889,9289.84595959596,2751.48878787879,454.5405018013,350.669763207897,130.941375964185,393.524244372683,109.214447558716,247.031887484882,115.412732784944,96.3838469848344,52.454635523267,31.1721223742292,3.12025859238576,3.75665724943393,3.55504319480813,2.75274282287418,2.47922542532272,2.81382156313442,2.06696239451595,3.46224334608417,3.85271573920402,-0.517627730988917,-0.389612129696308,0.857461259152068,0.723579990891005,-0.341314699774765,-0.148582210677981,-0.221943481663524,-0.576049412858987,252,1088,99,-200,953,101,184,980,-19,313.955555555556,989.311111111111,43.3,-94.8888888888889,976.488888888889,160.888888888889,183.911111111111,995.611111111111,-35.9333333333333,0.798716268554975,0.798716268554975,0.798716268554975,0.798716268554975,0.798716268554975,0.798716268554975,0.798716268554975,0.798716268554975,0.798716268554975,4848,1833,762,2090,454,1079,543,362,271,482.626671795828,469.512127303397,436.228924773479,584.305714285714,454.59,487.83,210827.222988197,199114.018874625,13881.9594587289,610807.174285714,522781.53,448550.995714286,2.22228109068463,184692.060410823,0.286715340531781,136288.148038922,1.35961090568125,19456.1576543052,0.329915810080156,180028.384606813,0.299210147851125,13217.1391200073,0.224103271089762,71674.3011785199,0.361875033388265,15754.0402608215,0.155850843044362,11070.172204626,0,3154.22018897722,2
644046,-1838,-882,-1435,-1945,462,-363,-165,485,-417,2303,3980,1693,927,1962,1363,737,1952,359,292,1019,74,-95,962,176,155,1000,-38,307.75,971.28,71.02,-96.3,977.43,155.3,144.43,1014,-36.54,856.785483159947,0,518.600025007294,0,939.221228419926,0,0,983.309541707099,0,593.153799616929,1131.39851511304,299.270078691472,497.963251656184,997.800856884779,327.146114144735,230.168742447796,1032.40681903986,102.642486329979,259718.553030303,340078.547070707,85372.4642424242,241104.757575758,40643.5809090909,83743.9292929293,32442.0455555555,38048.3232323232,9293.24080808081,509.625895172432,583.162539152428,292.185667414444,491.024192454667,201.602532000694,289.385433795361,180.116755343737,195.059793992312,96.4014564624457,8.52067866547372,9.96292630796663,18.1176629630916,4.72080908121743,9.72728289794358,5.01766403474197,3.69106695608598,12.9910115547188,9.05039939085436,-0.221671302332418,1.19427143366799,0.550883497226749,-0.766273663826811,1.48645354934677,0.749299939951053,0.653431044702138,2.29821366964219,0.718716782339737,272,1068,69,-136,962,202,155,1019,-29,306.711111111111,948.177777777778,62.4222222222222,-74.9777777777778,968.711111111111,143.5,135.988888888889,997.622222222222,-38.9777777777778,0.839865739507881,0.839865739507881,0.839865739507881,0.839865739507881,0.839865739507881,0.839865739507881,0.839865739507881,0.839865739507881,0.839865739507881,4141,4862,3128,2872,1500,1726,902,1467,776,499.208866989598,478.966674697169,446.115905602097,578.592857142857,444.184285714286,480.81,348306.078984153,309291.521348065,53410.9307760902,737767.118571428,578827.941428571,484018.701428571,1.2458423878222,288058.087413477,0.513806857377973,327350.414115847,1.94554136505484,72848.094722006,0.278135197567355,282158.485481627,0.986622732410383,45099.9777703229,0.464803220301631,94331.2184580638,0.396685853671561,36709.5534227125,0.99072511355226,44708.9793410389,1.84245246280969,8725.08635223294,2
645609,-1080,245,-792,-2536,342,-474,-135,552,-300,1424,4392,613,736,1925,979,524,2019,378,111,1029,178,-236,948.5,207,126,980,19,132.09,1084.93,167.41,-275,953.96,226.99,115.94,1006.43,7.89,0,968.523714703124,351.27528151424,-6484.23759176051,925.868864549266,0,0,984.919312469035,0,313.267122437066,1167.79925072762,224.422659283772,475.615664165931,967.826038087424,312.243318583441,170.991169362631,1019.02591233001,94.1563062147194,81503.5574747475,188567.661717172,22565.0726262626,152106.323232323,26916.7256565657,46435.7877777778,15955.4509090909,25770.1667676768,8892.07868686869,285.488279049679,434.243781437537,150.216752149228,390.008106623854,164.063175809094,215.489646567481,126.314887915443,160.530890384613,94.2978190992172,10.8093567922362,35.1035739961454,19.2878062974675,14.9648503953872,17.4024492368846,5.07213426048044,4.08205559555639,18.3540050955436,6.94260529038477,1.02239224981908,4.51070801580652,-2.69762612444044,-2.2776747637784,2.12964016149352,0.616643385303193,0.450367817569415,2.55415501073823,-0.160518156690335,111,1019,207,-300,972,212,126,923,29,113.533333333333,1050.95555555556,177.555555555556,-249.9,945.933333333333,219.877777777778,111.322222222222,997.033333333333,9.31111111111111,0.721928094887362,0.721928094887362,0.721928094887362,0.721928094887362,0.721928094887362,0.721928094887362,0.721928094887362,0.721928094887362,0.721928094887362,2504,4147,1405,3272,1583,1453,659,1467,678,493.122361258018,461.698689909995,439.262422760993,593.327142857143,388.264285714286,484.397142857143,196985.364757055,180429.356488826,28771.7794188557,648110.104285714,540168.595714286,461364.514285714,0.838583426734748,89663.1975598532,1.07003618595341,159075.082411141,0.7749612257268,22186.3937796231,2.03533065989644,162806.016057258,2.02346257291549,28072.5237831601,0.773570588961959,50499.3100578465,0.869653640015811,16537.1906621196,2.98889674240465,28023.536073451,1.34322187096537,9214.39681248708,2
647171,-1474,-68,-1990,-936,592,-414,-155,838,-165,1595,1921,970,700,1416,929,271,1371,194,111,1049,198,-122.5,925,141,87,980,33.5,213.63,1091.67,145.43,-126.97,959.25,130,80.05,1022.84,31.72,0,932.441807287717,278.856790348996,0,935.422952955069,0,0,1007.28925851648,62.8000920246257,616.630724177769,1170.39141743265,456.394840023417,387.783715490994,971.009984500674,256.198750972756,110.631686238618,1031.40624392138,77.5021290030151,337975.427373737,179871.395050505,189036.732424242,135610.938484848,22929.1186868687,49230.101010101,5890.2702020202,17774.9236363636,5050.93090909091,581.356540664795,424.112479244015,434.783546634693,368.253904914596,151.423639788735,221.878572670055,76.7480957550101,133.322629873415,71.0699015694472,3.91827824232589,2.85595109330747,9.53771788229678,2.75107458299834,3.57500477981445,3.88002733826508,3.83383729398996,3.00710619885094,2.98300965837683,0.351767870121541,-0.41790050848228,-2.11555786965888,0.112347171096045,0.364574214304073,0.322653517774741,-0.366068488947653,0.952033721002302,-0.187235005574795,101,1029,188,-90,898,-111,97,904,38,214.688888888889,1103.32222222222,185.233333333333,-128.233333333333,957.244444444444,126.377777777778,81.3888888888889,1013.98888888889,32.6444444444444,0.721928094887362,0.721928094887362,0.721928094887362,0.721928094887362,0.721928094887362,0.721928094887362,0.721928094887362,0.721928094887362,0.721928094887362,3069,1989,2960,1636,824,1343,426,533,359,562.791022846654,454.344735099173,442.034866032482,621.741428571429,412.405714285714,486.261428571429,524922.219437859,151094.690894553,19132.0197519826,839291.044285714,496660.457142857,463733.481428571,0.358013935500168,379521.344491497,0.0798593388245824,207115.040321847,0.163506842987841,194110.231093434,0.158103576692173,153659.485035205,0.804570265697101,26046.7535645455,0.255612696270265,53443.3389822493,0.489985181563142,6371.73735518089,0.407345833384196,20629.9542830831,0.520215608608229,5724.76921884189,1
648734,-1737,-264,-1049,-945,620,-353,-194,847,-116,2454,1931,534,718,1518,949,271,1495,213,116,1049,217,-240.5,935,191,97,961,29,161.26,1134.32,163.99,-202.17,967.82,179.88,82.4,1004.97,31.84,303.953470344532,992.442586480551,191.936383463256,0,950.994913625572,331.32967554707,0,993.014344997296,0,581.383900705893,1198.19011012443,279.186013259977,376.047111410259,976.498602149537,280.297128062347,112.478264566982,1011.76935612816,72.3215044091313,315153.992323232,150482.502626263,51567.7877777778,101554.263737374,17044.4117171717,46676.4298989899,5920.80808080808,13851.0394949495,4259.20646464647,561.385778518865,387.920742712042,227.085419562282,318.675797225603,130.554248177421,216.047286256944,76.9467873325981,117.690439267383,65.2625962144203,9.22980352124191,4.32741024435577,13.0823248875675,3.91980037862495,5.73071932299236,4.29131508549199,4.20341423092876,5.1198220481733,2.80842963995383,1.38355567209183,-0.344628511793683,-2.74156211597666,0.404689591961628,0.789006998620118,0.16125645529044,-0.690910760713932,1.41668632865273,0.0783725600170563,121,1029,217,-363,925,272,106,942,29,127.444444444444,1147.42222222222,190.133333333333,-208.266666666667,964.5,177.855555555556,84.6444444444444,996.255555555556,31.6111111111111,0.724144758863798,0.724144758863798,0.724144758863798,0.724144758863798,0.724144758863798,0.724144758863798,0.724144758863798,0.724144758863798,0.724144758863798,4191,2195,1583,1663,898,1302,465,648,329,547.122926200491,457.856165671434,434.440857450073,625.53,405.227142857143,479.661428571429,404181.034160863,128309.112004896,15247.504830486,793547.832857143,502940.327142857,446382.424285715,0.364412639936335,343477.64665039,0.1817962909025,175805.447153127,0.293992111077166,48170.0322918976,0.288844363349791,113628.948198929,0.699675070439751,19457.5578103619,0.337698976685024,51447.5476079385,0.255268756688147,6546.57353104193,0.427811115981305,15278.516282042,0.243755347840284,4825.34911600229,1
650296,-1686,-49,-1465,-954,555,-323,-184,857,-116,2373,2245,1237,772,1500,1020,213,1390,291,121,1068,198,-149.5,953,171,72,990,48,252.61,1141.55,187.38,-109.22,967.65,177.8,67.73,1012.16,46.91,0,1085.06145307292,226.383379174398,0,948.517421288844,0,0,1002.69095118784,0,753.406337908037,1232.79290637154,405.084879994304,403.571480657392,977.271850612715,313.46046002646,98.8786630168511,1017.29860906226,79.3127354212424,508898.280707071,218830.25,130285.349090909,152465.587474747,18902.7752525253,67317.797979798,5242.05767676767,10533.9337373737,4131.27464646465,713.37106803337,467.792956338592,360.950618632119,390.468420585772,137.487363974022,259.456736239008,72.4020557495965,102.634953779761,64.2749923879003,5.46233919796494,2.5853971867535,10.3040044136288,2.56807630360486,5.30088577564646,3.43318809968219,3.59751050828295,4.12547652312556,4.69865455106106,1.29988367064706,-0.252922864564454,-1.97891956401916,0.130080540129663,0.647109896998689,0.573840061630603,-0.409125937481831,1.05331526298616,0.194691594326434,-50,1019,168,-236,916,-141,97,1047,58,214.9,1148.85555555556,217.988888888889,-110.944444444444,963.488888888889,167.355555555556,69.1222222222222,1005.51111111111,46.9333333333333,0.717461324411975,0.717461324411975,0.717461324411975,0.717461324411975,0.717461324411975,0.717461324411975,0.717461324411975,0.717461324411975,0.717461324411975,4059,2294,2702,1726,945,1343,397,533,407,588.074086983798,464.704014837417,437.127445003251,677.802857142857,444.098571428571,482.914285714286,636223.464893594,174640.418557891,11726.924220963,964925.665714286,521223.287142858,450413.125714286,0.367808630151215,575832.975535538,0.0680321714783246,251182.367716846,0.248977580134112,115777.058340481,0.178216171125558,173364.868830725,0.673237991366645,20520.4223061721,0.501772297072486,76734.4851079078,0.207974362542068,6038.35802490485,0.287534572708588,12133.7007693422,0.634379842003721,4431.17066920107,1
651859,-1777,78,-2643,-900,666,-424,-106,828,-262,1888,2098,990,636,1398,696,252,1523,339,121,1029,207,-181,948.5,151,97,980,38,179.05,1099.16,162.54,-151.61,980.51,150.52,84.45,1017.74,37.92,139.65364687314,887.593624487396,212.963456887437,-226.190169847239,965.473906474302,0,0,1003.26337171274,0,569.061938632343,1152.32103165741,432.721943053504,354.114289460338,988.602007887906,236.005593154061,110.888367288909,1026.49737457044,90.2345831707555,294719.785353535,120900.054949495,162453.564040404,103445.795858586,16095.0201010101,33376.1309090909,5216.59343434344,18082.9822222222,6772.07434343435,542.881004782388,347.706852031269,403.055286580395,321.629905106142,126.866150335738,182.691354226441,72.2259886352789,134.472979524595,82.2926141487458,7.16029339494743,3.86647128110957,27.1240636826741,3.24784884939871,4.09489404261784,4.0941846155081,3.23050050360579,7.0635171957889,5.56289011578842,0.770264173628571,0.186227327746431,-4.03660769152777,0.352880575815846,0.922757480123664,0.0988144373749426,-0.173281517831996,1.91457046450131,0.2993533652208,121,1029,207,-181,944,131,106,933,9,162.7,1100.3,205.788888888889,-155.233333333333,974.355555555556,148.288888888889,85.1888888888889,1003.77777777778,35.4666666666667,0.696799527469347,0.696799527469347,0.696799527469347,0.696799527469347,0.696799527469347,0.696799527469347,0.696799527469347,0.696799527469347,0.696799527469347,3665,2020,3633,1536,732,1120,358,695,601,541.282822482545,455.991883264959,440.328036199676,617.464285714286,419.751428571429,488.618571428571,384585.93817866,110544.344648326,18444.5157304172,788110.084285714,496469.785714286,460343.73,0.838823415912719,282591.559757246,0.197908367111702,130812.373406133,0.51382187933611,144016.618111,0.176656582998062,119658.01690715,0.68379607874015,18050.9099506127,0.508844907465535,37708.0038473537,0.324651660027581,5846.04325644618,0.386074510440673,21169.0750547249,0.432888380922875,7073.35694548043,1
653421,-1454,39,-1544,-827,703,-373,-77,857,-126,1838,2107,831,800,1416,949,203,1390,300,121,1058,207,-218,944,222,58,1000,58,161.31,1074.6,204.45,-88.41,972.07,216.54,60.84,1020.87,54.6,0,723.153226644658,209.60844048197,0,958.832815938683,0,0,1011.38288553713,0,496.995704206787,1144.00322551993,391.69185592759,404.331707883515,979.103952601561,309.528221653535,90.2935213622771,1026.09719325218,95.8188916654748,223215.973636364,155533.555555556,112750.209595959,157240.203939394,13863.0960606061,49412.2711111111,4496.37818181818,10807.9728282828,6262.72727272728,472.457377586977,394.377427796718,335.782979908094,396.535249302498,117.741649642792,222.288711164357,67.0550384521416,103.96140066526,79.1373949073842,7.38199329955772,2.92983790989147,12.3678914667771,2.39460312684682,4.87348550192599,4.1898236789094,2.38438915479355,4.59777384132747,3.55117796484422,0.953130433703069,-0.177195628916711,-2.33839504099099,0.371822213914166,0.900683844178689,0.0789937875391813,-0.0385600845940292,1.22420972758482,0.316978306318768,161,1049,217,-309,925,191,97,933,97,139.277777777778,1078.15555555556,236.633333333333,-93.8777777777778,967.266666666667,215.677777777778,61.0111111111111,1013.07777777778,52.4777777777778,0.694446070493981,0.694446070493981,0.694446070493981,0.694446070493981,0.694446070493981,0.694446070493981,0.694446070493981,0.694446070493981,0.694446070493981,3292,2068,2375,1627,713,1322,280,533,426,526.134442537966,467.26430298949,441.107245458349,617.297142857143,471.514285714286,486.99,313285.183895328,162155.938056618,10860.0459261826,732501.694285715,521972.742857143,458661.27,0.80682906758351,237345.772627003,0.10551718606558,174551.90556497,0.161616246675227,122194.622428905,0.1381557397753,178919.865626073,0.72913482027369,15577.6963451988,0.368287082322671,55273.6818917957,0.252199101215719,5062.40300631275,0.379367693785006,12435.967373791,0.510384935939181,6818.990967661,1
654984,-1575,19,-1663,-918,685,-191,-77,876,-165,1989,1950,1247,763,1351,949,310,1380,233,136,1068,217,-190,944,161,62.5,985,48,278.37,1133.92,144.58,-164.95,963.03,160.8,70.6,1014.51,46.82,0,658.053111205301,177.711289148808,0,947.282598465864,0,0,1004.85375854761,0,666.41978512046,1189.87265705201,449.154160617488,391.716696095533,971.122201373236,275.079443070543,102.521022234467,1019.86833954192,82.2425680532898,370328.760707071,131335.730909091,182662.710707071,127508.553030303,15809.6455555556,50315.2121212122,5582.0202020202,11010.9998989899,4617.90666666667,608.546432663171,362.402719235233,427.390583315859,357.083397864285,125.736413005762,224.310526104354,74.7129185751715,104.933311674558,67.9551813084673,4.99681129438231,3.67701943432494,8.20202087110628,3.14712492569687,3.41078108750451,4.56339407984849,3.57628277492622,4.20375283651491,3.82721940002378,0.735789564683788,-0.248771338398461,-1.91682756508795,0.282145965342813,0.520933144022574,0.986360803770265,0.653039383218583,1.24744229083243,0.261055132416274,131,1009,207,-190,861,161,29,923,48,256,1142.21111111111,182.544444444444,-168.833333333333,959.688888888889,144.755555555556,67.3333333333333,1005.47777777778,45.1222222222222,0.730728417399595,0.730728417399595,0.730728417399595,0.730728417399595,0.730728417399595,0.730728417399595,0.730728417399595,0.730728417399595,0.730728417399595,3564,1931,2910,1681,666,1140,387,504,398,576.682050573578,457.61546418889,438.413732813328,667.23,410.948571428571,485.112857142857,458134.494489874,137323.362228956,12048.7740009487,883565.027142858,502366.714285714,453173.927142857,0.450725633588602,395945.625883016,0.106076195918994,147095.862300302,0.257367051509468,192758.189213656,0.492085482298609,147537.416914034,0.741845706941652,16929.082349255,0.451960182162947,57668.8426186039,0.103025467099626,6442.24264697667,0.393790971070935,13099.9483865614,0.265471659140837,5313.11661611609,1
656546,-717,421,-1881,-781,759,-171,-126,771,-233,656,1931,930,336,1250,484,349,1380,174,151,1019,227,-200,944,171,87,990,38,121.28,1006.16,191.33,-161.04,965.64,143.83,78.35,1003.44,34.47,189.760381908054,960.747816678243,220.478719015569,-592.050765508875,955.667830371166,116.814142512347,156.714200644816,993.233389804375,0,263.370651364194,1026.45511348524,383.487483498484,288.931756648521,971.004830060078,196.741225979712,117.176746839977,1009.02519294614,69.2604504750005,55207.3349494949,41668.8428282828,111571.193030303,58128.9680808081,10494.7175757576,18202.0617171717,7668.35101010101,11353.5418181818,3645.28191919192,234.962411780044,204.129475647891,334.022743283003,241.099498300615,102.443728825915,134.915016648154,87.5691213276747,106.553000043086,60.3761701268962,6.23733766119783,6.97041053444924,22.2188535637206,3.01163860781047,3.70440536614071,2.54822898196614,3.51481066050498,4.9002259155847,6.65747991298031,-1.51439872490109,0.48637797590596,-3.60385543723202,0.137874734465333,0.940975343731681,-0.326721038626547,0.185082093156307,1.18011877500311,-1.11375283003777,141,1000,227,-200,944,10,29,980,48,140.255555555556,1002.32222222222,222.955555555556,-158.533333333333,960.833333333333,145.888888888889,77.2333333333333,996.566666666667,37.3444444444444,0.677640305783194,0.677640305783194,0.677640305783194,0.677640305783194,0.677640305783194,0.677640305783194,0.677640305783194,0.677640305783194,0.677640305783194,1373,1510,2811,1117,491,655,475,609,407,472.169367876615,439.629749397,434.078105786847,565.187142857143,406.47,478.397142857143,128709.451007032,63066.1982899791,11380.8661010059,544301.507142858,456445.307142857,444282.531428571,0.238984008550851,62340.9933413065,0.5898317271067,46860.204606184,0.745445334128251,126953.689193452,0.388128135021667,65261.7879302203,0.401125820442373,11997.8328842476,0.375489456783351,19650.4184526892,0.286777623993542,8858.83855848577,0.353895444609602,13387.6201026163,0,3971.89547094985,1
658109,-989,19,-2712,-1500,648,-353,-184,857,-194,3333,2764,1346,1109,1361,616,310,1504,349,161,1019,237,-176.5,944,222,58,990,58,204.83,1040.15,119.14,-154.4,962.57,185.44,53.42,1022.45,44.86,0,483.479297646321,0,-335.440848745974,949.50874581004,271.338254070179,0,1009.76964017177,0,516.486621317532,1103.86724292371,515.560607494405,375.635381720093,969.287300030285,241.849209219298,111.139911822891,1029.7670561831,89.7977728008886,227073.83949495,137990.775252525,254149.899393939,118447.050505051,13107.9445454545,24346.5115151515,9594.32686868687,15167.8661616162,6112.34383838384,476.522653705938,371.471096119907,504.132819199404,344.161372767268,114.489932070268,156.033687116441,97.9506348559665,123.157891186948,78.1814801496099,24.5019282716154,11.1373369770845,16.0813423495925,6.6099470324708,4.68586990677941,4.81358937253756,2.72095195683885,6.5779133107855,6.34562309525043,3.60956607667085,1.49430126076317,-3.13036580225745,-0.214683073529061,0.660991329105268,-0.863260135249981,-0.207813412021855,1.62432452208895,-0.517287245473378,151,1019,247,-200,935,222,97,980,48,170.455555555556,1023.74444444444,179.033333333333,-149.133333333333,959.088888888889,191.788888888889,54.7111111111111,1011.03333333333,47.5888888888889,0.694446070493981,0.694446070493981,0.694446070493981,0.694446070493981,0.694446070493981,0.694446070493981,0.694446070493981,0.694446070493981,0.694446070493981,4322,2745,4058,2609,713,969,494,647,543,515.073758166243,451.586523803472,442.510189314366,584.622857142857,425.832857142857,480.312857142857,384481.646709348,129005.13974748,16088.0964338301,750464.597142857,488190.364285714,463215.39,1.12770687552332,223489.487486801,1.01035489963695,144314.902651622,0.671943797534743,292174.925051472,1.62256963127453,131283.963258765,1.27371281922921,14426.6346622094,1.20038670550473,27326.113808535,0.195666325571195,11267.4737964204,1.49396442699184,17700.0086333666,0.621381688041091,6785.1557643366,1
659671,-929,490,-2148,-1300,583,-323,-174,733,-165,1090,1598,1158,727,1314,646,184,1438,165,176,1029,212,-190,962,181,48,1014,48,160.41,1006.71,180.51,-171.53,959.6,164.78,38.41,1019.46,36.71,1629.97615757629,976.029344238972,0,-678.009336602895,950.003154151628,0,0,1009.19890445103,0,288.164067850244,1020.60947967379,434.479470170916,339.088970625705,964.047322489928,217.35188059918,87.1998279814817,1024.62769823971,72.0435285088119,57886.0221212121,28463.3190909091,157766.212020202,86423.0192929293,8641.49494949495,20292.3147474747,6190.38575757576,10669.9276767677,3881.4605050505,240.595141516225,168.710755706058,397.197950674726,293.977923138676,92.9596415090707,142.451095985516,78.6790045537929,103.295341989693,62.3013684043176,9.62378825310594,5.76236944418404,17.9867436000032,5.38232406117332,6.35653247048644,6.05851839282081,2.57195143578598,5.48460952919016,3.82751449068119,-0.630704668408837,0.249740327637134,-2.73953156315554,0.105320083508001,-0.171230755103057,-0.163828738194378,-0.462279998053611,0.496041024449233,-0.803616424533494,181,1039,198,-163,916,181,106,1000,58,163.1,1003.45555555556,205.855555555556,-175.944444444444,960.4,167.144444444444,40.8333333333333,1017.33333333333,39.8222222222222,0.71970029895822,0.71970029895822,0.71970029895822,0.71970029895822,0.71970029895822,0.71970029895822,0.71970029895822,0.71970029895822,0.71970029895822,2019,1108,3306,2027,731,969,358,705,330,477.533240967133,445.362870778277,439.647874551252,577.555714285714,408.364285714286,469.105714285714,167581.449970884,86898.5809918803,10969.7180688756,562909.135714286,467833.032857143,455423.999999999,2.11979093348695,61461.5161299956,1.02803649611854,27084.7503983232,1.27117471297571,185398.208421873,1.05980258450909,98308.6163195445,1.53738366589946,9086.5827144664,1.17622055930965,23148.7767495845,0.188661262727837,7001.93483816816,1.26512288919768,12436.8013908171,0.613908062274448,4383.69833001453,1
661234,-2383,29,-1257,-1154,777,-303,-116,657,-223,3878,2529,495,963,1361,545,291,1323,194,222,1019,138,-163,972,151,106,1009,-9,220.67,1005.99,133.32,-155.37,970.27,146.93,104.17,1008.53,-7.18,209.320834066594,677.153242466421,0,0,966.422073718405,0,0,1000.50968009699,0,527.388746561775,1037.38117873808,217.054278925802,307.631776642141,972.33537938306,189.014311627453,126.202654488723,1012.33688562652,55.308408040731,231761.253636364,64791.7473737374,29634.6844444444,71209.5687878788,4052.74454545455,14280.793030303,5126.99101010101,7770.91828282828,3037.84606060606,481.415884279241,254.542231022157,172.147275448798,266.851210954492,63.6611698404494,119.502272071719,71.6030097838143,88.1528121095877,55.1166586487793,43.0329318822445,18.6506760522225,46.4606086337464,9.13037066909682,16.6395845321794,6.0110791223255,3.7989232510981,6.76327268206269,6.51350779094298,2.812667896705,0.743280099952216,-5.84201360216971,0.9894583378898,1.84352970282155,-0.530602909481229,-0.303240808585394,-0.0250742409239383,-0.340094052969553,191,1009,138,-154,972,151,87,1000,-9,215.9,1015.2,146.733333333333,-168.688888888889,969.177777777778,150.366666666667,104.855555555556,1007.73333333333,-6.25555555555556,0.71521112401665,0.71521112401665,0.71521112401665,0.71521112401665,0.71521112401665,0.71521112401665,0.71521112401665,0.71521112401665,0.71521112401665,6261,2500,1752,2117,584,848,407,666,417,473.946490074029,442.306031777591,436.292198977752,582.848571428571,412.212857142857,473.794285714286,283534.633708559,78875.1296914735,8152.8266145474,600604.782857143,461057.061428571,447348.042857143,13.1947204968877,153268.481697698,1.45309306791694,60191.9716454651,1.31150880799754,32590.3395657997,0.465972158500354,79595.4493073368,0,3954.65851666915,0.300008112570707,13498.4646869048,0.327839412006115,5897.63658069455,0.967710225708986,8818.4449266037,0,2933.46612749571,2
662796,-878,156,-683,-727,768,-80,-145,876,-135,1565,1705,613,636,1277,383,174,1276,116,176,1029,207,-200,935,212,53,1009,33.5,123.11,1036.05,174.07,-179.33,954.53,182.31,46.68,1016.21,28.94,0,872.150446359679,0,0,945.51223627132,0,0,1011.13444928519,0,354.909523681741,1075.8341182543,255.490763042424,316.761566481794,959.367942970787,211.455550884814,82.0625371287045,1018.86516772338,53.089546993735,111923.937272727,84868.1287878788,35328.4495959596,68867.3142424242,9352.85767676768,11592.4382828283,4601.2501010101,5458.04636363636,2000.98626262626,334.550350878201,291.321349694592,187.958637992404,262.4258261727,96.710173594962,107.668186029246,67.8325150721253,73.8785920523419,44.7323849423017,7.43954619708545,4.70903867922627,10.6376506045898,3.74867004970026,4.39183800392579,2.71502928687936,2.66159355551738,3.77239574955149,4.61916611355819,0.151393254842034,-0.448550033524135,-2.26671800567873,0.35319819803219,0.988210017736393,-0.739871658715576,-0.386339542107076,0.804287087683467,-0.965740209278734,181,1029,227,-209,935,232,77,1009,29,123.655555555556,1044.91111111111,193.533333333333,-186.222222222222,949.655555555556,186.955555555556,49.0666666666667,1013.18888888889,31.8,0.710676853856123,0.710676853856123,0.710676853856123,0.710676853856123,0.710676853856123,0.710676853856123,0.710676853856123,0.710676853856123,0.710676853856123,2443,1549,1296,1363,509,463,319,400,251,486.289746816727,439.031345129232,437.519121017232,571.384285714286,410.361428571429,467.927142857143,148959.722298365,75809.9986606831,6468.8360439702,577995.15,456616.367142857,448988.138571429,0.223906611623081,122598.898930974,0.0543253913050966,100343.046166756,0.461806312971636,39526.2409664319,0.221128924449159,81768.1230820934,0.0865713479095683,10760.0775084313,0.143275701992537,12423.5673114404,0.315668326497348,5067.64452910172,0.733388094314776,6494.66019631868,0,2127.14133856136,2
664359,-2232,-58,-2336,-1127,712,-363,-165,828,-174,2777,1990,940,745,1388,848,281,1438,184,121,1039,217,-263,925,181,87,980,19,237.66,1126.46,154.25,-220.84,966.53,194.98,68.21,1011.63,20.34,0,1246.81960864205,290.204857394096,0,949.498677660946,0,0,998.708991490063,0,713.781927482057,1180.07503151283,411.008990169315,417.197962602887,975.721225555742,273.573061539326,108.280884739644,1018.95450830741,68.6257968988339,457578.145858586,124914.089292929,146601.340909091,126549.327676768,18031.988989899,37196.9894949495,7143.58171717171,15023.2657575758,4339.17616161616,676.445227537741,353.431873623375,382.885545442879,355.737723156777,134.283241656951,192.86521069117,84.5197120036013,122.569432394769,65.8724233774359,8.13312481444329,4.23674345039777,22.0692004499204,3.50379904845652,3.75491727913013,5.09968899557033,3.19597327904713,4.34374957734542,3.17531164035946,1.17179811657438,0.0273713308214856,-3.6634829571817,0.166524086842238,0.871826903509125,0.521692697058316,-0.305994198926237,1.31753701937345,-0.216789590824572,80,1029,217,-290,916,181,97,923,19,201.566666666667,1131.51111111111,198.011111111111,-224.677777777778,960.4,188.7,68.6555555555556,1001.75555555556,21.7111111111111,0.732901009176448,0.732901009176448,0.732901009176448,0.732901009176448,0.732901009176448,0.732901009176448,0.732901009176448,0.732901009176448,0.732901009176448,5009,2048,3276,1872,676,1211,446,610,358,567.903250255289,463.123665974288,436.916440073081,650.73,403.144285714286,471.505714285714,543371.372015011,136258.018104391,16782.0979628657,887567.19,514683.544285714,452015.374285715,1.01235023811878,497636.860736747,0.202943595938052,141543.050467615,0.834209390869569,141449.952040007,0.335016482092943,147680.842488073,0.490142494662082,20230.5033900879,0.965219929368382,42998.8704118594,0.434103008824053,8473.87980315526,0.282944413573318,17595.2033735477,0.398594022070259,4659.18883640459,1
665921,-1363,-745,-1564,-1736,750,-575,-194,838,-145,5121,3823,1574,1981,1416,969,281,1638,291,116,1078,232,-136,962,191,67,990,53,265.84,1110.89,239.41,-76.77,981.51,181.33,71.56,1028.46,48.33,0,672.259975701251,257.60461777211,-1993.07276131283,969.191382988134,592.72070925914,0,1013.44201941363,0,928.001271550853,1239.05746033023,416.540478225106,586.130830105361,987.98774789974,312.762577684735,109.275706357818,1037.61691389453,90.5483848558327,798500.458989899,304229.088787879,117362.446363636,341066.380909091,12886.7776767677,65595.8192929293,6889.23878787879,19109.9882828283,5922.44555555556,893.588528904607,551.569659053033,342.582028664138,584.008887697003,113.519943960379,256.116807907894,83.0014384687325,138.238881226767,76.9574269031622,13.6858538650516,8.56853882792621,12.049604601622,4.60267213515388,4.35294514398504,3.39591748280888,3.94631910101297,8.75328306763565,4.22883412822643,2.89943988686427,0.740282221620496,-1.34489172675241,0.195415272921488,0.766181112165542,-0.0905899916400007,-0.213221342591328,2.06023448728769,-0.0567935788621738,-60,1049,158,-345,962,-131,97,980,48,157.444444444444,1100.27777777778,261.388888888889,-79.2222222222222,977.855555555556,181.611111111111,73.2444444444444,1014.93333333333,48.4,0.687315092830927,0.687315092830927,0.687315092830927,0.687315092830927,0.687315092830927,0.687315092830927,0.687315092830927,0.687315092830927,0.687315092830927,6484,4568,3138,3717,666,1544,475,800,436,594.725162388568,497.222730880896,444.901594291639,692.631428571429,465.458571428571,492.15,896767.335880444,361270.793343736,21226.6468782259,1101409.59428571,607495.53,470052.45,0.391343637049355,896714.737513354,0.359335929215913,294547.932214402,0.714301176505168,106039.089792908,0.802862982557999,400455.171807559,0.7545897747701,12582.7409767294,0.713428175695709,75611.3621308409,0.790593901924183,7613.82225420176,1.49930020427169,21030.7594034504,1.23917447323934,6514.66262253797,1
667484,-1383,-411,-1346,-1863,694,-676,-19,704,-116,3393,2235,1158,963,1527,515,485,1542,165,171,1039,118,-204.5,953,191,174,975.5,29,207.37,1030.56,100.56,-140.65,981.68,141.42,177.27,997.22,33.02,177.640060068676,1008.96346294482,186.152706314601,-1073.71115031016,961.64078161576,0,0,982.15542455912,0,692.950957860656,1098.96252893354,287.925337544302,417.361078683674,993.066825545995,283.081684324507,207.729126508538,1005.59819013361,69.1965317049923,441594.65969697,147136.087272727,73523.9256565656,155967.522727273,22713.2298989899,60743.0541414142,11845.188989899,16949.4864646465,3735.19151515151,664.525890915448,383.58322079143,271.152956201045,394.92723725678,150.709090299789,246.461060091476,108.835605340803,130.190193427333,61.1162131938123,12.3415613729745,6.20445087132943,12.2661550218562,6.78583257064754,5.17706430705381,3.78653632557715,2.84379039470057,7.01341866097357,2.94613683529354,2.18535295189321,-0.404511895514179,-1.12952987961362,-0.24254345244919,1.29528447471911,-0.966826894774488,0.344049417778938,1.38608119857482,-0.287724077079635,131,1039,108,-272,879,292,203,952,29,155.888888888889,1036.7,107.877777777778,-141.622222222222,971.255555555556,156,174.222222222222,989.033333333333,34.1,0.689703907672028,0.689703907672028,0.689703907672028,0.689703907672028,0.689703907672028,0.689703907672028,0.689703907672028,0.689703907672028,0.689703907672028,4776,2646,2504,2826,833,1191,504,838,281,523.560520813138,468.03678706961,437.496703955705,573.638571428571,421.05,517.504285714286,507062.371248314,184332.962284527,17177.2499693096,758914.572857143,531645.955714286,453928.83,2.22031559137451,487466.331431844,0.587888960057248,147648.970701934,1.43649556164045,75016.9265562121,0.884350758506399,174605.48978604,1.23456224807491,24512.9962081404,0.22411471348024,70262.1262108023,0.354627286528751,13391.7579697119,1.31516236038834,18529.6326691255,0,3684.03800910957,1
669046,-585,519,-475,-454,851,-80,-77,904,-29,585,1352,396,518,1055,343,233,1180,97,232,1024,128,-190,972,126,87,1009,29,202.5,998.48,107.9,-147.32,970.74,129.43,82.75,1011.89,26.04,0,969.630764011915,0,0,969.522557837257,0,0,1009.8353737691,0,263.65113312861,1009.42644110406,159.542345476052,241.439930417485,971.340414067077,155.829040939101,106.360189920853,1012.94971740951,38.3783793300342,28793.6060606061,22201.444040404,13950.8585858586,36959.6541414141,1177.83070707071,7606.63141414141,4510.02777777778,2167.43222222222,802.846868686868,169.686788114473,149.001490061019,118.113752738022,192.248937946128,34.3195382700686,87.2160043463435,67.1567403748706,46.5556894720959,28.3345525584377,10.6748997590066,5.0538916578594,9.36502929570278,4.93578664936636,4.15364257811111,3.24637458780769,2.51737182920818,5.17834422767554,2.54079454586912,-2.26956112908466,-1.16238952941495,-1.73434812578666,1.21378602038595,-0.267092241983545,-0.0518730367567688,-0.15753791740777,0.854224784153392,0.404977122884159,242,1019,89,-200,953,121,116,1000,29,220.977777777778,1008.18888888889,116.133333333333,-161.777777777778,971.144444444444,129.988888888889,83.1888888888889,1009.67777777778,25.1555555555556,0.65770477874422,0.65770477874422,0.65770477874422,0.65770477874422,0.65770477874422,0.65770477874422,0.65770477874422,0.65770477874422,0.65770477874422,1170,833,871,972,204,423,310,276,126,449.73111407375,433.744986462087,436.376465001921,560.948571428571,408.364285714286,480.291428571429,30625.8769352788,41363.8289970547,5243.42816765581,477388.894285714,439747.77,445222.508571429,0.395160377915677,30205.3870871503,0.0586490376333959,25891.7934593372,0.687794451920977,14384.2727016273,0.150359223370755,41880.5651878006,0,1264.03840486987,0.0932544639978659,7904.82379778756,0.0785098622250236,4920.51995974285,0,2542.67682567602,0,844.253956512923,2
670609,-2545,29,-2039,-790,712,-565,-126,723,-291,2818,2254,524,745,1574,585,320,1361,242,207,1029,158,-213.5,953,191,126,995,9,254.86,1000.63,99.54,-166.45,969.43,135.96,117.82,1007.81,11.7,526.681764343597,598.115885201273,195.06338302604,-252.448503968033,960.28332907707,0,212.727130747218,994.865032546425,0,548.710579449677,1048.3089096254,341.219958384617,350.124963405925,974.666235180023,250.65757518974,153.41095136919,1014.23562844144,75.1686104700626,238514.828686869,98677.9526262625,107598.836767677,95840.2904040404,10282.5708080808,44792.0185858586,9750.87636363636,13124.1554545455,5569.12121212121,488.379799630235,314.130470706461,328.02261624418,309.580830162399,101.403011829436,211.641249726651,98.7465258307165,114.560706416055,74.6265449563439,21.9901762718043,8.02130589258509,22.5349854555402,4.44373287133961,14.6426600638492,3.97787650322583,2.82747140571396,3.63113375306685,6.74453751825103,0.317336477043844,-0.0815031358272502,-3.89852262114724,1.07042093024137,2.17338611806499,-1.0810503543606,-0.523318913264718,0.259009759480899,-0.635968546663362,191,1029,158,-300,916,353,97,952,-29,231.444444444444,1006.41111111111,142.844444444444,-185.444444444444,963.922222222222,150.388888888889,120.677777777778,1006.28888888889,13.2222222222222,0.730728417399595,0.730728417399595,0.730728417399595,0.730728417399595,0.730728417399595,0.730728417399595,0.730728417399595,0.730728417399595,0.730728417399595,5363,2225,2563,1535,862,1150,446,638,533,490.41091642389,453.501483105715,438.21544114905,580.727142857143,402.402857142857,487.427142857143,304641.105065765,113360.452301442,14110.7393616412,649913.97,486596.134285714,453368.207142857,3.09777440832063,187631.282474487,1.50693271588463,99350.6881897236,1.40143070710948,114674.08573406,0.717202370062524,108603.726856586,1.38445641317015,11201.7530492351,0.422497700942118,51408.3842880206,0.404162345991578,10806.6108563852,0.977820555580911,15614.2581080496,1.0537710157903,5859.25825481697,2
672171,-878,627,-574,-600,861,-181,-48,914,-106,1949,1764,386,181,1287,373,184,1238,77,191,1019,138,-190,953,161,106,1000,0,217.56,1006.05,129.02,-172.22,967.49,145.69,95.32,1011.92,-0.95,179.873819676971,986.202680790828,242.954463610357,0,963.311997609478,0,0,1007.98322750599,0,327.1990831283,1015.65845144911,168.823754252771,230.877066855935,969.860933330135,183.908482675487,109.66704153938,1014.03010803427,31.5938285112773,60330.1882828283,19621.7045454545,11975.0501010101,23883.3248484849,4639.72717171717,12723.9938383838,2970.66424242425,4318.15515151515,1007.34090909091,245.622043560484,140.07749478576,109.430572058315,154.542307632845,68.1155428057149,112.800681905669,54.5038002567183,65.7126711640544,31.7386343293298,30.6961376797559,11.8000444397836,19.9227512794102,3.56992361412342,8.87545163401526,3.50889475766614,2.72546714061691,4.21705221819756,3.32315417608598,3.00940589825569,0.891092548591158,-3.13159341059184,0.156811870418104,2.15216346241382,-0.568779599687443,-0.588389615139133,1.23671983538545,-0.268692494198907,181,1000,138,-190,944,111,126,1000,0,203.255555555556,1006.22222222222,138.844444444444,-172.755555555556,960.433333333333,149.988888888889,97.2777777777778,1007.78888888889,-0.522222222222222,0.710676853856123,0.710676853856123,0.710676853856123,0.710676853856123,0.710676853856123,0.710676853856123,0.710676853856123,0.710676853856123,0.710676853856123,2827,1137,960,781,426,554,232,324,183,454.930551335185,433.190300101028,436.430832770705,579.698571428571,403.268571428571,474.124285714286,74010.7697658319,26084.8012478534,4357.13004854704,500195.481428571,440467.191428572,446263.752857143,4.72775148401237,44194.9144897629,0.388867345844762,16595.8129219759,0.795006402240332,13251.3208318381,0.475827253397421,27881.9731854347,0.292287201461186,5147.39048434629,0.172542254620329,14838.7210887214,0,3384.42747132563,0.184807585627912,5145.33274541847,0,1019.20995246666,2
673734,-121,470,-554,-527,851,-393,-38,800,-106,1191,1617,1089,427,1324,525,446,1295,106,171,1029,128,-200,962,141,97,1009,-9,185.17,1026.41,100.9,-172.39,964.23,142.23,117.04,1003.5,-3.33,0,1008.94934610951,0,-239.642391484486,960.067629568907,0,0,996.279424190466,0,249.658306491092,1033.66828818533,237.125241170146,237.48492583741,966.552724893991,226.206741720931,142.037459847746,1007.19529387304,42.0458083523197,28324.586969697,15103.6786868687,46512.696969697,26950.2807070707,4529.97686868687,31252.6435353535,6541.69535353535,7505.16161616162,1774.50616161616,168.299099729312,122.897024727488,215.668024912589,164.165406548002,67.3051028428519,176.784172185616,80.8807477310599,86.6323358577016,42.1248876748195,18.0310680481897,12.0306283956043,8.6622308858392,5.53706916607365,11.3487261300798,4.09487667848959,5.81382522803623,4.53369051890539,3.38108887217569,3.1182679652461,-0.00110614853291267,0.354303761172317,1.23131226556151,2.05927800802558,-0.442893301897525,1.22441206081963,0.557509645928289,0.255166950452149,171,1019,148,-209,953,141,97,1019,0,168.6,1028.3,100.444444444444,-182.355555555556,958.855555555556,146.677777777778,112.455555555556,1000.11111111111,-3.91111111111111,0.77018281481828,0.77018281481828,0.77018281481828,0.77018281481828,0.77018281481828,0.77018281481828,0.77018281481828,0.77018281481828,0.77018281481828,1312,1147,1643,954,473,918,484,495,212,462.233983578438,436.418223976957,434.77009653358,562.491428571429,400.315714285714,478.804285714286,64780.2618126325,45345.6724432012,8987.94623827555,508726.191428571,446482.607142857,444164.935714285,1.61455501594814,33604.825355181,0.853511563818227,17283.5171543065,0.592196198354913,53768.7140041205,0.368126094258645,32226.3118863717,0.354568011690746,5203.42092550255,0.0828448709424669,37181.3202946545,0.221762852018066,6876.68080376228,0.558610495455463,8868.14262958895,0,1860.17419156864,2
675296,-2363,19,-702,-1254,620,-898,-48,733,-145,4272,2539,920,863,1592,525,378,1428,174,196.5,1058,49,-122.5,944,106,189,985,-29,310.78,986.77,39.63,-26.76,985.35,60.19,170.59,1007.98,-26.11,357.62575331696,365.294144505591,0,-436.228419747419,963.412361108069,0,138.352430153801,989.880741299645,0,935.901266160058,1072.26873030971,234.447584760432,392.2653693611,997.581530502645,319.224795402863,197.09091810634,1017.15491445502,61.1902770054197,787198.961212121,177823.431414141,53934.4778787879,154703.052929293,24499.2803030303,99274.3776767677,9842.30494949494,18768.1208080808,3093.45242424242,887.242335110381,421.691156433404,232.237976822887,393.323089748483,156.522459420462,315.078367516349,99.2083915276069,136.996791232791,55.6188135817587,13.3976443925694,5.01214878884457,5.77460646603861,3.27800612513709,6.41502951465772,3.29652882819281,2.37993656705391,2.72596716604278,3.66618229265305,2.54906797095358,0.2044868963838,0.327071522069417,-0.117564942632415,1.31722622915752,-0.777753347093406,-0.148486744563994,0.345636067804218,0.321695334064486,191,1009,108,-236,851,-141,194,952,-38,216.8,979.266666666667,35.2222222222222,-20.7333333333333,974.422222222222,78.4444444444444,170.877777777778,1006.06666666667,-26.5333333333333,0.828418429937968,0.828418429937968,0.828418429937968,0.828418429937968,0.828418429937968,0.828418429937968,0.828418429937968,0.828418429937968,0.828418429937968,6635,2520,1622,2117,972,1423,426,695,319,532.613895709831,471.222945712588,440.713250112793,573.077142857143,436.62,493.911428571429,873881.62341217,200218.765874204,19704.0524767439,891701.605714286,536119.5,461654.228571429,1.72033963409736,789883.866063155,0.588175013528906,181171.450429678,1.4928997106057,59417.8912134935,0.296645462268654,174995.340537293,0.711825596798451,27565.182969913,0.369096453004845,115214.054090092,0.259590874516543,11432.3717973124,0.539846655920314,21967.6587311096,0,2640.00018194778,2
676859,-1656,-421,-415,-1200,657,-858,-87,714,-135,4333,2107,1049,1154,1398,646,407,1438,126,202,1078,143,-245,962,252,169.5,980,14,283.73,993.17,132.65,-96.5,969.62,158.1,164.17,995.39,5.19,332.637507618584,837.982746108551,203.207126047523,-317.559355888193,951.847399461308,0,212.215245184211,980.850903687061,0,898.457071873776,1083.79859291291,259.852361928846,456.569578487222,979.067658540512,343.231904111491,197.21265172397,1002.91348081477,59.7279666487986,734063.027373737,190134.081919192,50431.5429292929,201155.080808081,18596.5006060606,93750.0303030303,12061.6576767677,15186.0584848485,3576.25646464646,856.774782176586,436.043669738699,224.569683905225,448.503155850748,136.368986965734,306.186267332534,109.825578426738,123.231726778653,59.8018098776823,10.378173292839,3.93804594815263,8.20423579876413,3.00062233497364,4.18530640181726,3.84931963720638,2.51316190368927,3.77675846123941,2.2347096176667,2.131366900723,-0.601463024009237,1.03191871281234,0.687064745323607,0.843076375836311,-0.962071029347177,0.00534917479786916,0.590817850475465,-0.247857361407165,202,1058,158,-427,870,383,194,885,38,202.122222222222,1000.83333333333,124.177777777778,-112.066666666667,963.6,178.911111111111,163.333333333333,991.755555555556,5.95555555555556,0.737213515690948,0.737213515690948,0.737213515690948,0.737213515690948,0.737213515690948,0.737213515690948,0.737213515690948,0.737213515690948,0.737213515690948,5989,2528,1464,2354,741,1504,494,724,261,546.60996241067,478.730214228048,435.753068673446,604.092857142857,441.951428571429,499.178571428571,804989.016703475,257862.37887717,15994.4702008264,878300.464285714,550644.6,449269.59,2.69764778131433,716428.830160853,0.932591190826797,190571.525964634,2.37628237119293,51896.4002789513,0.562645204417171,221851.411547944,0.767161609321259,20062.5707374061,0.327173290019296,108147.759032065,0.359729653216989,14197.6603407222,0.428107014972206,17551.7693945127,0,3787.43980530968,2
678421,-313,-107,-534,-972,805,-717,-116,800,-194,1090,1931,722,1281,1398,565,563,1180,155,272,1039,79,-181,962,222,160,995,-24,316.9,992.45,60.55,-86.64,979.05,152.08,183.42,998.79,-27.28,0,1038.50284971262,0,0,968.823040769526,278.244311391778,92.4644763936557,989.572221009864,0,375.585942228939,1050.47151793849,206.446579046493,415.879525824487,984.596135478908,294.44378071204,225.70294636978,1003.35577438912,66.4420047861291,41049.6868686868,119730.714646465,39347.3611111111,167120.495353535,11000.654040404,64210.9228282829,17473.6602020202,9233.68272727273,3707.41575757576,202.607223140457,346.021263286614,198.361692650348,408.803736961314,104.884002785954,253.398742751977,132.187972985519,96.0920534033524,60.8885519418532,6.05721901732623,4.11354916087094,6.11649184679734,3.88966069401378,4.74344622742508,3.78788539313386,2.95961918187306,2.17726113822146,3.83935630183047,1.00898952698598,-0.665276389871137,-0.0146477735301294,0.918572049952569,1.05999640027272,-1.00775031651601,0.354283851921699,0.0407996987545714,-0.270229749988641,242,1088,79,-236,879,90,67,952,-38,305.355555555556,1005.15555555556,59.9111111111111,-108.566666666667,972.044444444444,167.3,180.177777777778,998.8,-26.6444444444444,0.76420450650862,0.76420450650862,0.76420450650862,0.76420450650862,0.76420450650862,0.76420450650862,0.76420450650862,0.76420450650862,0.76420450650862,1403,2038,1256,2253,593,1282,679,380,349,475.439139162273,470.328858883943,439.328596492317,587.1,447.638571428571,494.97,149788.512901974,215780.837272733,17893.8470843444,551646.6,526749.63,455176.787142857,0.517560337431346,46871.7251325451,0.159589101609473,142107.786779707,1.25383338105178,45724.5910184144,0.242914334716101,200038.609060676,0.611348996423228,12609.9761375525,0.134472596762081,77022.0093440923,0.315991573481007,20716.4057887746,0.425279115148723,10894.5582254065,0,3930.2265849974,2
679984,-1575,-1156,-445,-4745,462,-636,-145,685,-902,3959,4676,1326,881,3425,1090,796,1961,524,166,1039,148,-149.5,939.5,207,126,971,0,231.02,964.64,149.35,-139.24,964.09,187.58,120.26,1003.31,-6.87,175.977407464553,720.948295844632,124.715134311034,570.007385366728,928.67603126054,0,0,979.959516634172,0,592.737260512615,1113.27096432091,271.568131414568,601.410209424483,1002.17128775474,336.102305853441,185.182828577598,1018.72603284691,124.643692178947,300976.98949495,311961.525656566,51963.4621212121,345764.103434343,75634.1029292929,78564.145050505,20030.5175757576,31486.6403030303,15645.3061616162,548.613697873968,558.535160626944,227.954956342722,588.017094508607,275.016550282511,280.292962898652,141.529211033474,177.444752819097,125.081198273826,24.2885429479009,22.4945153624317,10.4142552817125,38.7743484162958,65.6068030953991,3.80756169389995,6.67195371883469,15.5485309598478,31.7250479988287,3.06450636032133,2.28865225300988,1.28218413970271,-4.72162896498242,7.17528095552838,0.00190025902142991,0.96141151010047,2.8021425667745,-2.6068783989504,101,823,168,-427,972,191,233,961,-19,192.377777777778,952.688888888889,141.966666666667,-106.822222222222,944.455555555556,187.8,115.922222222222,988.288888888889,-3.86666666666667,0.747806158331233,0.747806158331233,0.747806158331233,0.747806158331233,0.747806158331233,0.747806158331233,0.747806158331233,0.747806158331233,0.747806158331233,5534,5832,1771,5626,2963,1726,941,1276,1426,482.727582065233,473.036154675865,438.791384853124,576.432857142857,433.898571428571,478.585714285714,506559.628412217,435907.460702897,38016.4423326353,713339.55,633859.838571428,466127.768571429,1.56441627971735,280668.765797388,0.953844508459813,315541.894219301,1.05409139957898,39322.3906581223,1.1710208564654,325855.349052931,1.62222063189003,64389.8129707511,0.548130597898352,89406.9542325355,0.754565520310278,22533.5503249135,2.06882806802532,35604.6635431785,6.78023639955239,11807.8406183367,2
681546,-3212,-2186,-1504,-2054,666,-1131,-97,742,-281,5121,4676,712,1136,1453,797,378,1314,388,191,1049,168,-227,944,232,145,990,-9,258.4,1031.1,115.48,-166.11,957.17,152.66,136.87,1005.88,-10.03,199.625653067956,604.840400189436,162.708398490139,0,942.78874875412,0,119.532663062649,991.504304796519,0,823.843492418311,1194.86164889497,291.577468265297,430.850031913658,964.787183787181,342.727209307928,166.326215612573,1013.08461640674,89.0620570164422,618128.828282829,368209.242424242,72405.848080808,159635.573636364,14787.7788888889,95107.9438383839,9021.22535353535,14692.7935353535,7910.55464646464,786.211694318285,606.802473976699,269.083347832615,399.544207361793,121.605011775374,308.395758463673,94.9801313619609,121.213833927294,88.9412988800177,25.974982130451,23.9372529814517,19.6031067583289,7.9046889557382,6.74348750514239,5.8869165611643,3.36850214397392,2.85371980949386,7.94234352089232,2.88277683358303,1.18936929377406,-3.29916611985267,-0.548504186401489,1.02643566585476,-1.41641676629422,-0.424738410515579,0.268277775357429,0.790013089910841,181,1058,168,-263,935,434,135,933,-9,204.611111111111,1014.24444444444,139.544444444444,-161.033333333333,952.888888888889,177.355555555556,139.244444444444,1004.8,-11.5555555555556,0.745709019464098,0.745709019464098,0.745709019464098,0.745709019464098,0.745709019464098,0.745709019464098,0.745709019464098,0.745709019464098,0.745709019464098,8333,6862,2216,3190,787,1928,475,572,669,527.33799929764,466.714793632607,438.960599025668,602.134285714286,404.451428571429,485.451428571429,955538.099975058,219523.290805518,17638.1211831463,939184.234285714,528817.714285714,455115.814285714,5.62752468147738,457874.704564159,1.69374160172448,209241.159381777,1.28695354107285,73870.0672345267,1.2078193797906,130918.685743371,1.4494910240559,14289.8613480712,0.833733373385581,103203.713650975,0.456431287321486,10089.4105346616,0.74648760803083,16808.7462122293,2.14352840486622,6741.176346192,2
683109,-444,343,-524,-1154,787,-242,-97,761,-116,1212,1764,465,790,1222,595,349,1257,145,212,1029,118,-185.5,962,186,101.5,1014,9,228.52,1012.38,116.26,-168.78,962.2,170.4,92.92,1015.44,5.05,281.190992025317,954.965747126616,125.331089096729,-1643.83976464998,958.140443566616,0,0,1007.35843632608,0,316.554766193782,1033.90410580479,179.442581345677,344.960345547137,964.363136997677,221.933098027311,129.003643359403,1019.26783526216,49.1614686517805,48470.231919192,44489.3288888889,18871.9721212121,91425.2036363637,4209.51515151515,20422.3636363637,8088.70060606061,7867.19838383838,2415.50252525253,220.159560135807,210.924936621749,137.375296619196,302.366009393192,64.8807764404461,142.906835513084,89.9372036815722,88.6972287269359,49.1477621591515,10.2197245859657,6.60715922354733,12.058394538098,6.25004102596104,8.2424328955696,4.503494760134,3.81916376511469,4.43683666095629,3.77641363913695,1.45981221814354,0.0850866745708299,-2.09957105258068,-0.0467927631870536,1.34389724930685,-0.685728229870877,0.372670507634316,-0.285168429455286,-0.383462241793487,242,1049,108,-200,972,171,106,1000,29,216.411111111111,1013.47777777778,126.088888888889,-168.455555555556,958.766666666667,176.888888888889,89.9777777777778,1016.78888888889,6.37777777777778,0.699141306335263,0.699141306335263,0.699141306335263,0.699141306335263,0.699141306335263,0.699141306335263,0.699141306335263,0.699141306335263,0.699141306335263,1656,1421,989,1944,435,837,446,496,261,462.192695938951,444.936322793048,439.100388794195,581.64,413.065714285714,477.175714285714,68774.2882945596,104695.203703459,8884.26413868876,514870.397142857,470677.8,453413.875714285,0.584197540874731,56555.4955654164,0.4012723479868,50808.0993901828,0.605425275498637,21675.9612378156,0.580688822679877,106745.66091542,2.93116430552239,4341.18677382834,0.154413281786386,23816.9027604095,0.327507222171186,8625.31547376618,5.06037690553059,9276.44474295993,0,2495.2786955414,2
684671,-1676,-156,-1237,-1336,574,-626,-126,723,-184,3535,2529,762,1018,1361,1151,281,1685,310,136,1039,188,-190.5,957.5,161,87,971,48,120.03,1075.75,204.55,-127.88,981.92,179.46,91.53,1005.83,44.61,0,902.794022053821,239.93481851996,-314.876591541494,963.350147044693,0,0,988.439816023865,0,604.743805259715,1156.63200284274,322.89349637303,467.868870518225,990.969706903294,324.190530398406,120.497676326143,1015.88818774509,84.7544099147649,354856.433434343,182383.361111111,63050.0075757576,204593.924848485,18034.4177777778,73629.9074747475,6203.98898989899,20540.2233333333,5245.71505050505,595.69827382186,427.063649952921,251.097605675079,452.32059962872,134.292284878089,271.348313933858,78.7654047783606,143.318607770706,72.427308734379,15.3044355628689,4.14371334082493,14.2272139292688,3.04913939084062,3.81299839532497,4.95670887197975,3.25548102768921,8.04653422900188,6.32371192675865,2.05516591200038,0.0585438038597106,-2.11108990538627,-0.0928128922127935,0.271425687935634,0.407948745375764,-0.239306029592301,1.65219570282575,0.422888016558789,191,1029,158,-227,944,131,145,904,77,85.7555555555556,1075.26666666667,221,-125.822222222222,979.444444444444,172.8,92.5444444444445,995.833333333333,43.8555555555556,0.68250171850289,0.68250171850289,0.68250171850289,0.68250171850289,0.68250171850289,0.68250171850289,0.68250171850289,0.68250171850289,0.68250171850289,5211,2685,1999,2354,787,1777,407,962,494,538.688598930382,479.985121799068,435.724902395284,600.141428571428,442.928571428571,489.415714285714,442127.544989426,249732.865434749,22536.4678636212,774759.801428572,559723.602857143,451599.347142857,0.295890475323135,379577.418557341,0.122987760776216,211366.878648668,0.430403938877655,68420.7370245572,0.360367592685539,243577.914269582,0.656916638452853,20492.1876902324,0.655870695820079,86473.2066797722,0.318394242312383,7051.59628819103,0.747931660318773,23179.4567184141,0.524735932957619,5891.82098743545,1
686234,-2161,-549,-1445,-1845,574,-818,-145,809,-291,5151,2137,1247,2263,1555,818,456,1514,223,141,1058,188,-204.5,957.5,176,130.5,990,29,269.02,1148.88,202.59,-126.7,976.52,214.11,116.37,1014.53,32.77,267.914301091209,874.646412968101,214.678485487075,-495.478157205136,951.697885642862,362.214760268685,0,1001.65848108226,0,1019.29790542314,1258.51593553677,409.59073475849,619.713853322644,989.016653044831,353.987160784117,160.658301995259,1021.74928920944,81.9371100295831,976360.06020202,266603.136969697,128001.880707071,371709.464646465,24810.736969697,80266.4827272727,12393.0435353535,14848.9788888889,5696.78494949495,988.109336157705,516.336263465677,357.773504758347,609.679805017736,157.514243704171,283.313400190095,111.324047426212,121.856386327877,75.4770491573097,10.3391233216531,3.93133286667674,8.25983172682472,5.83041846342323,4.74407403938644,3.98785282207989,3.99044885899119,5.27177467902942,5.45946882217164,2.00427714024437,-0.599739121609911,-0.431795201363893,0.530291694620814,0.628288432388109,-0.226718137331463,0.296169321180734,1.3093572653025,-0.630797417940436,141,1019,227,-209,1018,60,155,923,29,200.922222222222,1172.52222222222,202.555555555556,-139.455555555556,972.822222222222,217.933333333333,113.011111111111,1004.98888888889,34.7,0.726350336993578,0.726350336993578,0.726350336993578,0.726350336993578,0.726350336993578,0.726350336993578,0.726350336993578,0.726350336993578,0.726350336993578,7312,2686,2692,4108,981,1636,601,705,514,640.687075427107,503.644277918947,441.591041302298,694.495714285714,455.97,498.715714285714,1069678.063103,379896.152429895,14998.4948595536,1195969.35,637502.618571429,461355.595714285,0.30881494070342,1129659.12721748,0.165097272150243,283011.590654595,0.357845578812353,134655.655709256,0.723093477805513,428014.018816996,1.00540010872425,26134.8439719333,0.381738994573035,93308.2066101232,0.315850751397609,14406.0734783309,0.40561190272861,16892.0740682841,0.730003047708603,5850.51987430686,1
687796,-2363,49,-2297,-1209,620,-696,-97,657,-174,5050,3117,1277,1736,1462,858,475,1980,330,141,1049,198,-218,948.5,161,106,952,29,328.65,1144.66,163.18,-122.39,981.82,136.11,116.28,1002.58,28.45,0,805.393452329132,213.80152757679,0,963.681411245268,0,0,972.351778516837,0,984.594256534132,1232.99221408734,510.716555439512,487.825327345762,991.205831298424,284.396993654996,153.558783532561,1022.70305563247,88.3977940901242,870116.189393938,212144.731717172,236569.381414141,225246.704949495,18705.543030303,62985.5736363637,10160.8703030303,41166.5490909091,7075.52272727273,932.800187282324,460.591719114849,486.383985565049,474.601627630474,136.768209136126,250.969268310611,100.801142369669,202.895414169244,84.1161264400158,11.3372170304785,5.97014021689365,13.7402843340863,5.05024766459845,4.00500060011471,4.04959268191784,6.40695892493767,12.3494668095187,4.0918260720206,2.14428308327783,0.932009443119623,-2.64593077225353,0.54314290123693,0.643935975903682,0.048133957364582,1.10813400965822,2.51170895997412,0.23418851776375,101,1019,148,-345,907,151,116,895,0,248.544444444444,1128.53333333333,214.644444444444,-133.366666666667,977.077777777778,133.266666666667,110.888888888889,981.777777777778,27.0888888888889,0.71970029895822,0.71970029895822,0.71970029895822,0.71970029895822,0.71970029895822,0.71970029895822,0.71970029895822,0.71970029895822,0.71970029895822,7413,3068,3574,2945,842,1554,572,1323,504,623.083532749945,477.612854978208,435.908260511766,701.352857142857,426.66,491.704285714286,992552.962628085,252895.435055357,44953.1312025669,1178797.30714286,557718.942857143,461706.861428571,0.41084979889048,893051.076021041,0.331592322068344,221024.745274137,0.71581069981308,233490.605591822,1.00558872976503,262378.727743273,0.88447318590862,20304.4540742617,0.53577834467999,71873.2034424418,0.479380745892575,11261.2010863891,1.22107795167003,48537.7203103065,0.449871270561677,7511.96557890672,1
689359,-1626,-117,-2326,-1000,564,-545,-194,800,-300,2434,2205,1742,827,1462,1232,330,1533,262,131,1137,247,-172,957.5,222,77,1019,38,217.74,1203.98,182.23,-153.42,981.91,183.7,67.85,1025.73,34.46,0,1029.743072712,397.127384495088,-1891.97823587028,949.968238721013,-689.641628539464,0,1006.94951617029,0,817.49848929524,1327.27111774498,498.864260094868,482.321386629289,997.934932748624,367.994157562318,117.257537071184,1035.7412176794,93.5076467461352,627164.719595959,315233.110707071,217836.138484848,211208.306666667,32047.3554545454,102701.02020202,9238.08838383838,20846.3001010101,7632.51353535354,791.937320496995,561.456241132887,466.729191807035,459.574049165819,179.017751786088,320.469998911006,96.1149748157819,144.382478511106,87.3642577679999,4.55307723724999,2.3374721748782,17.2654247714655,2.25677660427345,3.39477525538769,3.24553597801163,3.24470852231895,3.55258454342558,5.88976073575568,1.01002012198688,-0.18300032400528,-2.76635182915757,0.0426486768027189,0.47177259862974,0.161656781914459,-0.2935222635363,0.746452655646074,-0.843472868524315,181,990,237,-190,916,303,106,1057,19,190.644444444444,1215.25555555556,226.677777777778,-160.044444444444,976.377777777778,178.077777777778,70.0111111111111,1017.42222222222,37.4222222222222,0.768200289650149,0.768200289650149,0.768200289650149,0.768200289650149,0.768200289650149,0.768200289650149,0.768200289650149,0.768200289650149,0.768200289650149,4060,2322,4068,1827,898,1777,524,733,562,637.737841262799,489.039054239357,444.060465273964,687.407142857143,433.795714285714,483.445714285714,807660.300712601,242261.220897249,21364.6808918384,1148064.83571429,584540.464285715,469394.091428571,0.505503148766833,722907.673906924,0.0791241561810177,364108.341615879,0.377415647705476,196949.105477966,0.075995957158167,250970.145451684,0.586386012841488,35409.2738405837,0.5295838347393,120047.175876771,0.392800734212643,10559.7156420866,0.245384485636547,23525.4038016791,1.13533520999214,7625.31602020067,1
690921,-1070,78,-1801,-1036,731,-424,-77,752,-106,2929,2480,1158,845,1629,959,349,1685,339,141,1058,193,-218,957.5,181,116,980,33.5,212.78,1164.33,209.89,-166.16,980.37,204.99,110.83,1011.27,38.37,0,846.444629848601,205.796196091404,0,968.289923878202,300.799982266085,0,994.828861096991,0,609.718787639023,1233.25734135257,417.19785474041,426.642754538267,987.281535328196,322.042962972334,138.560059180126,1021.11404358181,84.541646541808,329779.466262626,166928.607171717,131313.371616162,155974.640808081,13736.8617171717,62313.908989899,6985.45565656566,20208.9667676768,5732.35666666667,574.264282593499,408.568974803175,362.371869239545,394.936249042907,117.2043587806,249.627540527681,83.5790383802401,142.158245514204,75.7123283664336,11.2454689049725,4.20352974248237,13.2910744163185,3.27990079886439,11.2263549228834,3.68863045804144,3.0934139461792,8.07760680629119,5.8711190296797,2.44585522804089,0.248137858054599,-1.64648012235084,0.227561094902319,1.87286538704027,0.274489152957759,0.268005193698954,1.8653005269706,1.15182621730504,141,1019,138,-272,916,272,58,923,-19,151.922222222222,1163.47777777778,224.177777777778,-170.277777777778,973.211111111111,202.511111111111,109.033333333333,997.988888888889,33.5555555555556,0.689703907672028,0.689703907672028,0.689703907672028,0.689703907672028,0.689703907672028,0.689703907672028,0.689703907672028,0.689703907672028,0.689703907672028,3999,2402,2959,1881,898,1383,426,933,445,571.377778831171,473.689827270849,438.940669151879,680.142857142857,436.8,497.344285714286,392430.084057223,169445.353416214,21499.7727200951,885743.451428571,540197.374285714,458151.458571428,0.138577753862134,363616.608638111,0.114449209034369,189954.514428654,0.33247310576824,137911.397515766,0.312176249943652,177396.816204079,0.633936984800111,14731.1692223404,0.413672244405294,70214.8517462162,0.541833034619309,7222.00561764725,0.654916192631632,23721.2038918714,0.383665572097979,6383.70130795607,1
692484,-1878,117,-2059,-1709,759,-414,-145,800,-116,4020,2705,792,772,1314,1010,262,1390,223,146,1039,222,-140.5,944,171,72,985,48,272.92,1074.64,159.82,-84.63,966.71,154.12,69.22,1016.2,40.34,0,773.256017627896,204.644374223829,0,954.942295301455,0,0,1005.11877417916,0,789.825411087792,1174.50078756891,459.741840601875,456.945806414721,972.819382002641,287.943570860681,98.0969928183326,1022.34069663689,68.4838667132632,554887.730909091,226869.667070707,187697.098585859,203673.972828283,11969.0160606061,59756.0864646465,4880.41575757576,12644.5050505051,3093.66101010101,744.907867396426,476.308373924611,433.240231956658,451.302529162294,109.40299840775,244.450580822886,69.8599724991054,112.447788108549,55.6206886877627,11.2878442173572,4.85334569740098,11.698092426988,3.7693377074488,3.03804561678498,4.00291994919827,4.15831515486957,4.2428264275687,5.49002555444655,2.02880369653431,0.693822732334888,-2.64019725258471,-0.538584728575043,0.554829037579315,0.406303712195244,-0.23013916563393,1.20075521662954,0.5153097080755,151,1019,207,-200,925,181,97,980,48,209.744444444444,1053.57777777778,212.677777777778,-70.4,963.266666666667,149.033333333333,69.7888888888889,1007.88888888889,38.5666666666667,0.670257093811906,0.670257093811906,0.670257093811906,0.670257093811906,0.670257093811906,0.670257093811906,0.670257093811906,0.670257093811906,0.670257093811906,5898,2588,2851,2481,555,1424,407,590,339,567.540244357736,468.180579814097,438.490377829077,646.02,444.085714285714,482.468571428571,736977.287228238,231075.04958081,15055.6232433699,949130.931428571,530609.365714286,454068.668571428,0.370942166342675,610102.776070911,0.219635867761416,264084.098695566,0.392566987873259,199750.900308537,0.813750619424423,230081.560765249,0.490916562501198,12289.0975376429,0.711203014379443,69345.8538114732,0.941656412028932,5405.07253869282,0.897953783541479,14559.7301388277,0,3410.84926600973,1
694046,-1646,107,-2386,-863,638,-161,-135,800,-184,1848,2833,1168,518,1379,636,359,1247,262,151,1019,207,-218,944,171,121,985,38,132.67,1017.39,137.17,-158.88,962.45,161.48,104.9,1001,33.53,232.290800908945,836.082626112504,259.515791117525,-626.026897580238,946.706334942495,0,0,992.877436881036,0,405.515412777369,1076.16409064789,484.915487482097,330.50240543754,970.539030642251,214.521933610529,139.770025398867,1005.17351735907,69.6346896309591,148324.667777778,124289.634242424,218512.546565657,84837.3591919192,15793.946969697,20145.3228282828,8617.82828282828,8457.37373737374,3762.35262626263,385.129416920829,352.547350355132,467.453256022093,291.268534503676,125.673970931522,141.934220074945,92.8322588480334,91.9639806520669,61.3380194191386,12.8525964272401,10.7108726352611,20.4022033580955,3.14162352496054,3.79598457003873,4.70707554880278,2.85953171980891,2.70298402671693,5.37125436334384,0.721492696583349,1.46334405725003,-3.82741031417728,0.257944465788833,0.573711561398185,0.454656308411071,-0.336136847063256,0.460566521444826,-0.110003806719813,151,1009,207,-245,944,222,145,923,77,115.988888888889,1001.41111111111,198.166666666667,-159.566666666667,959.788888888889,157.188888888889,106.522222222222,998.311111111111,34.2333333333333,0.687315092830927,0.687315092830927,0.687315092830927,0.687315092830927,0.687315092830927,0.687315092830927,0.687315092830927,0.687315092830927,0.687315092830927,3494,2726,3554,1381,741,797,494,447,446,491.770142230572,444.627805217736,434.272100647339,551.67,413.592857142857,488.327142857143,346734.304899255,93472.6768368031,9655.33961071321,667592.112857142,470227.504285714,443467.907142857,1.44488201751231,137618.406019515,0.642345555991289,131393.702698834,1.12307078170881,240511.498096656,0.337381400369968,97841.6190495814,0.644556097527531,18077.5737866116,0.70058823304939,23071.0967020522,0.185280649494821,9794.58460687884,1.00114963524815,9710.88427203,0,3797.87889401729,1
695609,-1969,-1156,-2900,-1845,500,-646,-97,638,-330,3626,3764,1356,563,1314,818,359,1419,262,181,1019,217,-208.5,962,191,116,1009,24,193.01,1036.92,150.41,-193.7,961.82,191.45,98.72,1017.72,17.21,201.501256963479,886.111759720859,176.796695874878,0,941.706996842158,130.400917705889,0,1004.2123037931,0,645.268804452842,1156.32610452242,582.894407247145,413.102892751915,970.782890248896,271.68674976892,139.336499166586,1024.3938207545,92.0733946371046,382948.454444444,264532.296565657,320346.183737374,134479.101010101,17496.6743434343,37535.946969697,9766.68848484848,13766.3652525253,8263.96555555555,618.828291567576,514.327032699679,565.991328323477,366.71392257467,132.274995155677,193.741959754971,98.8265575887801,117.330154915628,90.9063559689616,16.0664339932136,14.2947707096724,16.1296948776233,6.22704725319354,4.02893657398372,6.86347937026465,2.47399232592902,4.66512425785981,6.12426261628894,1.58785831966962,1.25643560901288,-3.18986156167635,-0.631117632684616,-0.262607357977663,-0.538003507953688,-0.154993287525634,0.354256774830111,-0.771272749678808,181,1009,247,-245,962,222,116,1009,48,171.922222222222,1013.28888888889,221.344444444444,-184.011111111111,964.111111111111,194.422222222222,98.8,1015.07777777778,19.9777777777778,0.70379004024658,0.70379004024658,0.70379004024658,0.70379004024658,0.70379004024658,0.70379004024658,0.70379004024658,0.70379004024658,0.70379004024658,5595,4920,4256,2408,814,1464,456,781,592,543.415290278245,460.674437530386,442.06864721478,591.574285714286,411.244285714286,485.85,676719.719597652,145806.782588532,15702.4467938021,897097.62,508665.904285714,461689.23,3.4632308981983,251764.268890448,1.12091120418579,187427.2168206,1.11288867572142,367101.872416942,0.553313335359558,133740.476386321,1.78421394059265,18030.4261197026,2.01359632233399,39775.2109212111,0.297838627308721,11423.8159506522,2.52537958656143,15951.1308946241,1.22476405189405,7856.22309072629,1
697171,-2020,450,-3564,-1754,444,-676,-106,542,-223,1111,2813,1356,854,1574,818,339,1476,213,207,1029,237,-190,962,191,116,1009,19,183.29,1032.26,131.86,-167.71,969.5,161.54,102.67,1017.97,14.93,338.269171834074,943.30717653586,256.688929223484,-263.048244269191,939.21372532951,0,0,1000.28701375875,0,456.662621636586,1090.74407630755,722.246661466843,461.054823204356,983.109739550982,259.919256693305,136.892037752384,1026.86255652838,79.1364012323027,176712.652424242,125416.093333333,509346.646868687,186307.985757576,26842.9393939394,41881.6650505051,8281.11222222222,18367.4637373737,6100.67181818182,420.372040488235,354.141346545886,713.685257567148,431.634087807689,163.838149995474,204.650103959185,91.0006166035276,135.526616342967,78.1067975158489,16.1737789380835,15.2392942695612,17.4580582508938,5.30531616422947,7.50320957173085,9.03476625132645,2.67317110184949,6.83744436219892,3.85113334934212,-2.90327154793786,2.81806831062106,-3.5006355817844,-0.379731458674167,0.57685392265806,-1.35836801735841,-0.0644632868281774,0.854425833191533,-0.431681004749232,202,1009,207,-190,944,242,135,1028,38,219.033333333333,998.544444444444,229.688888888889,-160.677777777778,966.166666666667,173.644444444444,102.1,1009.54444444444,16.5888888888889,0.68250171850289,0.68250171850289,0.68250171850289,0.68250171850289,0.68250171850289,0.68250171850289,0.68250171850289,0.68250171850289,0.68250171850289,3131,2363,4920,2608,1130,1494,445,934,436,535.814739260467,467.901808740437,441.626161700621,577.461428571429,412.855714285714,486.672857142857,602361.509024902,194893.684272627,18506.1514357834,822815.841428572,534271.855714286,462620.875714285,11.179329368331,169470.697213141,1.32237358434768,128664.886778105,0.892008565782186,585205.757677095,1.30037481520339,220036.800859675,3.40758449298893,29682.499144614,1.7195779112523,45159.9510574038,0.640179354692876,9744.26634412977,2.17491880995811,21200.7110924569,1.21031493882812,6370.09316140898,2
698734,-515,843,49,-509,787,-151,-67,857,-87,434,1078,485,0,1101,555,291,1142,97,161,1009,188,-227,962,146,77,1014,19,133.38,1011.99,192.81,-235.76,948.6,157.34,79.67,1009.21,11.35,248.205193868794,1010.87525663027,172.27211068335,0,944.231683931721,0,0,1005.63545481997,0,195.633381609581,1012.51855785462,202.621297005029,256.705706987593,950.702140525622,215.622076791779,113.460521768587,1010.9399240311,44.2351670054494,20689.0864646465,1080.87868686869,3918.88272727273,10419.2347474747,4032.92929292929,21956.5701010101,6591.9001010101,3530.00595959596,1846.39141414142,143.837013541878,32.8767195271774,62.6009802421075,102.074652815842,63.5053485379719,148.177495258255,81.1905173096594,59.4138532633254,42.9696569004387,8.09402123724903,8.8247194707289,6.95279590906142,3.05445088281306,2.88294517858088,3.04383896198227,2.87801779855493,2.76852679566594,2.34821461712614,-1.77638916967704,-1.3817605704663,1.14241254389059,-0.507022724515197,-0.433323268415412,0.607108016891248,0.523038678095551,-0.43870688475448,-0.112226046756339,161,1009,188,-245,990,80,106,1057,-29,146.055555555556,1013.61111111111,189.633333333333,-232.822222222222,949.933333333333,152.033333333333,76.4444444444444,1011.34444444444,11.6111111111111,0.745709019464098,0.745709019464098,0.745709019464098,0.745709019464098,0.745709019464098,0.745709019464098,0.745709019464098,0.745709019464098,0.745709019464098,949,235,436,509,314,706,358,285,184,450.23278315202,431.67378845356,435.609914613457,573.505714285714,372.934285714286,471.527142857143,21874.7951726256,29170.8243263608,7045.55112398482,473366.417142857,435525.111428571,444355.53,1.00714426636328,20228.251526687,0,859.489849718947,0,2934.91110915065,0.418037792587492,11890.3690200464,0.31046002839577,4497.19079928819,0.66692330380566,24933.153474273,0.165284568627714,7857.81641560306,0,4053.95154450583,0,2038.43312510926,2
700296,-414,941,9,-545,842,-191,-58,866,-155,404,1137,297,45,1138,686,281,1180,77,151,1019,178,-222.5,953,131,97,1009,-33.5,131.14,1018.79,177.98,-227.5,952.92,139.06,100.82,1012.33,-27.39,126.871968303522,1017.76203981952,139.693450362876,0,948.731148123126,0,0,1008.12808899551,0,183.820075073426,1019.30743644889,185.497439335426,255.782642100671,955.037779357445,197.17043388906,132.635214027045,1014.42965749233,53.0300858004209,16759.7175757576,1065.23828282828,2760.0197979798,13806.5757575758,4081.44808080808,19735.854949495,7502.45212121212,4298.48595959596,2082.80595959596,129.45932788238,32.6379883391774,52.5358905699694,117.501386194273,63.8862119772967,140.484358380195,86.6166965498692,65.5628397767818,45.6377690032714,8.92576640327424,4.57645898170261,3.37798690561344,3.02373148736693,2.82755146348084,4.53322556604122,2.22759375406238,2.52811531185647,3.03040455756096,-2.03667825025884,0.326841413582358,-0.135898627703861,-0.379260995112712,0.295263496997737,0.779231616759061,0.15853785911423,0.103656234688586,-0.103425094244296,131,1019,207,-227,953,151,87,1019,-38,144.133333333333,1018.08888888889,177.977777777778,-225.333333333333,951.244444444444,133.755555555556,99.9444444444444,1011.86666666667,-26.5444444444444,0.796883141014166,0.796883141014166,0.796883141014166,0.796883141014166,0.796883141014166,0.796883141014166,0.796883141014166,0.796883141014166,0.796883141014166,818,196,288,590,296,877,339,314,232,450.744403674182,431.602603714756,438.102692849034,569.104285714286,370.491428571429,465.325714285714,17821.3233708809,28988.8447636213,8331.56838572664,474508.615714286,435599.185714286,449773.637142857,1.18974802803063,16719.058074056,0,910.113410807333,0,2542.47633397026,0.560707432675148,16067.7741294802,0.230809155537389,4616.36134952494,1.29117442659219,22661.3241091555,0.126589843869816,8640.16276069982,0.463952392565898,4939.98782863247,0,2207.06777413665,2
701859,-525,960,0,-436,750,-60,-48,847,-116,595,1196,366,0,1092,666,242,1152,97,141,1019,173,-222.5,953,141,116,1019,-9,133.48,1018.98,169.75,-222.39,956.94,145.6,105.42,1015.58,-7.77,0,1018.21144918984,0,0,952.44406318718,0,0,1010.67130545627,0,175.109794129283,1019.3844417098,175.39284477994,244.236053849549,959.137956709044,172.944557589998,119.862921706423,1017.95388893604,40.7665303895242,12976.2925252525,832.726868686868,1967.2601010101,10296.906969697,4253.99636363636,8798.44444444445,3286.6096969697,4876.14505050505,1617.71424242424,113.913530913814,28.8570072718373,44.3538059360198,101.47367624018,65.2226675599547,93.8000236910655,57.3289603688197,69.829399614382,40.220818520068,19.754375613336,15.6288585710164,8.05549157637892,2.38953124552795,3.03060679564926,10.9761357832834,3.13567692686129,2.54094571223147,3.34870399494251,-2.33247425546936,2.13149252481782,0.0559972173364972,0.0577321715607356,-0.164908309926097,1.63984499285159,-0.327777417442923,-0.364346308803026,-0.0842273897719555,131,1019,168,-218,935,161,116,990,-9,140.711111111111,1017.88888888889,170.055555555556,-222.688888888889,957.855555555556,141.6,106.555555555556,1017.37777777778,-7.43333333333333,0.724144758863798,0.724144758863798,0.724144758863798,0.724144758863798,0.724144758863798,0.724144758863798,0.724144758863798,0.724144758863798,0.724144758863798,1120,236,366,436,342,726,290,305,213,449.287137013333,430.262771311768,438.622058565737,566.661428571429,377.207142857143,477.098571428571,13845.9528784947,16761.559301435,4909.76761877681,471673.17,432645.724285714,450968.207142857,2.65102260100666,11474.7609886602,0,677.463189924656,0,1371.34129306651,0.254208533204986,12037.8200893906,0.197625127310443,4779.72833918021,0.661423723178843,10200.3531849928,0,3662.52874684043,0.330935618808608,5772.8548972758,0,1817.04512515719,2
703421,70,970,79,-427,805,-20,29,838,-97,242,1068,217,-27,1083,373,174,1161,87,141,1019,158,-213.5,953,171,126,1019,-9,145.24,1018.09,161.71,-215.89,955.61,152.39,117.55,1006.94,-10.09,136.18865095205,1017.82177801724,155.8386934383,-144.247208783074,950.394230016349,0,106.577119330327,1000.93258471007,0,149.568847023703,1018.2248523779,164.372960063388,239.278060005509,958.223945641101,172.335631835091,121.278646100622,1009.90405484878,34.5599479166274,1289.07313131313,277.375656565657,877.117070707071,10753.0281818182,5053.1897979798,6542.2807070707,899.502525252525,6038.4206060606,1103.61808080808,35.903664594483,16.6545986612003,29.6161623224055,103.696808927846,71.0857918151004,80.8843662710582,29.991707608146,77.7072751166878,33.220747746071,2.36547605194092,3.71727742413257,2.38994810363985,1.90476565800049,1.97741692312299,2.56806610982334,3.07767892399926,2.18473202271521,3.11811263376076,0.217205208804722,0.385435040691807,-0.15892678231792,0.0431504875608696,0.122282016684024,-0.192130688038341,-0.576981013927824,-0.0612727360938875,-0.00226258903375472,121,1019,158,-300,888,171,116,1019,-9,144.933333333333,1017.73333333333,162.277777777778,-215.888888888889,955.555555555556,152.755555555556,118.677777777778,1007.45555555556,-10.0333333333333,0.70609709890515,0.70609709890515,0.70609709890515,0.70609709890515,0.70609709890515,0.70609709890515,0.70609709890515,0.70609709890515,0.70609709890515,172,98,138,400,278,393,145,323,184,446.583234015872,429.287941660321,434.900614212254,567.874285714286,382.332857142857,477.6,1567.99428285609,18037.6872129508,6718.12406166683,465501.925714285,430777.152857143,443918.185714286,0,1366.93331808192,0,285.787015151159,0,1008.75771374807,0.130562079913819,12901.9931393976,0.0547791302018157,6049.46446715313,0.14320255789478,7788.87379239925,0,1019.67869657321,0.144862935214072,7212.44877965091,0,1179.53622044571,2
704984,-525,-1117,-316,-4745,148,-525,-242,457,-436,1707,4480,643,1336,2509,1070,873,2171,1135,141,1019,168,-213.5,935,161,77,990,19,179.5,1044.29,165.01,-230.67,932.38,166.28,65.02,1006.77,15.52,0,951.865259646777,194.281556764041,0,834.601360822312,0,0,982.629154239373,0,362.528785064028,1196.26739067819,215.413393269778,582.414345633759,960.519068004379,247.802058102833,159.137550565541,1021.42600808869,147.510677579625,100208.95959596,343953.601919192,19368.313030303,288886.687979798,53802.44,34097.7995959596,21310.2622222222,30025.5122222222,21735.8884848485,316.557987730462,586.475576575182,139.170086693596,537.481802463858,231.953529828714,184.655895102105,145.980348753598,173.278712547798,147.430961757863,9.82427513193229,26.1062576783918,7.49223561748176,51.7261173727923,25.2323219754728,11.1111334385392,10.7398014728344,23.2525726185405,36.4088935164553,1.92818324659399,3.53755134323365,0.701464528871671,-5.69301644260905,2.61663127758231,0.157010414037005,1.53565014204877,3.17862094730323,3.59654217833069,141,1019,198,-218,962,141,155,990,0,155.1,997.611111111111,158.922222222222,-206.4,924.2,170.277777777778,59.1888888888889,992.655555555556,17.5555555555556,0.751968636868419,0.751968636868419,0.751968636868419,0.751968636868419,0.751968636868419,0.751968636868419,0.751968636868419,0.751968636868419,0.751968636868419,2232,5597,959,6081,2361,1595,1115,1714,1571,486.761508181201,448.949363640583,439.109739813131,595.2,371.995714285714,465.99,380048.048346349,330626.136038467,49487.7013434526,689522.451428571,567089.661428571,467312.25,1.07893110320847,104131.676098092,2.17171733920605,388029.968306056,1.03602815328199,18711.938219589,3.25791804054959,251859.25217241,3.54530696127732,59051.0108141076,2.89437185995687,37060.8806915513,0.799847720106993,23092.0969647397,2.12677459887934,33251.2711783383,11.8860792243874,18817.8325093857,2
706546,-3363,-127,-2069,-1745,546,-696,-223,819,-184,4424,2313,1257,1318,1611,1000,320,1428,427,116,1083,198,-200,935,111,97,975.5,58,216.39,1136.55,156.17,-150.08,971.65,150.52,78.69,1024.9,53.75,734.231761927118,500.984923146599,0,-1312.67077030992,925.311525732949,0,0,1004.43889894118,0,976.678529507023,1272.71434736943,413.207974269616,537.145995051625,995.504992453579,342.964604587704,133.797421499818,1036.03501871317,105.338644380873,916238.704949495,331369.603535354,147830.061717172,268688.70060606,47400.4722222222,95927.7268686868,11827.913030303,23180.3535353535,8290.06818181818,957.203585946843,575.647117195382,384.486751029436,518.351908076029,217.716495062322,309.722015473048,108.756209157468,152.250955778128,91.0498115419147,8.52897910117293,2.51626269030431,15.1948498464383,3.44670634701367,3.5279517990561,2.9756072675479,3.32165216598561,2.73909505787789,5.91991402471137,1.17231946245768,-0.181050282082587,-2.53720286519393,-0.0273977706368036,0.646321203004226,0.265743024365007,-0.348319066746292,0.789590352089744,0.299792032419337,141,1009,198,-309,916,-202,145,942,67,162.655555555556,1142.06666666667,192.655555555556,-152.711111111111,963.388888888889,146.8,80.4333333333333,1016.3,53.1333333333333,0.762191175739667,0.762191175739667,0.762191175739667,0.762191175739667,0.762191175739667,0.762191175739667,0.762191175739667,0.762191175739667,0.762191175739667,7787,2440,3326,3063,1065,1696,543,609,611,625.41488861791,488.213251899862,445.116113681185,646.761428571428,416.61,496.002857142857,1039114.79641917,313006.72612193,24661.5986941647,1176190.11,598791.741428571,472442.802857143,0.837032346213192,1033907.46430433,0.106016935172193,382613.608411016,0.591297654949042,113362.489950859,0.336665466967304,310193.613703725,0.83186426585052,54008.0726217686,0.508453847091747,109552.040338755,0.300043421862402,13609.648366734,0.468728995891111,26104.2650078106,1.00670519211518,9597.38345389911,1
708109,-1959,39,-2405,-1118,675,-464,-174,838,-203,2151,2549,1485,836,1472,969,339,1533,378,111,1058,198,-272,948.5,176,87,966,38,160.79,1162.43,174.06,-201.29,979.77,191.04,77.75,1014.78,48.67,228.445674504279,765.139381031241,0,0,957.627298730214,0,0,996.072087130001,0,561.480017453872,1243.37771815326,452.4521411155,450.521753081913,991.808151811629,302.894503086471,117.044649600056,1025.74738605565,93.7477999741861,292329.682727273,196711.762727273,176177.834747475,164093.117070707,23973.8960606061,55806.8670707071,7731.70454545455,22605.3046464646,6484.72838383838,540.67521001732,443.521998019571,419.73543422908,405.084086419977,154.835060824757,236.234771087381,87.9301117106907,150.350605740265,80.5278112445531,8.90623276772927,3.60594926231158,21.9287698761307,3.1188737677323,4.21041397719069,4.26996598621488,3.5808602107743,4.60168647263727,5.7708812857567,1.09604654880622,0.273589787448862,-3.40286856762209,-0.0738989021486277,0.945178442548497,0.228667594630309,0.103217269177003,1.41793608490003,0.225838981890976,161,1019,207,-318,888,141,97,914,29,124.455555555556,1165.48888888889,218.133333333333,-198.688888888889,970.588888888889,189.244444444444,76.3555555555556,1000.78888888889,48.8888888888889,0.699141306335263,0.699141306335263,0.699141306335263,0.699141306335263,0.699141306335263,0.699141306335263,0.699141306335263,0.699141306335263,0.699141306335263,4110,2510,3890,1954,797,1433,513,695,581,567.290689845222,474.910764389747,439.326475013323,641.691428571429,415.508571428571,489.085714285714,389186.591218297,183178.165690889,24446.3048677814,885411.814285714,547885.002857142,460562.485714286,0.46090981909658,317137.677187873,0.145461412234401,226350.690957075,0.352943984291823,164617.54993,0.173490504564979,181068.013874347,0.723192229991018,27121.2703533633,0.433743836148129,62107.1449506148,0.430722144504883,8799.73408727111,0.490230654355111,26855.4065235393,0.730793731879225,7196.40405068515,1
709671,-2555,-166,-1257,-1327,592,-818,-165,819,-174,3202,2098,1178,900,1509,1010,281,1638,349,111,1083,198,-167.5,935,136,58,980,58,222.42,1106.99,222.04,-79.3,967.84,143.35,56.46,1024.89,60.11,-583.368131943337,919.761456170416,214.6292889224,0,937.523338840899,1175.40175280148,0,1005.67522752179,0,872.562639585262,1212.16825152287,417.459818425678,465.730608828752,983.563785425226,360.780944618753,98.8913545260656,1036.2007382742,106.833562142241,719085.761212121,246388.898888889,126233.271111111,212743.949494949,30993.3882828283,110720.876262626,6658.35191919192,23547.9372727273,7878.98777777778,847.989245929523,496.375763800862,355.293218498624,461.241747346171,176.049391600279,332.747466200159,81.5987249850874,153.453371656433,88.7636624851508,6.5988818121336,2.65097040761876,8.3138700187143,2.75364215465649,3.77499668674014,3.88305783915666,3.90065199151965,5.89824645937507,5.17964902763124,1.02046635503582,-0.249774657648632,-1.55426342340472,0.02359588233117,0.683553898807807,-0.0885694552341193,0.0800811741216149,1.54526613023705,0.790867824152974,111,1088,158,-345,879,60,19,961,48,181.022222222222,1117.04444444444,249.344444444444,-78.2111111111111,962.266666666667,146.255555555556,56.5,1010.66666666667,55.3555555555556,0.728544874833431,0.728544874833431,0.728544874833431,0.728544874833431,0.728544874833431,0.728544874833431,0.728544874833431,0.728544874833431,0.728544874833431,5757,2264,2435,2227,917,1828,446,819,523,602.064882511774,479.572177661334,443.504096600204,664.907142857143,442.238571428571,489.197142857143,835890.463571482,248466.462496719,24631.1362869158,1030710.05571429,563342.404285714,469244.948571429,0.484872269441983,772490.826595153,0.103612231777546,283972.973936854,0.532215814680493,140028.256311911,0.391263379254948,234638.302942492,0.702688767388579,33266.2738421505,0.748302933601606,125265.415414482,0.51789539510953,7753.65567786534,0.402044876896514,27758.8058179067,0.650782929626078,8190.77963638555,1
711234,-1494,-68,-1782,-1481,537,-696,-194,819,-145,3585,2705,980,800,1537,1050,310,1666,378,121,1063,148,-176.5,957.5,151,116,971,58,157.97,1109.73,210.65,-135.63,982.43,196.66,106.68,1004.83,58.16,400.0216273428,1004.58000381509,181.642465218193,0,964.356151852416,223.499070954181,109.602543087272,989.633344188199,0,666.199422095216,1203.32474004319,419.907525533897,476.744910827583,991.799551320729,332.314008130864,126.599131118661,1014.08425192387,96.6261869267333,423098.13040404,218676.522323232,133281.724747475,211000.215252525,18684.49,72482.2670707071,4693.65414141414,18872.2637373737,6014.17616161616,650.459937585737,467.628615808776,365.077696863935,459.347597416733,136.691221371381,269.225309119903,68.5102484407562,137.376358000108,77.5511196670697,15.5354932529534,3.6450428422523,13.5317458081884,3.00124981673491,6.02565990359788,4.62006065749072,6.36335898711451,10.498616789665,7.25803536886285,2.83038870728985,0.220580535487092,-2.21895388986634,-0.101434666781129,0.933129453559466,0.326664819949975,-0.852610386430809,2.15441329294406,1.18165484629467,141,1039,138,-236,925,151,135,914,38,90.7888888888889,1107.26666666667,239.555555555556,-131.622222222222,974.044444444444,192.466666666667,109.055555555556,992.5,54.2666666666667,0.636961071347527,0.636961071347527,0.636961071347527,0.636961071347527,0.636961071347527,0.636961071347527,0.636961071347527,0.636961071347527,0.636961071347527,5079,2773,2762,2281,1000,1746,504,847,523,560.172401489159,481.653410045801,436.023808547396,633.578571428571,447.197142857143,501.287142857143,573702.663895939,239860.354462426,19747.5048314884,886343.327142857,566307.711428571,451598.927142858,0.296256333286003,459011.295097975,0.0814301789165002,251393.666648483,0.449004353971595,142544.496970816,0.30996230797312,237606.413043854,0.731812082142529,18026.1659153262,0.518440224900032,82356.8580173075,0.688660309332716,5227.77322188892,0.504393116360489,22382.8369054132,0.446261088307897,6044.63434659286,1
712796,-2131,49,-1762,-1190,638,-646,-126,866,-213,4111,2803,1099,763,1435,969,300,1590,378,121,1049,217,-167.5,948.5,146,106,971,38,296.5,1157.32,179.25,-145.91,968.69,139.41,91.73,1010.43,42.51,359.55865525855,815.219285039733,285.577323706692,-397.844967928593,953.279269854589,307.518639109502,0,995.197298003405,0,861.412642117586,1240.72638401865,464.107993897972,413.5316553784,976.831116416753,310.520321396201,121.993565404082,1019.95833738442,102.380125024342,660726.757575758,202032.704646465,185116.835858586,151231.012020202,15998.7009090909,77765.3756565657,6533.37080808081,19541.6415151515,8762.21202020202,812.85100576659,449.480483054008,430.252060841765,388.884317014973,126.485971194797,278.864439569777,80.829269501096,139.791421464808,93.6066879031729,9.02311525838808,4.4824906956113,9.27248403642199,3.30334637770587,4.79203791388722,3.9476199924727,2.72042962399655,7.3497602077224,5.78813720460253,1.51211277889954,0.531082731124116,-2.08216080100009,-0.0818453473283037,0.865775836876331,0.389928083843105,-0.287874544718859,2.09582901746565,0.871305448779486,121,1000,217,-290,907,141,145,933,58,249.644444444444,1146.62222222222,218.533333333333,-143.222222222222,962.777777777778,131.433333333333,92.7444444444444,993.022222222222,38.0666666666667,0.741482739931274,0.741482739931274,0.741482739931274,0.741482739931274,0.741482739931274,0.741482739931274,0.741482739931274,0.741482739931274,0.741482739931274,6242,2754,2861,1953,797,1615,426,724,591,607.796134448008,465.11392545355,438.320234664698,699.887142857143,412.367142857143,490.572857142857,817702.624804271,192874.208829556,21063.6802049258,1070069.97,523555.855714286,456719.627142857,0.37149020649508,670182.704327814,0.171454598120526,222306.134341302,0.53246864518329,179678.404652046,0.521751533125771,175659.499939489,0.784852374374021,16836.9016289751,1.18345896054938,89205.0136138436,0.397347164170066,7713.3301040109,0.815492364041282,22718.1666254946,0.554548202819383,8639.41665502602,1
714359,-1242,-294,-2534,-1509,703,-979,-87,780,-223,4696,3519,1841,1763,1268,676,398,1590,320,156,1049,193,-227,957.5,217,126,990,19,217.2,1047.65,138.26,-138.89,964.6,175.97,115.1,1007.63,17.82,0,1259.218929302,0,0,949.514968990092,599.210610815889,0,994.872422572705,0,803.214603950899,1154.0992461656,506.790252471375,507.140542650654,972.140812845547,313.421138406458,147.470675051008,1014.88488509781,78.4549552290995,604018.04040404,236741.967171717,240121.74989899,240304.139292929,14752.1212121212,67946.8374747475,8585.44444444445,14821.3263636364,5896.59353535353,777.185975429331,486.561370406362,490.022193271886,490.208261143087,121.458310593064,260.666141788203,92.657673424517,121.742869867752,76.7892800809692,15.229178269203,9.11725041137236,17.3576487501717,5.26681810468838,2.59797202790825,6.63878901703515,3.58731065522408,7.31952616136642,5.05102972188001,2.67178464780861,0.821907442402273,-2.4822027370684,0.984257044132227,0.227211009316044,-1.39917067636435,0.287998753383618,1.55287637967695,0.159984987749852,141,1019,198,-600,861,212,126,923,9,148.411111111111,1044.36666666667,183.655555555556,-163.8,963.411111111111,193.733333333333,113.744444444444,998.155555555556,18.4,0.726350336993578,0.726350336993578,0.726350336993578,0.726350336993578,0.726350336993578,0.726350336993578,0.726350336993578,0.726350336993578,0.726350336993578,5938,3813,4375,3272,565,1655,485,810,543,562.735561467744,478.63933792507,437.796733915553,601.332857142857,429.291428571429,488.807142857143,726224.203835239,271027.237667026,16178.904313274,957400.77,557349.471428572,453383.19,0.469417873643187,617717.370574638,0.33661286488137,242996.693400077,0.877357798847276,269975.234428123,0.69901834533282,267849.720876995,0.485593728637771,15386.4531839168,0.522434987623572,79145.810600746,0.454146924083389,10167.2092980093,0.68816075072968,17135.3948428582,0.84501771835594,5519.42684713498,1
715921,-1656,-1215,-1148,-2145,648,-1212,-87,666,-349,5131,2500,3138,2527,1435,919,543,1380,368,90,1083,173,-167.5,967,237,101.5,1009.5,97,255.19,1042.4,230.6,-52.16,973.25,174.89,135.55,1012.76,76.35,0,1077.87063309305,203.607526762447,1112.5556081652,943.791400929734,-607.605719254989,88.4682542821296,982.495511575512,0,1166.64877748189,1195.49564616522,520.882059587389,792.641091541437,988.347251728865,484.872158408791,189.393109695152,1027.77645429344,125.75726619166,1309037.8120202,346072.808080808,220345.212121212,631878.014545455,29913.8661616162,206580.300909091,17672.6742424242,30951.1337373738,10086.4318181818,1144.13190324377,588.279532264049,469.409429092783,794.907550942532,172.956255052011,454.511056971215,132.938610803725,175.929343025471,100.431229297375,10.2844502604943,4.55727359683356,16.8114310336602,4.45935377001947,2.7646981809714,3.78400027095917,3.48100284587338,2.43683412843952,6.859601675058,2.47151435374016,-0.632621279967197,2.27220573431212,0.569965986249884,0.452506128948876,-0.913413582184079,0.865563561574948,0.241754523983109,-0.91329739989756,-90,1068,118,-1027,972,-171,87,1019,116,122.166666666667,1057.9,210.033333333333,-83.2222222222222,968.066666666667,205.666666666667,128.266666666667,1010.43333333333,81.0666666666667,0.735062694124958,0.735062694124958,0.735062694124958,0.735062694124958,0.735062694124958,0.735062694124958,0.735062694124958,0.735062694124958,0.735062694124958,6787,3715,4286,4672,787,2131,630,714,717,640.923177160601,554.879636545782,445.536816180708,654.938571428571,469.705714285714,524.854285714286,1378499.39909465,712524.094599869,36229.5056228851,1312113.14142857,788661.942857143,474861.034285714,0.706419842342937,1434075.63359463,0.726611222358149,340655.701500219,1.2496901695968,204891.362379311,1.38873532679378,694177.772132892,0.881926260049687,29443.7366111646,0.191845083687373,241133.005395463,0.431193366294215,20766.5014212411,0.642833187103714,36806.702518221,1.26964271936507,9564.87642135881,1
717484,-1333,-166,-732,-1463,601,-1030,-87,609,-281,3444,2666,1613,1245,1398,777,553,1390,262,227,1034,108,-127,967,202,165,990,33.5,253.26,986.02,125.89,-67.7,975.01,169.79,160.72,1000.94,41.1,0,378.133558172952,309.162163433165,0,957.102066950259,640.105892667881,0,979.579566950296,0,833.877401060851,1083.35996787771,352.651201614286,496.816364464779,984.099014327319,389.693764384292,209.558440536286,1011.2392793004,94.9585172588536,637586.76,203468.06020202,109610.684747475,244690.111111111,17986.2322222222,124275.339292929,18266.4864646465,20933.3296969697,7401.9292929293,798.490300504646,451.074339995106,331.075043981685,494.661612732493,134.112759356529,352.527075971377,135.15356622985,144.683550194795,86.034465726994,9.33180236222091,4.78043987320175,9.16157605261569,3.30850492978593,4.53899512400396,4.05479278908791,2.82826049703085,3.96051162555274,4.21176729716044,2.00796467818843,-0.162499203942997,1.23845991986606,0.302805151927136,0.592223304394556,-0.927355932363193,0.150070185699069,0.246747245700188,-0.311497764158683,262,990,99,-27,981,363,145,1047,9,182.644444444444,989.622222222222,112.711111111111,-74.2222222222222,969.922222222222,191.577777777778,157.644444444444,1000.36666666667,42.3222222222222,0.726350336993578,0.726350336993578,0.726350336993578,0.726350336993578,0.726350336993578,0.726350336993578,0.726350336993578,0.726350336993578,0.726350336993578,4777,2832,2345,2708,797,1807,640,781,543,547.467152074532,491.360554417549,440.325785541633,585.072857142857,461.614285714286,515.468571428571,691598.494528108,314800.612037861,25882.9458171298,854307.09,585916.542857143,460944.317142857,1.49530950580958,700293.144941102,0.492604723982262,214879.194021479,1.23501633419108,124063.266520384,0.560200604173136,283043.266145365,0.608547105970435,19740.023003242,0.212621731526616,145273.324556989,0.122041502526438,20347.8253847375,0.832669396326117,24951.4551189893,0.94132115723192,7213.08164516426,2
719046,-1505,294,-801,-854,805,-565,-58,800,-126,3303,1823,514,709,1462,545,349,1276,126,282,1034,49,-154,972,111,174,1000,-29,330.29,1007.1,39.54,-112.07,982.67,122.06,167.6,998.57,-16,296.361922767165,924.656438393692,0,0,975.411107325817,0,0,990.826548201732,0,566.674730334784,1034.24639230698,196.096710834221,302.680111669069,986.832047513659,200.378292237458,188.708293405457,1002.4783638563,54.5292582014463,214170.470606061,55974.9393939394,37263.1397979798,79854.1061616162,8279.9607070707,25507.8953535354,7597.0303030303,7899.82333333333,2744.88888888889,462.78555574484,236.590235204117,193.036628125286,282.584688476952,90.9942894201098,159.711913624298,87.1609448263975,88.8809503399538,52.3916872117027,23.6964748167458,5.23894830241205,8.81271532341514,3.79201472181979,11.7663714840839,5.84954676890858,2.74151597926248,3.51756394832112,2.85158480515846,3.00427558132719,-0.379115748826497,-1.40908887400353,0.187879870868053,2.11143956995313,-0.625985118182311,-0.17908887043358,0.334153337852228,0.359992067035689,252,1039,99,-209,935,40,213,1009,-48,292.366666666667,1013.05555555556,49.8777777777778,-114.944444444444,976.466666666667,126.188888888889,168.755555555556,996.744444444444,-17.1333333333333,0.749892684113721,0.749892684113721,0.749892684113721,0.749892684113721,0.749892684113721,0.749892684113721,0.749892684113721,0.749892684113721,0.749892684113721,4808,1529,1315,1563,657,1110,407,476,252,485.365882472704,447.914154831172,436.307552934064,590.112857142857,425.425714285714,492.93,236777.161603171,92207.1633887397,9741.26878104263,612531.329999999,473830.371428571,447234.484285715,2.22096831715079,192827.475497804,1.13375892878386,58059.1459235082,1.32499389561583,41050.4632054871,0.61069026186759,91222.6681562963,0.633422157201153,9039.63497774844,0.403108997937003,29688.4156770691,0.197855963232389,9047.70069062485,0.626459614322271,9290.22892532342,0,2930.36238296395,2
720609,-959,852,-99,-672,796,-131,-77,866,-106,545,1156,356,9,1092,585,291,1219,135,181,1029,143,-236,948.5,126,62.5,1019,-14,140.23,1022.29,144.85,-241.67,953.2,129.61,66.62,1013.1,-14.02,167.374267550978,1020.10638911722,148.883558155208,-178.520260192757,949.187025977942,0,0,1008.32837665004,0,273.54858800586,1023.35805561885,161.349093582827,269.289193990401,955.205632311703,189.37241087339,101.579623941025,1015.49645001841,46.7553205528526,55721.593030303,2206.93525252525,5103.03787878787,14254.8293939394,3866.22222222222,19255.7150505051,5939.59151515151,4910.53535353535,2009.59555555556,236.054216294272,46.9780294661797,71.4355505248463,119.393590254835,62.178953209444,138.764963339112,77.0687453845689,70.0752121190892,44.8285127519925,8.1469011906533,4.59485946365775,4.43063753435256,5.03811335667653,2.40636443294768,3.46903763484518,2.85440183723974,2.80821092444513,3.79736282976999,-1.81565298170546,-0.299598214903719,0.125913670609157,-0.807237645086709,0.102306177197606,0.533202499416786,0.341232929049977,0.199139728548514,0.446049828167156,171,1029,148,-200,916,141,67,1066,-19,159.522222222222,1022.64444444444,144.344444444444,-236.444444444444,952.9,124.488888888889,64.5111111111111,1011.75555555556,-15.1555555555556,0.816518711953828,0.816518711953828,0.816518711953828,0.816518711953828,0.816518711953828,0.816518711953828,0.816518711953828,0.816518711953828,0.816518711953828,1504,304,455,681,296,716,368,353,241,458.491280059868,432.491905166628,436.778248672998,560.301428571429,360.488571428571,456.728571428571,56562.8242959423,26263.1652619832,6663.51651674712,492053.172857143,437484.162857143,447316.08,1.38888425982446,57955.4521364804,0,1726.56150576926,1.79617902766939,4832.45012465673,1.18053605759181,16231.4133602316,0.493995126522261,4323.93976630817,1.37610813804077,22184.2338947435,0.153669435765509,6966.5608632532,0.43879293162997,5683.01708565998,0,2230.63876964395,2
722171,-272,931,89,-472,787,-111,0,876,-106,363,1117,297,-90,1046,414,320,1152,116,121,1019,173,-263,944,176,97,1009,0,104.32,1019.26,176.98,-259.48,940.62,171.36,106.49,1013.38,-10.58,0,1018.41251773088,167.120312803106,-225.377752163951,936.721973137451,0,0,1008.8468127155,0,147.111590297978,1019.6858928121,181.861320791421,273.792439632653,942.505607410375,203.599017679359,122.560393276131,1015.59849350026,44.2147034367528,10867.835959596,877.143838383838,1769.31272727273,7709.52484848484,3586.70262626263,12210.4145454545,3718.11101010101,4546.74303030303,1861.6197979798,104.248913469618,29.616614228906,42.0631992039684,87.8038999617036,59.889086036294,110.50074454706,60.9763151567968,67.4295412286264,43.1464923021536,5.23758052168326,4.17641486938078,3.04334379306266,2.64164042758391,2.49703594956707,2.81998682239421,4.22772331815798,2.51161114818404,2.94462889014303,-0.993970544362602,0.272164621377933,0.464570640268671,-0.154497057943198,-0.409419306286544,-0.031396246309182,0.86349409791027,-0.206253431350347,-0.0307735316392372,111,1019,158,-263,944,90,135,1009,0,110.3,1018.84444444444,175.9,-258.055555555556,942.922222222222,171.333333333333,103.166666666667,1013.94444444444,-10.6444444444444,0.730728417399595,0.730728417399595,0.730728417399595,0.730728417399595,0.730728417399595,0.730728417399595,0.730728417399595,0.730728417399595,0.730728417399595,635,186,208,382,259,525,320,276,222,448.160137540363,429.299509257664,437.810408399095,557.382857142857,365.357142857143,475.41,11877.5217033212,15936.2571212891,5437.30693891465,469060.577142857,430599.291428571,449321.267142857,0.825852118145934,10728.0699817533,0,714.846232835317,0,1663.29928642133,0.389448654071288,8896.56711035779,0.186864052426785,4113.24161983022,0.367577067635549,14258.9199466647,0.280046714863346,4184.7648144626,0.397887212486607,5218.39973196044,0,2035.7251084857,2
723734,-232,921,99,-454,833,-121,-19,876,-135,363,1205,277,-45,1101,515,252,1133,87,141,1019,168,-231.5,944,161,106,1009,-19,131.32,1021.71,172.86,-230.18,952.92,172.41,108.09,1011.08,-21.2,134.780980096658,1020.78038029054,167.415186579017,-187.468229756016,949.438610982076,257.652962633841,0,1007.00339674318,0,159.635146506025,1022.19157206465,175.577105569035,244.789705665904,954.685602698606,200.813271473775,123.063682701275,1013.09740893954,42.6544253272741,8321.65414141414,994.228181818181,956.303434343435,7009.2602020202,3402.09454545455,10707.8403030303,3496.18373737374,4124.84202020202,1383.79797979798,91.2231009197459,31.5313840771093,30.9241561621887,83.7213246551928,58.327476762282,103.478694923304,59.1285357283075,64.2249330104907,37.1994352080509,9.98065383845128,14.0844367095299,3.83222757132348,2.96612423576539,2.60987351544496,4.97126236905047,2.54936452036549,2.14692478350718,3.39176207091276,-2.02102701643273,1.49466754574041,0.455781460299785,-0.0578629148188594,0.340977787019549,0.0866761072964059,0.0496895514845886,-0.0728887510638423,-0.159803371643996,141,1039,168,-290,944,151,97,971,-9,140.633333333333,1021.36666666667,171.888888888889,-229.444444444444,951.866666666667,172.611111111111,107.5,1011.94444444444,-20.6333333333333,0.745709019464098,0.745709019464098,0.745709019464098,0.745709019464098,0.745709019464098,0.745709019464098,0.745709019464098,0.745709019464098,0.745709019464098,595,284,178,409,268,636,271,257,222,449.516140151393,430.730229949224,436.86169187774,568.238571428571,383.635714285714,470.558571428571,8701.50400078329,15747.746697192,4566.02670927124,471936.99,433573.958571429,447141.612857143,0.629337363764138,8443.99262333135,0,569.39323737287,0,918.855107368068,0.318126493069568,7758.48440812399,0,3918.43046071502,0.686380613700274,12521.2234553285,0,3588.7978032785,0.309894948241238,4818.74554468938,0,1524.63199375724,2
725296,-2353,-3049,-2702,-4754,0,-1050,-349,390,-388,3868,4500,1613,1109,3925,1222,330,1704,349,161,1049,183,-136,935,181,29,985,19,254.56,1038.52,101.54,-164.52,952.01,168.84,47.67,1006.94,17.86,2159.48523487453,5079.27200047859,0,0,0,0,0,971.470893595148,0,826.994461891977,1326.07175522292,519.567031286628,636.605419392578,1020.37641583878,302.838669921792,142.028905508703,1022.36612815566,89.1711836862111,625372.774141414,686810.615757575,262262.14989899,382019.827878788,136207.060505051,63842.7418181818,18080.586969697,31620.5418181818,7709.61656565657,790.805142965961,828.740378983416,512.115367762958,618.077525783609,369.062407331132,252.671212879865,134.464073155981,177.821657337293,87.8044222443071,11.4372248323223,11.9098820707491,21.7419977265181,31.6686920450088,43.7812055552227,9.87412622129872,3.13873618168248,8.50948289597836,9.84444072429414,1.93219576423331,-0.00742717958031261,-3.75268720710051,-4.01631491082055,5.09286531187619,-0.444766121267604,-0.0137660154804792,0.757762675591842,-0.971036056438837,141,1029,198,36,879,191,-9,952,67,187.888888888889,1014.8,168.044444444444,-130.366666666667,931.1,170.3,50.1666666666667,1000.35555555556,21.1333333333333,0.791325230456599,0.791325230456599,0.791325230456599,0.791325230456599,0.791325230456599,0.791325230456599,0.791325230456599,0.791325230456599,0.791325230456599,6221,7549,4315,5863,3925,2272,679,1314,737,579.483704576779,473.103450015646,437.636000804134,597.694285714286,409.855714285714,459.63,1134444.62549662,469330.198315746,38220.813514654,1162429.73142857,659205.321428572,460009.804285714,0.952863441659053,598831.999713225,0.958927676099896,621817.038193389,1.2749792094903,263457.617028843,1.78702671031257,359379.091381162,1.36872141089783,129082.351104441,0.908773039486108,68072.1926529236,0.283042041119077,20408.621240773,1.0665803975284,35424.6925619958,1.47648885506731,6173.25507132517,2
726859,-1515,-88,-891,-2854,648,-828,-213,571,-262,5040,3519,613,1700,1546,939,427,1790,514,131,1039,212,-236,948.5,212,116,956.5,29,128.74,1127.48,221.63,-168.3,1003.1,208.63,115.01,1020.66,31.91,226.326377343676,0,183.476062058551,-1107.87529522893,971.702967252135,294.664285135775,0,990.759395622094,0,827.403565377863,1255.22291247412,290.082832997749,626.220057168405,1020.40792823263,323.122654730367,159.495799317725,1038.88343908256,93.1364053418426,674770.376161616,307447.888484849,35382.0132323233,367501.686868687,35376.4949494949,61496.7405050505,12334.9594949495,37911.0751515152,7733.47666666667,821.444079753221,554.479835958756,188.101071853201,606.219173953354,188.086402883076,247.985363489563,111.062862807284,194.707665877631,87.9401880067735,26.1934492282419,5.83914664241633,15.4179997373795,6.72432384629611,3.18247435976789,5.8966572647255,4.26583042489097,7.04679397713156,11.9079167061416,4.16398995996118,0.705594100596754,-2.41096038950007,-0.43570415887219,0.861396878762216,-0.198537533530659,-0.173395639049913,1.73875950356409,1.14893031392858,161,1019,178,-245,907,-70,97,914,38,50.3555555555556,1114.22222222222,235.722222222222,-166.288888888889,993.411111111111,204.877777777778,116.344444444444,1001.18888888889,31.0444444444444,0.684914381866673,0.684914381866673,0.684914381866673,0.684914381866673,0.684914381866673,0.684914381866673,0.684914381866673,0.684914381866673,0.684914381866673,6555,3607,1504,4554,898,1767,640,1219,776,574.696963080942,508.268236667806,444.392169714399,633.364285714286,447.184285714286,500.391428571429,768273.261078149,402082.589321321,43377.536556973,1004712.54428571,659053.778571429,477168.042857143,0.531819099577194,755519.927815747,0.159301411894271,355201.357723134,0.702414062986135,37536.691178812,0.707092849079994,416363.473323832,0.317910889353595,39164.1830922354,0.865627006886488,68448.1588681787,0.631148159632035,14050.1452196132,0.708157422957913,44925.3611152958,2.68715372662309,8572.17421237809,1
728421,-3111,-49,-1930,-2663,305,-888,-194,771,-242,3141,2539,1475,1018,1740,1343,427,2095,427,80,1058,217,-172,925,176,82,966,33.5,227.41,1157.99,131.92,-167.07,942.6,150.33,75.13,1007.9,27.94,307.073581154029,1202.53236545889,0,-1053.73070072597,897.734063772828,0,0,986.143124862576,0,861.659787851331,1247.73386184715,451.160193279505,529.681611914176,963.126076897516,335.627486955404,139.700858980895,1022.33408433838,95.4179228447151,697719.476666667,218079.747373737,188022.862222222,255202.247575758,39512.202020202,90956.2637373738,14011.9324242424,29600.5757575757,8408.01656565656,835.296041333051,466.990093442824,433.616030863969,505.175462167114,198.776764286478,301.589561718196,118.372008617926,172.048178594183,91.6952374207983,7.70615980525326,3.91261240717777,13.1345858168854,8.35070552828784,5.488006974623,6.66405404521632,3.46476056620465,17.4052551596003,6.33455755327749,0.516308166572911,0.466664665489707,-2.58451252831793,-1.36013505792426,0.673882658398223,0.705280182415903,0.343717915566662,2.8781730279128,0.567791904977056,80,1019,237,-290,759,202,135,942,38,199.022222222222,1146.5,186.277777777778,-141.6,934.933333333333,138.077777777778,71.4,992.522222222222,26.5,0.800539692451618,0.800539692451618,0.800539692451618,0.800539692451618,0.800539692451618,0.800539692451618,0.800539692451618,0.800539692451618,0.800539692451618,6252,2588,3405,3681,1435,2231,621,1324,669,603.939050558756,470.900630265499,437.477224999198,650.28,396.797142857143,476.13,753798.266640761,290494.258173487,34239.6421906144,1072646.95714286,566065.825714286,460194.809999999,0.938323875326551,771065.178810599,0.146931789217198,249963.267365597,0.332969809837525,165591.299571217,0.828091886263247,290232.480770973,1.23478482951471,41804.372011061,0.909044521522901,104201.295932396,0.75157227548023,16318.7591819643,1.21992675149949,33949.6208901847,0.837932949818022,9011.51185235943,1
729984,-595,127,-207,-1590,685,-474,-155,790,-106,3141,2401,435,1336,1203,595,310,1333,106,121,1039,138,-181,972,116,145,1000,9,176.08,1037.4,137.74,-166.37,965.62,131.24,138.36,1002.99,8.16,202.186828955618,891.893587204097,145.808566967842,0,960.158052868135,0,0,997.349276177391,0,503.617037043029,1074.96809254973,173.897096007955,388.497734871132,968.215482214574,193.268983543661,166.970955558145,1005.96760882247,35.1129605701371,224874.700606061,80159.2323232322,11381.7094949495,124496.477878788,5069.93494949495,20332.2852525253,8824.05090909091,6042.31303030303,1178.11555555556,474.209553474053,283.124058185157,106.685094999018,352.840584228611,71.2034756840911,142.591322500793,93.9364195032518,77.7323165118796,34.3236879655371,22.930097164414,9.91052779484026,4.64412967172954,8.68523630335655,5.9790723642772,7.45626026074078,3.09028348690686,7.45532122262386,3.79786139102182,3.89179359691934,0.670299680561312,-0.0915113090773861,0.234989350511291,-0.27623254591009,-0.675319518066217,-0.495019467430721,1.13455090292056,-0.202351324257098,101,1019,79,-227,1000,90,126,990,-19,123.133333333333,1037.04444444444,138.188888888889,-166.488888888889,965.555555555556,133.933333333333,141.222222222222,998.7,8.74444444444444,0.699141306335263,0.699141306335263,0.699141306335263,0.699141306335263,0.699141306335263,0.699141306335263,0.699141306335263,0.699141306335263,0.699141306335263,3736,2274,642,2926,518,1069,465,543,212,485.212385990722,449.520674142879,436.096598914082,579.094285714286,398.781428571429,492.647142857143,248981.308099996,136539.337383339,8840.05691006874,616897.165714286,482453.404285714,446178.449999999,0.449181033632551,264632.668124972,0.414229742553995,84735.8805541429,0.416845912530531,12188.2068796472,1.0567111144379,146417.279480598,1.44127335234543,5783.22718762697,0.89288636572256,23127.985757657,0.323126390546997,7791.50322446674,2.6177549834503,6984.08331757715,0,1197.22327098237,1
731546,-60,862,-366,-290,907,-383,29,942,-116,444,1147,396,145,1120,282,223,1123,58,151,1024,138,-149.5,972,101,145,1000,0,161.84,1016.69,128.09,-133.08,977.46,97.07,143.76,1005.08,-3.71,251.42569100081,1014.31056273277,153.672217708933,0,976.426649973687,0,129.905066317004,1004.14861382864,0,180.09353125529,1017.80922082677,177.168592024659,156.525716736899,978.002576683722,132.135422956904,148.192240012762,1005.55789490213,34.2366762405465,6304.5397979798,2300.05444444444,15132.9918181818,6858.5995959596,1071.70545454545,8118.36878787879,1307.07313131313,970.579393939394,1170.08676767677,79.4011322210194,47.9588828523397,123.016225832944,82.8166625502356,32.736912721658,90.1019910317125,36.1534663803228,31.1541232253356,34.206531067572,6.6430477494323,5.30232622700299,8.33333279685784,3.73320050505311,8.28433647473998,11.5211864246833,3.90339818898628,4.6064703625221,3.70355122363382,1.01310664260135,-1.10842977784293,-1.48285711251407,0.755645941199161,1.65935665579311,-1.98609413675749,-0.38372601965226,0.938985217751482,-0.552014194271728,131,1019,138,-181,962,90,135,1000,9,158.4,1019.05555555556,135.711111111111,-136.777777777778,974.9,103.255555555556,144.588888888889,1003.8,-2.52222222222222,0.696799527469347,0.696799527469347,0.696799527469347,0.696799527469347,0.696799527469347,0.696799527469347,0.696799527469347,0.696799527469347,0.696799527469347,504,285,762,435,213,665,194,181,174,449.164412498389,428.022411366834,435.664888568458,559.98,403.478571428571,490.77,20469.8598061018,11413.5790713802,1709.24482750427,471324.857142857,427906.761428572,443262.758571428,0.151172147714082,7223.78037667889,0,2615.85114612046,0.157185516447975,17469.4596347558,0.264210109407021,8167.08801301318,0,1207.86664966442,0.372327234172002,9111.22025699101,0,1500.90443233628,0,1114.19633302022,0,1106.56288687281,1
733109,-50,803,-425,-281,916,-90,0,933,-38,626,1107,544,345,1074,262,223,1114,106,161,1019,178,-127,972,131,87,1009,19,172.76,1011.69,157.76,-100.76,978.23,112.17,92.82,1013.8,25.83,158.818259228549,1009.31374906685,199.047624356531,-105.698492821295,977.144841615231,0,0,1013.01346177685,0,200.35179060842,1012.73625885519,209.256302175108,152.881522755368,978.782687832187,136.918990647755,102.246173522533,1014.19490237331,40.16926685913,10398.8105050505,2139.46858585859,19090.8913131313,13353.7195959596,1092.54252525253,6226.97080808081,1857.3006060606,808.949494949494,955.940505050505,101.974558126282,46.2543899090517,138.169791608482,115.558295227818,33.0536310449022,78.9111576906638,43.096410593698,28.4420374612912,30.9182875504208,11.2362942285729,11.1115800789673,8.87313418815779,6.31544720405707,3.37865329314414,3.70498581964068,3.68647258453039,4.18513920051741,2.55848946212665,2.41354140302597,-2.41412004237054,-1.09220700499736,1.59463389978301,0.6279966670422,-0.96928561554854,0.71312636452136,0.242191358395,0.244670434653589,171,1009,188,-154,972,131,58,1009,29,161.455555555556,1016.75555555556,162.533333333333,-112.066666666667,976.9,116.633333333333,90.8777777777778,1013.6,25.5777777777778,0.618119489100038,0.618119489100038,0.618119489100038,0.618119489100038,0.618119489100038,0.618119489100038,0.618119489100038,0.618119489100038,0.618119489100038,676,304,969,626,158,352,223,181,144,451.264078600077,428.449734329717,437.02363918508,575.232857142857,424.131428571429,485.335714285714,26354.7183123988,18031.624834729,2106.92507794494,475527.33,428629.337142857,445996.778571428,0.145082956983261,11299.1965233789,0,2481.70188319126,0.153639893494596,21709.9307320997,0.254853643164048,14597.1725659162,0,1179.52891660236,0.21074138562558,6653.43341133366,0,1731.55990943779,0,932.587343957608,0,879.028403878138,1
734671,-1070,156,-257,-763,861,-878,-38,742,-106,2404,1539,970,1245,1203,616,378,1323,135,141,1029,173,-154,962,171,77,1009,43,160.1,1015.11,183.24,-87.22,973.9,152.53,105.55,1008.86,39.69,0,939.46397376856,509.364303312372,0,970.058643811103,285.569133689472,0,1003.45178430385,0,409.248139885815,1031.3954576204,294.63818489802,306.272982811086,975.925458219018,244.367039512288,137.621255625721,1011.59709370876,63.4632964791461,143284.878787879,33664.9271717172,53772.4872727273,87066.4763636363,3989.18181818182,36818.0293939394,7877.58333333333,5586.04080808081,2477.06454545455,378.529891538144,183.480045704478,231.888954615625,295.070290547246,63.1599700615969,191.8802475346,88.7557509873773,74.7398207656455,49.7701169925744,17.8843763703918,8.63344095302803,5.37567562063953,7.35298490470638,4.7784685048369,11.0745263608003,3.44076977023666,7.51760455083699,3.57818832553822,2.3305728411206,-1.50437924995198,1.00661912016455,1.4573096422176,1.02814046092487,-1.61888793528879,0.907899579281811,0.630204659249609,-0.638861656398286,121,1009,188,-190,962,181,67,1009,29,141.955555555556,1026.22222222222,170.155555555556,-103.177777777778,970.022222222222,160.611111111111,100.244444444444,1007.47777777778,42.1666666666667,0.642224642484918,0.642224642484918,0.642224642484918,0.642224642484918,0.642224642484918,0.642224642484918,0.642224642484918,0.642224642484918,0.642224642484918,3474,1383,1227,2008,342,1494,416,581,241,482.381104154235,447.426486318989,437.26633679776,582.192857142857,445.375714285714,494.614285714286,148074.324748891,107627.303252324,8206.04574613934,564888.124285715,473978.095714286,448412.519999999,0.402133124300478,150376.417605936,0.48296722995304,34825.5819761304,0.232114439349526,62288.0455660316,0.810130106449395,102382.99049684,0.685168988264822,4131.30756200736,0.450235558864505,43199.1928800807,0.247006374596542,7908.01903756608,1.50189453818047,6460.86881009555,0,2655.60505375207,1
736234,-2303,-196,-2782,-1809,703,-1262,-58,666,-417,3444,2039,1633,854,1416,1020,961,1495,203,247,1039,118,-109,972,181,194,980,43,243.25,1037.99,64.63,-129.68,987.82,104.02,174.4,996.55,5.87,292.890949080427,1057.78899915106,0,0,973.772324532986,254.630735104699,0,980.766713192482,0,675.155204378964,1067.75943451697,623.240009948013,348.372989768151,994.972813698947,367.587649411674,225.583421376661,1004.78053822713,125.198362609101,400670.694444444,63320.1716161616,388132.397070707,105602.866262626,14325.8056565657,125556.08040404,20679.3131313131,16638.4116161616,15798.1546464646,632.985540470274,251.63499680323,623.002726375019,324.965946312266,119.690457667124,354.338934360931,143.803035890461,128.989967114352,125.690710263188,13.7724008074762,10.6189108164972,11.6430338785261,11.0701251809576,4.83536991045713,7.75067440258477,11.3783579602023,5.59420742105595,4.88067425193101,0.93651337006279,-0.847054575702734,-2.29286942569859,-1.69798206836085,0.594626413247736,-1.69331723040789,1.73109899454766,0.85113809111348,-1.34854431716534,242,1019,128,-127,972,202,194,923,48,237.188888888889,1045.2,126.711111111111,-108.033333333333,984.266666666667,135.122222222222,166.477777777778,990.488888888889,16.7777777777778,0.70609709890515,0.70609709890515,0.70609709890515,0.70609709890515,0.70609709890515,0.70609709890515,0.70609709890515,0.70609709890515,0.70609709890515,5747,2235,4415,2663,713,2282,1019,829,620,553.16409314706,467.068113305567,441.510393269889,576.801428571429,412.354285714286,504.351428571429,479102.348913233,129571.888467141,23428.9919660217,850445.515714286,534195.137142858,461205.617142857,1.09497183441488,411092.965570743,1.66312295165732,66960.5306828413,0.28213321636568,447541.896070063,0.802173063250028,121296.400622305,0.767957515218365,16335.719826608,0.6139780083716,149687.190934328,0.304925224822723,23095.6861364451,0.444636067227438,19323.9200568027,0.273159045326685,17139.8365212988,1
737796,-1515,558,-1326,-818,250,-272,-262,752,-359,1151,1725,752,309,1194,686,737,1247,242,252,1009,-69,-400,828.5,222,174,933,-198.5,219.19,1024.61,-28.91,-412.6,808.95,232.73,149.71,954.48,-146.78,0,1003.92032992446,0,-1484.44236807125,711.943592321785,0,259.027893303631,944.372839219201,-498.629420034159,417.431371604962,1035.74808230573,264.858584909004,497.289332280515,838.453928370546,285.621690352816,244.966222161342,959.951946714001,205.040727661604,127479.488787879,23180.2403030303,70014.4261616162,77836.2828282828,49095.845959596,27693.4314141414,37975.1170707071,10581.4844444444,20704.3753535353,357.042698830096,152.250583916878,264.602392584829,278.991546159167,221.575824402384,166.413435197226,194.872053077672,102.866342622086,143.890150300621,11.6128794969647,10.5588819132008,9.3690796806973,2.12850859041934,3.32230400977191,5.08678492525838,3.05300083396079,3.5122343375651,2.99612055822266,-1.72116572335404,1.58415167918146,-0.624045348275382,0.382203362017766,-0.793203662567436,0.143320255270726,-0.301078470260465,0.966197755841305,1.03036090730004,333,1000,-148,-736,750,303,194,895,-223,233.555555555556,1016.62222222222,-29.8222222222222,-422.3,820.477777777778,232.555555555556,151.255555555556,948.188888888889,-156.411111111111,0.887976319515135,0.887976319515135,0.887976319515135,0.887976319515135,0.887976319515135,0.887976319515135,0.887976319515135,0.887976319515135,0.887976319515135,2666,1167,2078,1127,944,958,999,495,601,482.560083158135,432.900650881173,431.540198657267,520.667142857143,269.605714285714,410.318571428571,172472.530446452,112190.77115267,43110.2809512189,564502.761428572,442234.894285714,438667.667142857,0.545064218498065,149180.786543334,1.50360032411423,21473.2100259329,0.695690218060623,70638.6279357654,0.207512247550902,68934.3629555779,0.105041288566769,48451.4564473616,0.152525267292266,30786.6841882026,0.178669844272415,35776.6584947328,0.246511155395453,10435.3859291886,0.122247465485747,15999.7482063353,1
739359,-10,1009,19,-800,287,424,-330,980,97,171,1068,138,-745,481,616,-67,1219,252,80,1029,59,-772,370,474,-116,1000,174,77.34,1033.55,63.76,-775.08,373.99,478,-125.42,1016.47,178.07,89.4581459251063,1033.43452052621,58.3879729693428,-774.956553871516,371.488256524359,476.637172067845,-117.936648727741,1015.05783688259,174.906370196755,80.6035979345835,1033.60802531714,66.4358337044099,775.141470958689,375.315480629297,478.75183550562,131.157615104881,1017.2487945434,179.47804879706,520.67111111111,121.159090909091,351.901414141414,96.2561616161617,1003.22212121212,726.585858585859,1487.01373737373,1599.84757575757,508.530404040404,22.8182188417744,11.0072290295556,18.759035533348,9.81102245518589,31.6736818385883,26.9552566039698,38.5618170911814,39.9980946515902,22.5506187063771,8.44817897654918,4.13624336785864,5.44321217674878,3.81036867958558,6.36755512072355,11.5760090186816,11.7316584161032,10.9536387177878,5.37770248998731,-0.362900544529522,0.499797868296256,1.01832355853206,0.286561116779819,1.09422562418015,2.16371802264979,-2.64500933726829,2.72991352078593,-0.241867195055772,80,1029,59,-781,370,474,-106,1000,174,77.7666666666667,1033.11111111111,62.5555555555556,-775.2,372.277777777778,475.711111111111,-120.733333333333,1010.54444444444,178.366666666667,0.768200289650149,0.768200289650149,0.768200289650149,0.768200289650149,0.768200289650149,0.768200289650149,0.768200289650149,0.768200289650149,0.768200289650149,181,59,119,55,194,192,263,239,155,445.202414927905,422.272158959037,445.826621344866,503.421428571429,32.9614285714286,458.194285714286,527.385958369534,1507.83995184585,2882.47118649599,462538.375714286,416103.998571428,464661.342857143,0,555.253168175452,0,93.6530318095944,0,339.007518947236,0,94.0288686081308,0,1114.50457566999,0,765.052689722618,0,1518.539346656,0,1537.66498598084,0,517.111727574163,1
740921,30,941,-39,-800,333,464,-116,990,116,333,1098,148,-700,462,565,-77,1028,203,232,1009,89,-736,407,515,-97,1000,165,211.5,1012.64,92.37,-736.73,404.27,515.05,-93.16,1003.75,168.03,173.756060071524,1012.24430771418,91.7441121778847,-736.366618149634,403.106386641343,514.057600410456,-92.4210135390066,1003.691138102,166.734666686692,218.810328823847,1012.83881244747,95.1753644595071,736.917383429106,404.823307135348,515.535983225225,93.5306366919418,1003.7794927174,168.64296605551,3177.48484848485,406.75797979798,531.447575757575,278.926363636364,452.19909090909,505.906565656567,69.8933333333334,59.8055555555556,208.453636363636,56.3691835002499,20.1682418618476,23.0531467647602,16.7010886961408,21.2649733343141,22.4923668309177,8.36022328250469,7.73340517208012,14.4379235475063,5.32013414621203,7.64362785273565,13.1299532909696,6.09561121553848,5.88608409513694,2.53597692323014,2.95052042014813,3.29152536967375,4.28180697763143,-1.49724938890664,0.37977356498012,-1.84358896237769,-1.46094094734835,-0.688315415575292,-0.403860016917333,-0.223083458589635,0.292530656405224,-0.305323270653908,232,1019,89,-727,407,515,-97,1000,165,215.522222222222,1012.24444444444,93.3333333333333,-735.4,404.911111111111,515.333333333333,-93.1222222222222,1003.56666666667,168.111111111111,0.766207532278821,0.766207532278821,0.766207532278821,0.766207532278821,0.766207532278821,0.766207532278821,0.766207532278821,0.766207532278821,0.766207532278821,303,157,187,100,129,101,39,38,87,445.905423839535,422.572443058044,438.046158876833,564.218571428571,78.2528571428571,462.265714285714,3537.92526648447,674.981695277169,212.87692074401,464048.044285714,416874.21,447755.014285714,0,3437.54879617184,0,405.863992125561,0,569.337262392002,0,279.176140823687,0,486.505342932173,0,506.55176420044,0,57.8349471140221,0,56.3143837299224,0,163.297263549579,1
742484,202,990,69,-745,388,494,-106,990,135,252,1029,128,-718,425,555,-67,1019,194,232,1009,99,-736,407,525,-87,1009,155,231.5,1008.14,96.14,-731.41,406.45,521.69,-81.49,1005.07,158.32,231.083083340149,1008.05543903861,94.9640864426967,-731.366624330097,406.318969179062,521.467283500089,-80.8065205250641,1005.00667495106,157.169289704028,231.704553256944,1008.1822553487,96.7294164150699,731.431589418997,406.515842249721,521.801791871205,81.8221852555894,1005.1016515756,158.897388273061,95.7070707070707,86.0610101010101,114.828686868687,31.9009090909091,54.0681818181819,117.832222222222,54.7978787878788,64.2677777777778,185.007676767677,9.78299906506541,9.27690735649603,10.7158148019032,5.64808897689378,7.35310695000296,10.8550551459779,7.40255893511688,8.01671864155016,13.6017527094002,2.974338802988,2.59299785927217,2.92226158592006,2.67483616352657,2.75864495841894,3.11397769692672,3.32156418319631,2.56722019929021,2.92038887538737,-0.355364362261256,-0.0480738335977977,0.255852382388599,0.578334327457964,0.311415627212985,0.235510088225233,0.0935368653639516,-0.0291455897892876,0.217637967294665,232,1009,89,-736,407,525,-87,1009,155,231.777777777778,1008.21111111111,95.8777777777778,-731.8,406.2,521.444444444444,-81.5555555555556,1005.13333333333,157.966666666667,0.76420450650862,0.76420450650862,0.76420450650862,0.76420450650862,0.76420450650862,0.76420450650862,0.76420450650862,0.76420450650862,0.76420450650862,50,39,59,27,37,61,39,29,59,445.260660559236,422.629947742227,437.501964335973,572.477142857143,84.3128571428571,463.671428571429,128.60532147375,118.690736872564,192.858828427234,462632.16,416796.175714286,446645.391428572,0,71.7629535806614,0,62.8164440383298,0,84.5421820277047,0,21.5112569400216,0,47.2761125633401,0,106.919242351672,0,48.2834686796797,0,44.2366786349879,0,100.888015438604,1
744046,202,990,69,-745,388,494,-87,990,116,252,1039,118,-718,416,555,-67,1019,194,232,1009,99,-727,407,525,-77,1009,155,231.1,1008.15,100.14,-730.24,404.1,524.39,-79.2,1006.21,154.99,230.63071323527,1008.0578624294,98.8941175365532,-730.189962435748,404.00676048187,524.172621734385,-78.7758003369841,1006.14930984697,153.960968536065,231.329634936815,1008.19633504591,100.710873295787,730.264979305457,404.146631805834,524.498913249589,79.4090674923211,1006.24032417708,155.492925884106,107.262626262626,94.371212121212,115.818585858586,36.8509090909091,38.0707070707071,115.391818181818,33.4949494949495,61.6423232323233,157.727171717172,10.3567671723674,9.71448465546228,10.761904378807,6.07049496259647,6.17014643835194,10.7420583773231,5.78748213776505,7.85126252473596,12.55894787461,3.32857392140683,3.636337872797,3.42988843696271,2.60977571939211,2.75293369876344,3.08978179194212,2.63485007442803,2.59022363917414,3.52610209134333,-0.367877334049587,0.626658397502381,-0.502435815784016,0.175630036497568,0.0475048021366054,0.148544212202406,0.0497719486994503,-0.0744355829573814,-0.0492635897803993,232,1009,99,-727,407,525,-77,1009,155,231.222222222222,1007.88888888889,100.544444444444,-730.4,404,524.333333333333,-79.4444444444444,1006.4,155.133333333333,0.76420450650862,0.76420450650862,0.76420450650862,0.76420450650862,0.76420450650862,0.76420450650862,0.76420450650862,0.76420450650862,0.76420450650862,50,49,49,27,28,61,20,29,78,445.390405940132,422.452257863727,437.677670013597,574.024285714286,84.9642857142857,463.714285714286,124.339328099445,117.17769789658,164.752650129992,462906.827142857,416451.664285715,447001.474285714,0,86.5075922914135,0,76.5450544348228,0,73.6946689226735,0,28.9735707827311,0,28.2719675410681,0,91.191588371297,0,27.5140694439824,0,54.3833038363477,0,140.631396656635,1
745609,202,990,69,-745,388,505,-97,990,126,262,1029,128,-718,425,555,-67,1019,184,232,1009,99,-727,407,525,-77,1009,155,233.5,1006.68,99.76,-728.89,404.54,527.1,-78.1,1006.22,156.13,233.100486335273,1006.60590966562,98.2241963873846,-728.844976320201,404.434360961174,526.919858310429,-77.5899251150524,1006.1688613851,155.054362387543,233.698523743733,1006.71705061551,100.528702369025,728.912553054206,404.592955944614,527.189719171381,78.3543234288957,1006.24558632572,156.657109637578,93.6868686868687,75.3511111111111,155.517575757576,33.21,43.2812121212121,95.5454545454545,40.1919191919192,52.0117171717172,166.538484848485,9.67919772950572,8.6805017776112,12.4706686171021,5.76281181368956,6.57884580463869,9.77473552304381,6.33970970880522,7.21191494484767,12.9049790719894,3.49050791551936,2.91235052728433,2.7417729215028,3.19283892227487,4.11944164924355,3.11616857664073,3.06034154809103,2.67722165391278,3.26283510712679,-0.0344250232846864,0.0356456757171491,0.255647686091587,-0.251438482409685,0.212949678583352,-0.168679502713564,-0.148856981225803,0.107025153008223,-0.0328918701425748,232,1009,99,-727,407,525,-77,1009,155,233.333333333333,1006.7,99.5666666666667,-728.9,404.4,527.222222222222,-78.1111111111111,1006.3,156.155555555556,0.76420450650862,0.76420450650862,0.76420450650862,0.76420450650862,0.76420450650862,0.76420450650862,0.76420450650862,0.76420450650862,0.76420450650862,60,39,59,27,37,50,30,29,58,444.997812135372,422.721642197229,437.722261299265,574.26,86.8928571428571,464.678571428571,156.835910518812,103.182693332852,167.625499728715,462085.817142857,416973.415714286,447090.441428571,0,53.6694004518421,0,66.2184129781151,0,128.870963221907,0,27.5395125436229,0,35.8111055113827,0,69.0208006638797,0,32.1606577784491,0,41.9457551546019,0,128.259860289447,1
747171,212,990,69,-745,388,505,-97,990,135,252,1029,128,-718,416,555,-58,1028,184,232,1009,99,-727,407,525,-77,1009,155,232.9,1007.62,101.97,-730.42,404.73,527.5,-76.94,1004.76,154.53,232.504693277836,1007.53183612928,100.831294385931,-730.376117360814,404.61894812048,527.267908643041,-76.0493963323401,1004.69350397777,153.807375395291,233.097833537766,1007.66397176837,102.507999687829,730.441934721714,404.785585217656,527.616337881988,77.3640743497911,1004.79330212736,154.894060570443,93.1212121212121,89.5107070707071,111.120303030303,32.3672727272727,45.4516161616162,123.989898989899,66.0973737373737,67.5983838383838,113.78696969697,9.6499332702984,9.46100983355937,10.5413615358882,5.68922426410427,6.74178137895439,11.1350751676807,8.13002913508763,8.22182363216238,10.6670975291768,2.41934593898684,2.58238268085175,3.59462893444397,2.71759526684326,2.42942367106997,2.55650590465445,2.68094698413605,3.27559589356367,3.0334941491807,0.0907827630558156,-0.251001812742494,-0.230023909335757,0.0235351322824954,0.0922917250873333,0.157171526866631,0.250468406401301,0.21999160121837,0.259003848902065,232,1009,99,-727,407,525,-77,1009,155,232.777777777778,1007.74444444444,102.244444444444,-730.6,404.7,527.444444444444,-77.2222222222222,1004.58888888889,154.311111111111,0.76420450650862,0.76420450650862,0.76420450650862,0.76420450650862,0.76420450650862,0.76420450650862,0.76420450650862,0.76420450650862,0.76420450650862,40,39,59,27,28,50,39,38,49,445.416102492564,423.336738618225,436.957582972573,575.352857142857,86.49,463.864285714286,130.044411536286,125.521954335485,115.671040877838,462955.358571428,418189.624285715,445537.264285714,0,79.5913396229766,0,67.8715478570582,0,96.5232960458956,0,19.996265467773,0,30.364473486272,0,86.0102333080709,0,44.4516945445622,0,42.2453170559445,0,87.6272050815414,1
748734,50,990,79,-745,388,80,-97,990,9,262,1039,188,-218,972,545,77,1028,184,232,1009,99,-727,407,525,-77,1009,155,204.54,1011.29,112.52,-640.06,503.56,448.42,-51.84,1006.58,133.73,156.927871951587,1011.14839615442,108.195211588527,-523.718296855702,450.029041458431,297.262856017769,-126.897905785868,1006.51594946668,86.1486366139856,215.099697814758,1011.36121638117,115.235584781785,668.433691550628,547.347823600314,477.153245823603,76.404188366869,1006.61207026342,142.345600564261,4476.02868686869,145.500909090909,624.73696969697,37501.8145454545,46481.7842424242,26863.3571717172,3182.03474747475,65.2157575757576,2402.58292929293,66.903129126138,12.0623757647865,24.9947388403434,193.653852389914,215.596345614726,163.900448967406,56.4095270984853,8.07562737969983,49.0161496783757,3.75412666162773,2.79159883270219,4.03533028562497,3.77311768128052,3.77393101296942,3.76577457770985,3.75961017354749,3.05342716814396,3.56591531207795,-1.61938649563385,0.514329111937053,1.42424731324195,1.6633035921935,1.66331630196608,-1.65285954174929,1.6359743536558,0.194079569365701,-1.47737390090975,232,1009,99,-727,398,525,-77,1009,155,210.044444444444,1010.93333333333,110.411111111111,-657.577777777778,484.066666666667,463.077777777778,-56.8222222222222,1006.61111111111,137.311111111111,0.726350336993578,0.726350336993578,0.726350336993578,0.726350336993578,0.726350336993578,0.726350336993578,0.726350336993578,0.726350336993578,0.726350336993578,212,49,109,527,584,465,174,38,175,445.860974798697,422.964368050478,436.915447784944,569.292857142857,133.68,466.487142857143,5045.7752326547,110709.039007312,5495.3721604999,463885.127142857,417457.911428571,445443.312857143,0.0812273521604007,4277.26369702965,0,126.971040014383,0,578.695617616891,0.0577502067208735,35702.1595611643,0.0590223615269854,44369.2779840232,0.0571658686902941,25555.6253460088,0,2979.47341710016,0,47.5699215806853,0,2213.81678297545,1
800281,30,1000,138,-254,944,70,48,990,19,80,1058,198,-218,972,131,87,1028,58,60,1029,168,-236,962,101,67,1019,38,57.1,1027.71,165.6,-234.74,958.29,98.85,69.3,1014.22,41.25,55.317747777412,1027.62083333932,164.645363415261,-234.532418203165,958.247186643176,97.2201332142858,68.2986648558504,1014.15388012696,38.2943603851444,57.9223618302983,1027.75454754528,166.065047496455,234.843564953354,958.311405546235,99.6576640304197,69.8011461223954,1014.25290731651,42.5376303994475,95.5454545454544,92.4908080808081,155.79797979798,49.1236363636363,41.4403030303031,161.94696969697,70.4141414141414,67.4258585858586,108.977272727273,9.77473552304381,9.61721415383936,12.4819060963452,7.00882560516641,6.43741431246297,12.7258386637962,8.39131344988026,8.21132502010842,10.4392180132073,2.96863751070565,4.20510419714117,2.76713447599042,2.84664631751162,2.94472843424632,2.9494284875436,2.68005150999465,3.2087999403977,2.25345507280765,-0.0463912656227641,-0.0540784766664698,-0.196103595366164,0.0109366944082955,0.00674746538921504,0.194475966306623,0.240081926390989,-0.555670121034116,-0.0746743523185196,60,1029,168,-236,962,101,67,1019,48,57.1111111111111,1027.77777777778,165.666666666667,-234.8,958.322222222222,98.4444444444444,69.0555555555556,1014.46666666667,41.4444444444444,0.503258334775646,0.503258334775646,0.503258334775646,0.503258334775646,0.503258334775646,0.503258334775646,0.503258334775646,0.503258334775646,0.503258334775646,50,58,60,36,28,61,39,38,39,446.850892234255,425.000198610245,436.076002545243,535.89,352.457142857143,482.044285714286,158.774943945484,162.184480872472,119.964406686088,465948.004285714,421475.957142857,443738.832857142,0,63.4837971818685,0,73.3025556127049,0,117.531067083198,0,42.2314812448247,0,31.9273260994343,0,125.715967301962,0,58.59811351386,0,50.0652249275322,0,82.7177943383355,1
801843,40,1000,138,-254,935,70,48,1000,9,90,1049,188,-218,972,121,87,1028,58,60,1029,158,-227,962,90,77,1019,38,62,1028.32,156.4,-231.23,957.97,91.38,72.86,1014.89,33.69,60.2524866105586,1028.21925407443,155.577396380776,-230.983100795887,957.906888157501,89.915345732277,71.9976876774483,1014.84754303303,29.2004327952834,62.83311228962,1028.3702543345,156.819641626934,231.354165728651,958.001508349543,92.1117799198344,73.2727780284056,1014.91119315928,35.4249911785451,105.050505050505,104.401616161616,132.767676767677,58.0172727272727,60.9788888888888,135.631919191919,60.9296969696971,43.4524242424242,121.125151515152,10.2494148638108,10.217710906148,11.5224857026458,7.6169070315498,7.80889805855403,11.6461117628125,7.80574768806276,6.59184528356243,11.0056872350232,2.72781065088757,3.06495255523609,2.54580768149353,2.91600050920523,2.96532210247609,2.51343673296291,3.09268538352462,2.60675449738589,3.02883562961289,0.0452575696472732,-0.215663707900632,0.394849397174445,-0.245086634693676,-0.168076378745837,0.206658910949629,-0.121033983741732,-0.245875455396531,0.170616380890457,60,1029,148,-227,962,90,77,1019,38,62,1028.44444444444,156.111111111111,-231.1,958.066666666667,91.2555555555556,73.0111111111111,1014.98888888889,33.4888888888889,0.503258334775646,0.503258334775646,0.503258334775646,0.503258334775646,0.503258334775646,0.503258334775646,0.503258334775646,0.503258334775646,0.503258334775646,50,49,50,36,37,51,39,28,49,446.615487136018,424.202783015375,436.349125647282,534.308571428571,350.622857142857,480.617142857143,137.381648978473,137.95510332811,125.123074766397,465465.334285714,419904.094285714,444286.525714286,0,92.1022362840892,0,62.0257606707049,0,114.810495295112,0,54.7741224692431,0,41.8507672479101,0,101.628885848211,0,47.3806985650576,0,37.5856530554465,0,70.4272277958802,1
803406,30,1009,108,-263,944,50,48,1000,-9,101,1049,178,-209,981,121,87,1038,58,60,1029,148,-227,962,80,67,1019,29,63.01,1029.2,149.6,-229.88,960.62,83.65,71.07,1014.68,29.5,60.5732756476726,1029.1009920328,148.420614957487,-229.400316918147,960.54614769007,81.5485002757194,69.9559563543867,1014.62515987191,25.7830550112596,64.1249561403359,1029.24953242642,150.165242316589,230.122576032861,960.656983527419,84.6034869257763,71.6097060460382,1014.70744552309,31.675858315127,143.181717171717,102.989898989899,171.151515151515,112.712727272727,71.7733333333333,162.04797979798,77.7829292929293,56.260202020202,134.454545454545,11.9658563074992,10.1483939118414,13.0824888745038,10.6166250415434,8.47191438420699,12.7298067462935,8.81946309550243,7.50068010384405,11.5954536545383,3.40425377965806,2.5887731109716,3.30304927145445,3.4116961478226,2.39707033643967,3.3692472832773,2.44487646355275,2.9943947689945,3.36661567015894,0.0722525454892439,0.0765543106177621,-0.243657740755317,-0.361638893172106,0.191195320617194,-0.213712465311204,-0.0338612998236173,0.142520845608824,-0.16391509534326,60,1029,148,-236,962,90,77,1019,29,63.1111111111111,1029.22222222222,149.777777777778,-229.6,960.711111111111,83.8888888888889,71.0222222222222,1014.64444444444,29.7,0.506582677431054,0.506582677431054,0.506582677431054,0.506582677431054,0.506582677431054,0.506582677431054,0.506582677431054,0.506582677431054,0.506582677431054,71,40,70,54,37,71,39,38,67,446.602884776195,424.894497188246,436.156349856708,532.204285714286,349.024285714286,477.964285714286,191.242321084538,193.371918738849,138.66107171536,465435.518571429,421275.424285714,443898.218571428,0,115.15717153513,0,74.13036959482,0,155.096243245198,0,100.429712461104,0,66.6713961995799,0,138.184593141275,0,56.078187428215,0,41.5579744356869,0,102.404112506763,1
804968,40,1009,89,-245,944,40,38,990,-19,101,1058,168,-200,990,111,87,1028,48,70,1029,138,-218,962,60,58,1009,19,71.11,1028.09,135.41,-223.22,964.49,65.33,61.28,1013.61,22.59,68.8740904666537,1027.99715022638,133.920867538107,-222.688970998773,964.41644819567,61.7616224514914,59.9283880588016,1013.5496078793,0,72.1318930848207,1028.13648413039,136.118220675999,223.485391021427,964.526987699152,67.0762998383184,61.9427154716356,1013.64015804426,25.5986327759902,147.856464646465,96.5473737373736,194.244343434343,119.749090909091,72.0706060606061,233.556666666667,82.4864646464646,61.7554545454545,146.446363636364,12.1596243628849,9.82585231607791,13.9371569351265,10.942992776617,8.48944085677061,15.2825608674288,9.08220593503938,7.85846387950307,12.1015025363119,2.7525160748507,3.05685660708305,3.13199531369066,2.30538610595341,3.99997145638503,2.9985289055734,2.90549736243148,2.82870360528565,3.34179313648221,-0.13037766908507,0.155791824641981,-0.200595784146965,-0.0667685658580419,0.681862514825065,0.368688303067666,0.187332934433006,-0.147266104648786,-0.354512126613395,70,1029,128,-218,962,60,58,1009,19,71.3333333333333,1028,135.666666666667,-223.1,964.011111111111,64.8888888888889,61.1444444444444,1013.67777777778,22.8666666666667,0.522939241533473,0.522939241533473,0.522939241533473,0.522939241533473,0.522939241533473,0.522939241533473,0.522939241533473,0.522939241533473,0.522939241533473,61,49,79,45,46,71,49,38,67,445.52914037267,425.27768595299,435.353247539441,529.118571428571,345.685714285714,470.348571428571,197.646318669536,243.958399549402,158.045881695302,463198.204285714,422038.825714285,442267.954285714,0,127.260564072311,0,85.0022181952462,0,147.361068684608,0,94.0265512165466,0,50.4853248089686,0,150.201264461827,0,58.4905608355231,0,46.5410038161894,0,98.9136930387773,1
806531,40,1000,128,-245,944,70,58,1000,9,90,1049,207,-209,981,141,97,1028,67,60,1029,178,-227,962,111,77,1019,38,65.2,1025.21,178.26,-226.55,961.02,107.24,76.43,1014.21,42.38,63.6299363700637,1025.1211365616,176.902793759416,-226.263506997804,960.960447573755,105.49782044366,75.6417645462492,1014.1566757882,35.885304958547,65.9545297913646,1025.25440257528,178.899972051423,226.694309588926,961.049800998887,108.092737961438,76.811782950274,1014.2366341244,44.4362464661452,99.9595959595962,91.9655555555556,230.881212121212,66.0681818181818,57.8581818181817,185.477171717172,59.0960606060606,54.5716161616162,180.318787878788,9.99797959387776,9.58986733774537,15.1947758167474,8.12823362226885,7.60645658754336,13.619000393464,7.68739621757982,7.38726039622377,13.4282831322097,3.64836694508906,2.85290853058218,3.44665712267302,2.38649848076757,3.07558431195927,3.6363851315565,2.83145629873632,2.42547480192774,2.80065193128601,0.219023873357449,-0.0509451612441672,-0.437753644287992,-0.263564945087991,0.123879752585286,0.202899414875738,-0.10176836420382,-0.132800801086352,-0.254761614490464,60,1029,178,-227,962,111,77,1019,38,65.1111111111111,1025.22222222222,178.777777777778,-226.3,961.055555555556,107.1,76.5555555555556,1014.23333333333,42.6444444444444,0.503258334775646,0.503258334775646,0.503258334775646,0.503258334775646,0.503258334775646,0.503258334775646,0.503258334775646,0.503258334775646,0.503258334775646,50,49,79,36,37,71,39,28,58,446.912294948205,425.698009796982,436.322533196353,543.715714285714,360.732857142857,485.58,247.308150191577,190.725040239238,181.965416062983,466072.195714286,422867.601428572,444235.962857143,0,91.0078572127434,0,81.5987080669547,0,186.863508382601,0,66.6304579880825,0,39.4117788237463,0,153.892592356059,0,47.3739128039448,0,44.3326800934332,0,124.682196274966,1
808093,40,1009,138,-254,935,60,48,990,29,90,1049,198,-209,972,121,87,1028,87,70,1029,168,-227,962,101,67,1009,48,65.5,1026.9,169.2,-227.81,958.8,99.94,67.82,1013.16,53.29,63.5208711433758,1026.78854960548,168.021316364517,-227.434557929596,958.746457591577,97.9207123709018,66.9606797172954,1013.10849861039,50.5001697523799,66.385239323211,1026.95579262206,169.768077093428,227.99870613668,958.82678310527,100.882307665913,68.2370866904501,1013.1856789355,54.6178542236877,117.929292929293,115.747474747475,194.505050505051,86.8827272727274,51.8787878787879,191.147878787879,57.3208080808081,52.56,144.733232323232,10.8595254467814,10.7586000365975,13.9465067491846,9.32109045513063,7.20269309902816,13.8256239927129,7.57105065897779,7.24982758415674,12.0305125544688,3.17047168816401,2.23918140644485,2.46082874540725,2.6411153639086,3.27708569889655,2.50674830024021,2.94988742341215,3.01156446491322,2.57691148212473,-0.224138922456483,0.131397070680664,-0.304985119835773,-0.203384465620874,0.078472920108172,-0.217769633484831,-0.00732297355085125,-0.376237647483661,0.183193687094197,70,1019,178,-227,953,101,67,1019,48,65.7777777777778,1026.66666666667,169.555555555556,-227.7,958.788888888889,100.211111111111,67.8555555555556,1013.27777777778,53.0111111111111,0.503258334775646,0.503258334775646,0.503258334775646,0.503258334775646,0.503258334775646,0.503258334775646,0.503258334775646,0.503258334775646,0.503258334775646,50,40,60,45,37,61,39,38,58,446.980517723712,424.580201589638,435.824100329111,540.685714285714,356.112857142857,486.115714285714,199.79683937272,200.154182323899,145.974674934513,466228.457142857,420646.907142857,443221.984285714,0,97.679063616864,0,98.0044278262947,0,164.254196382081,0,84.9530899096603,0,42.2717942709556,0,176.041381918203,0,47.6470825471633,0,46.6769470852113,0,110.072650062687,1
809656,-282,696,-861,-918,879,-363,-126,904,-58,1929,1911,475,336,1083,373,165,1161,126,111,1029,168,-236,962,146,77,1009,38,128.74,1047.5,148.58,-237.19,958.38,141.25,68.05,1013.94,41.62,122.994574463713,1029.22370671009,189.675582555435,-192.868639234826,956.941000812664,0,0,1012.00107678937,0,267.442778926633,1059.12661188358,213.608239541456,281.218260431289,959.103247831014,184.633339351267,90.2930229862751,1014.93916073822,52.1307970397538,55506.7195959596,24740.3333333333,23790.3672727273,23055.1655555556,1400.82383838384,14280.7146464646,3557.60353535354,2047.65292929293,995.349090909091,235.598640904313,157.290601541648,154.241263197392,151.839275405132,37.4275812521172,119.501944111653,59.6456497605109,45.2509992076742,31.5491535688216,37.3748058648064,17.5514350252921,24.7860011951769,8.28205804352747,3.37424090618909,6.03383222843361,3.57512869842449,4.75635282847217,3.99915051937937,4.93456984759154,2.91228862233899,-4.22712408460518,-0.371009780789279,0.231020640078772,-0.944586537424354,-0.956725716322638,0.835856743745193,-0.318623246494626,111,1029,158,-163,972,101,126,1009,29,107.344444444444,1035.07777777778,170.688888888889,-234.677777777778,958.044444444444,146.733333333333,71.9555555555555,1011.64444444444,42.1333333333333,0.650022421648354,0.650022421648354,0.650022421648354,0.650022421648354,0.650022421648354,0.650022421648354,0.650022421648354,0.650022421648354,0.650022421648354,2211,1215,1336,1254,204,736,291,257,184,467.246863871431,434.712325432706,436.859504148157,567.78,369.617142857143,481.547142857143,82667.7946169905,29724.4107571397,3758.9025543422,530958.557142857,442736.665714286,446130.835714286,0.498473398059461,59118.0469239449,1.35318665863445,27459.8864423124,0.48214764063166,22852.7056220174,1.87737629158616,26140.1928326994,0,1468.15513432567,0.397525315525982,15480.494686782,0,2840.32196381369,0,2298.51427170024,0,1075.70346647371,1
811218,-1313,137,-1089,-745,666,-212,-135,885,-48,1848,1647,732,672,1435,626,213,1428,194,80,1053.5,217,-200,944,161,58,985,48,148.21,1077.23,222.66,-148.49,959.51,169.26,47.88,1012.88,53.68,0,933.356121398891,272.303818308256,-271.431930223215,946.491684861071,0,0,1005.11038693302,0,507.440666482299,1114.7452309833,321.688545024531,312.135947945763,966.400005173841,236.933619395813,93.1497718730432,1017.31451380583,73.1066344458559,237908.915050505,83063.087979798,54450.5498989899,76140.9796969697,13403.5655555555,27766.2549494949,6448.87434343435,9093.86424242425,2487.91676767677,487.759074800772,288.206675807133,233.346416083448,275.936550128775,115.77376885787,166.632094596134,80.3048836835864,95.3617546106627,49.8790213183536,6.38041045965642,3.81659753364721,14.0219425808005,3.49571131664363,5.90168490299892,3.2288428055554,2.54254793744172,6.79847475609003,3.01136770387732,1.13990679877971,-0.609532796734935,-2.28322786324157,0.54213328149166,0.970518168129325,0.264760314829508,-0.342801727967471,1.75755980356764,0.546607753383118,50,1029,207,-272,935,161,106,942,77,121.255555555556,1090.11111111111,240.144444444444,-155.9,954.855555555556,166.733333333333,49.3111111111111,1004.01111111111,51.7666666666667,0.696799527469347,0.696799527469347,0.696799527469347,0.696799527469347,0.696799527469347,0.696799527469347,0.696799527469347,0.696799527469347,0.696799527469347,3161,1510,1821,1417,769,838,348,543,242,523.42287499752,443.150385283312,437.009624049266,620.614285714286,420.12,477.617142857143,296606.71847116,83970.2194845368,10910.8939478575,687272.777142857,466069.44,449550.12,0.296119780577244,269964.947945181,0.0554313341751777,98848.7184322415,0.296358466341823,55556.688913172,0.257879624997045,82047.7101385904,0.561329925110474,15129.4584406906,0.41869561696034,30888.2166698457,0.15664414800588,6688.4207311015,0.423825915918473,10798.7398316198,0,2817.77128252004,1
812781,-1646,-68,-1881,-1645,648,-323,-106,857,-155,1646,2205,900,900,1759,1020,339,1876,330,65,1049,207,-267.5,939.5,156,67,971,29,159.9,1132.56,136.64,-223.1,965.75,158.12,62.47,1020.9,38.03,0,860.311546581888,257.204187659636,-385.462432790023,945.70092344019,0,0,1003.80724471175,0,550.244091290402,1194.2944025658,409.815958693656,451.927538439516,977.417244578793,255.405873072645,105.929929670514,1031.99280036248,88.9708379189496,280000.555555556,145097.945858586,150786.495353535,156025.141414141,22900.4116161616,40636.5915151515,7392.57484848484,23002.3535353535,6534.87787878788,529.150787163315,380.917242795054,388.312368272677,395.000179005202,151.328819516183,201.585196666698,85.9800840223179,151.665268058819,80.8385915190751,5.49485736603478,4.45894896357757,13.3695299852089,5.8284816105637,9.57667410212632,5.8965203629743,3.80902894542492,12.1763140241359,3.99943523238193,0.432075110701193,-0.115035777417878,-2.79838796503456,-0.0104200817323722,1.75751041137848,0.76453450799203,0.557756481439128,2.54041426117927,0.363530768105676,80,1029,207,-263,935,141,77,961,29,153.533333333333,1140.92222222222,181.522222222222,-228.277777777778,957.044444444444,149.644444444444,58.7333333333333,1005.07777777778,37.2888888888889,0.762191175739667,0.762191175739667,0.762191175739667,0.762191175739667,0.762191175739667,0.762191175739667,0.762191175739667,0.762191175739667,0.762191175739667,3292,2273,2781,2545,1111,1343,445,1019,485,557.649915658406,464.243187243683,441.230843346474,612.471428571429,386.044285714286,480.6,384428.748601999,160585.169350791,24860.2426002341,813024.342857143,524920.769999999,464634.042857143,0.473320397215689,297687.819912002,0.118965185679461,168139.472107744,0.310049259236696,150587.935059921,0.448334050893695,180271.308787125,1.0812177360564,25038.0120479377,0.286941656927999,46362.6045629116,0.790440080408521,8390.34395955191,1.00311168458081,26497.2783034786,0.319862600147222,7332.51825227195,1
814343,-1323,-127,-1584,-1127,685,-575,-174,838,-213,1888,1872,702,772,1416,888,349,1561,242,60,1068,227,-254,944,186,77,971,38,76.46,1108.8,211.04,-197.37,971.19,185.79,64.35,1014.81,37.41,0,916.239034783069,142.93113896726,0,952.141440611002,0,0,1000.09349784972,0,486.269842782791,1189.80263909608,347.737199620633,452.905696585945,981.669175435391,285.306939978683,102.136917909246,1023.55034561081,83.515567411112,232941.644848485,188073.616161616,77154.8266666667,167847.124343434,20671.0645454545,47355.6827272727,6354.57323232324,17995.9332323232,5631.65848484848,482.640285148769,433.67455097298,277.767576701577,409.691498988488,143.774352877885,217.613608782339,79.7155770996061,134.148921845549,75.0443767703383,7.19509354533022,3.03384281027154,20.4619112535538,2.89713918355288,3.98984445393752,4.56849045975064,5.12356196479181,5.8694869417922,3.92986938180681,1.06939061957463,-0.435338460534761,-3.21619408260285,0.208238286507614,1.00338641443321,0.10834396772425,0.199609129209355,1.68592730465362,-0.348675538020194,70,1039,227,-290,935,232,106,971,29,50.2777777777778,1122.77777777778,237.355555555556,-200.588888888889,962.8,182.322222222222,63.7222222222222,1002.52222222222,39.0888888888889,0.730728417399595,0.730728417399595,0.730728417399595,0.730728417399595,0.730728417399595,0.730728417399595,0.730728417399595,0.730728417399595,0.730728417399595,3211,1999,2286,1899,731,1463,523,723,455,541.665681707305,471.063433851982,438.459470606598,598.414285714286,411.261428571429,478.53,345950.515910096,183440.993479787,19593.1109881264,759861.36,535799.138571429,456455.19,0.325360114225026,256798.223600397,0.0656808890380809,223761.685060239,0.355041027733212,78619.6781106985,0.0736054630206656,197916.629547208,0.489152961690235,23930.2782504345,0.282326922375426,52157.4628282987,0.533828333327406,7494.68787278008,0.593144602347516,21427.0071952592,0.609767761964385,6512.07441775629,1
815906,-2565,107,-1603,-1081,620,-545,-194,866,-174,2888,2156,1029,754,1555,1121,252,1495,300,101,1058,193,-200,935,141,97,971,58,291.58,1157.7,168.8,-161.8,963.1,138.8,72.34,1013.68,58.12,2285.16152245499,894.951324224359,179.545293048352,-632.624115114131,941.266276141039,0,0,1000.69706491135,0,863.227316527924,1218.5481771354,413.507267167096,408.878123650557,975.500753459473,292.686829221952,110.40344197533,1021.27456641199,91.4504237278319,666810.60969697,146050.878787879,143934.161616162,142426.343434343,24282.9393939394,67070.8484848485,7026.10545454546,15610.7046464646,5035.60161616162,816.584722914267,382.166035628336,379.386559614546,377.394148648788,155.829841153546,258.980401738913,83.8218674007294,124.942805501016,70.9619730289513,6.49828304453791,3.67472322140374,9.79002664795165,2.87379157506869,6.94280027241206,4.99854796114565,3.51396939101331,5.82483212258857,5.4859462212944,0.980814290056061,-0.0286649201554845,-1.97964706753602,0.170988311114754,1.46047282167315,0.343408298580462,-0.866025238657048,1.64450313523415,0.456439870609549,80,1039,158,-490,888,121,97,971,58,252.611111111111,1161.78888888889,202.944444444444,-162.422222222222,951.544444444444,136.811111111111,76.2555555555556,1001.07777777778,56.1777777777778,0.708392686703044,0.708392686703044,0.708392686703044,0.708392686703044,0.708392686703044,0.708392686703044,0.708392686703044,0.708392686703044,0.708392686703044,5453,2049,2632,1835,935,1666,446,629,474,604.767414449238,462.571949124231,438.68116663175,693.462857142857,402.9,490.345714285714,765049.139306152,171597.557591071,16348.117240433,1029003.99428571,516192.265714285,455808.788571428,0.559423646960526,711463.859784417,0.155233630048087,161385.886491932,0.441717886845086,151009.539344066,0.535368501423948,161847.10571438,0.727442054870537,26241.1237174234,1.08354972231008,75064.0466478836,0.345974697867914,8166.17233911953,0.496854424068504,18016.8195602372,1.06763522778804,5413.88907226649,1
817468,-1424,78,-1198,-954,722,-333,-67,838,-106,1888,1715,554,700,1361,818,252,1342,184,101,1053.5,188,-240.5,944,186,92,971,58,122.77,1114.72,171.46,-202.11,969.82,190,83.76,1005.6,52.27,0,900.294290632143,168.556030668873,-1959.95214002705,956.822023967166,274.226267076127,0,995.670819621506,0,503.660530516339,1160.96599433403,277.6506437954,400.524992977966,976.901847679694,275.273318721594,104.591395439587,1011.13000153294,80.8275324379014,241011.572828283,106304.405656566,48173.0791919192,120779.614040404,13925.644040404,40076.1616161616,3963.25494949495,11265.1717171717,3839.3304040404,490.929295141656,326.043564047146,219.483664977417,347.533615698401,118.006966067279,200.190313492341,62.954387849418,106.137513241887,61.9623305246051,8.68928370735673,3.59442345831173,18.3099392465711,3.57454894338215,4.63268647802875,4.08105459962005,3.24909320604454,4.22833282391379,3.02112177941449,0.922706220320161,-0.441093026215518,-3.06505160238065,0.526873413130191,1.06368257681372,0.286998664204652,-0.0810347445009053,1.27306776604581,-0.226637282267871,101,1039,168,-272,935,191,106,971,29,99.7111111111111,1127.63333333333,192.944444444444,-211.344444444444,962.488888888889,186.644444444444,83.2444444444444,997.6,53.4333333333333,0.68007704572828,0.68007704572828,0.68007704572828,0.68007704572828,0.68007704572828,0.68007704572828,0.68007704572828,0.68007704572828,0.68007704572828,3312,1637,1752,1654,639,1151,319,504,290,531.253255439822,461.779375375355,434.616244850594,603.835714285714,410.447142857143,489.27,280620.578384861,130496.79227768,11814.5179637929,719402.507142857,510228.381428571,445652.712857142,0.433474524912343,272741.879922704,0.0750941889106066,122281.836576658,0.313578448632384,43421.9009119486,0.088043723083883,138844.21920787,0.622849939098822,16494.7217332456,0.40763754633684,43849.537976907,0.189862509141683,4521.43384280194,0.421112449759076,13125.6171387952,0.703690162605155,4294.45140204358,1
819031,-2444,107,-1356,-1500,703,-525,-58,895,-97,3323,2313,732,436,1259,868,310,1285,233,141,1019,168,-163,972,111,145,1009,9,210.65,1028.37,169.33,-132.65,969.32,97.7,135.54,1012.6,13.71,300.43195500268,882.112098971655,250.640556992446,-202.239005614783,963.806911083036,174.996945396453,91.0066820831804,1008.7008119747,0,646.784160288423,1067.1042170285,289.450047503883,277.474341156079,972.138632089066,193.642608947514,153.662812677629,1014.74607661227,49.6232808266443,377733.664141416,81986.4172727274,55665.3344444444,59995.946969697,5527.53292929293,28234.5151515152,5294.1094949495,4394.78787878788,2297.48070707071,614.600410137689,286.332703812763,235.935021657329,244.940700925136,74.3473801104849,168.031292179508,72.7606314908653,66.2931963235133,47.9320425923068,18.801300631767,10.4076837026799,21.5457361542171,12.5976398009796,8.71797737051429,8.55920902908881,3.22963001735704,8.0759959915482,9.51039842972742,2.31281670709387,1.04342346267616,-3.23571590512454,-1.17913360596486,0.857539302658656,0.297985085349256,-0.488113197014707,1.80035873487207,1.50734767986827,141,1019,158,-200,981,111,174,1009,29,154.155555555556,1019.61111111111,191.133333333333,-129.922222222222,965.655555555556,96.4444444444444,137.688888888889,1006.01111111111,11.3444444444444,0.692080881944536,0.692080881944536,0.692080881944536,0.692080881944536,0.692080881944536,0.692080881944536,0.692080881944536,0.692080881944536,0.692080881944536,5767,2206,2088,1936,556,1393,368,390,330,500.313076232887,437.697700698031,439.478734949227,603.578571428571,400.444285714286,497.935714285714,457954.818886113,78310.1619516354,5479.12691867544,703209.638571429,454089.852857143,452478.998571429,0.581467223677991,388514.690630863,0.165498625354003,91781.4727754911,0.42645535564846,59717.9137905769,1.01033524897203,63453.0824721497,2.64875684843086,6050.12637970107,2.81349449310812,32750.9090469038,0.180335154713624,6217.45202364527,1.03376737040433,4835.06340087747,0,2258.57791996703,1
820593,-161,911,59,-472,824,-202,-19,914,-97,262,1098,336,109,1055,505,223,1142,97,65,1029,168,-272,944,121,87,1009,-9,55.63,1026.82,165.68,-278.51,942.5,118.95,83.93,1011.77,-0.54,0,1026.28734975413,155.139169367332,-172.892865370656,940.123295497678,0,0,1010.24311759118,0,96.6549015828996,1027.07953927629,170.450168671081,293.27923554183,943.662895318026,161.945639027422,95.3545489213808,1012.53197974187,34.7162786024078,6310.57888888889,538.452121212121,1619.59353535354,8530.19181818181,2215.56565656566,12199.2803030303,2068.93444444444,1558.05767676768,1217.09939393939,79.4391521158735,23.2045711275197,40.2441739305646,92.3590375555192,47.0697955866143,110.45035220872,45.4855410481666,39.472239317876,34.8869516286447,3.60019191897599,8.47525862973767,6.30487209037303,5.97609421158187,2.71457516012427,5.05442858924603,3.35371116349702,3.40919239948611,3.54211613178333,-0.320705784120715,-0.973195106323699,0.706290570068164,0.924408765381021,-0.338919377995002,0.106477495875349,-0.0301003471286473,0.0515803873499337,0.286407613047668,90,1029,158,-245,944,111,87,1009,-9,56.9,1027.45555555556,164.322222222222,-283.133333333333,943.566666666667,119.033333333333,83.8777777777778,1011.87777777778,-0.911111111111111,0.772155143580481,0.772155143580481,0.772155143580481,0.772155143580481,0.772155143580481,0.772155143580481,0.772155143580481,0.772155143580481,0.772155143580481,423,187,277,581,231,707,242,228,194,448.008742609035,428.995802086212,435.781677866617,534.912857142857,335.545714285714,469.354285714286,7030.21423493805,18129.3446990505,2327.13242705787,468551.918571428,429745.182857143,443793.737142857,0.425182407056101,6775.24070584952,0,413.536349896031,0,1641.59992565755,0.342063667798136,9696.50071464828,0,2516.45609126343,0.405163340488582,14230.1255526609,0,2400.60858557974,0,1836.32841143,0,1325.25496247645,1
822156,-171,960,49,-463,842,-161,-58,838,-87,181,1068,287,-136,1037,313,242,1142,126,90,1029,168,-245,953,121,87,1009,0,86.75,1025.35,167.78,-262.84,947.05,119.61,75.06,1010.59,-0.51,0,1024.85025700841,158.954695303262,-243.349843458506,945.322615807737,0,0,1008.16799866255,0,103.806021019977,1025.59725526154,171.236795111331,272.367325499958,947.893701846362,148.880253895538,96.3052438863014,1011.75660610643,37.7876964103397,3282.95707070707,512.229797979798,1183.74909090909,5150.6004040404,1614.91666666667,7938.15949494949,3677.47111111111,2383.11303030303,1442.07060606061,57.2970947841779,22.6324942942619,34.4056549263212,71.7676835632891,40.1860257635246,89.0963495040593,60.6421562208264,48.8171386943462,37.9746047518681,7.914524476091,3.24867206637717,4.58499405024357,2.6548436553258,2.94563354126365,3.41379155886474,3.10188517042995,4.32059113256821,3.26180212681519,-1.77469332670835,-0.425365613551579,-0.0379838763164334,-0.38362260617519,-0.464881822491718,-0.237981847813039,-0.122050159167095,-0.600413431470661,0.168722164941326,90,1019,168,-245,962,111,106,971,19,91.9111111111111,1025.94444444444,167.788888888889,-260.877777777778,947.788888888889,121.1,74.6555555555556,1012.65555555556,-0.777777777777778,0.728544874833431,0.728544874833431,0.728544874833431,0.728544874833431,0.728544874833431,0.728544874833431,0.728544874833431,0.728544874833431,0.728544874833431,352,108,238,327,195,474,300,304,213,447.740726445729,427.337923767068,435.360191598376,548.52,344.494285714286,465.06,3360.31462314918,10212.6690187132,3852.23941766943,467977.482857143,426365.04,443294.588571428,0,2993.84679979975,0,420.753198832869,0,1109.53658558428,0.539337739680895,5820.12348926108,0,1799.87031851827,0.613036890665477,9234.69534049416,0.0897223338155592,4307.21028188865,0,2760.46608809873,0,1288.64126855316,2
823718,-282,941,59,-518,814,-222,-87,780,-97,262,1098,326,-45,1101,424,281,1238,135,131,1024,138,-249.5,953,111,77,1014,19,112.33,1026.04,144.2,-246.89,953.11,124.39,76.54,1019.07,18.65,120.838693307724,1025.38882819123,126.530470422133,-183.570548464882,947.635863884953,0,0,1009.10894078079,0,138.260153334213,1026.36557814455,152.716665757212,270.825608094951,955.801302572873,176.699717034295,103.899663137086,1023.83732594588,52.5536868354638,6563.47585858586,674.968080808081,2554.28282828283,12517.007979798,5189.35141414142,15909.007979798,4986.63474747475,9837.58090909091,2438.45202020202,81.0152816361571,25.9801478211361,50.5399132199772,111.879435017334,72.0371530124658,126.13091603488,70.6161082719428,99.1845799965444,49.3806846874567,9.77066909029171,3.68126340905202,3.61497753660329,2.20122813759909,2.00074640709977,3.11692747440931,3.22754410458177,2.86331086660367,2.48424603620068,-2.03168636813358,0.0739353150851278,0.615072450288393,-0.139936420164504,-0.129784849785359,0.237526219640657,0.316898948726509,-0.238909498293612,-0.162883663556725,141,1019,138,-90,1018,40,87,1000,0,119.755555555556,1025.7,142.122222222222,-244.988888888889,953.411111111111,122.611111111111,74.7,1020.48888888889,19.1,0.721928094887362,0.721928094887362,0.721928094887362,0.721928094887362,0.721928094887362,0.721928094887362,0.721928094887362,0.721928094887362,0.721928094887362,544,157,267,473,287,646,368,458,232,448.495777418018,431.94647568484,439.502679209744,549.672857142857,355.975714285714,477.54,6727.33717366335,19493.2687494585,10634.3031846322,469656.235714286,436339.47,455057.1,0.861345579985135,6655.27982023346,0,578.098019236458,0,2477.87838418096,0.217377510488188,14617.9754117899,0.153635434666002,6074.49454578738,0.354690441944376,18687.5486894967,0.313094003227169,5950.25678833873,0.711820131357592,11668.1185969861,0,2719.06657539165,2
825281,-555,901,-39,-509,805,-141,-29,761,-97,393,1088,346,-9,1101,393,281,1314,145,151,1019,128,-240.5,962,121,87,1009,29,132.8,1023.63,133.1,-248.27,952.69,115.31,96.01,1009.71,26.58,0,1022.91098989773,145.504681820283,-160.312519846578,947.207621248474,0,0,1001.47590556678,0,170.727092167588,1023.98038555433,143.681314025172,270.853373617535,955.378684082914,152.398786084404,124.872855336939,1013.81641829278,52.2333226972974,11628.1818181818,724.700101010101,2958.29292929293,11841.9768686869,5182.01404040404,10029.2867676768,6439.70696969697,8393.3796969697,2042.24606060606,107.834047583228,26.9202544752107,54.3901914805687,108.82084758302,71.9862072928144,100.14632678075,80.2477848273519,91.615390066133,45.191216631178,22.8511494546676,6.84464916170145,5.72487385986949,2.39664601032573,2.08339262311012,2.98759919598675,2.25953907364633,3.70755688797882,3.16966281735668,-3.65415213987342,-0.820831360733345,0.512926560834334,-0.219223023041849,-0.15761398122656,0.125374050982474,0.361165868306353,0.227225079901416,0.0251234717067935,141,1019,108,-200,962,181,135,1057,29,143.744444444444,1024.35555555556,131.633333333333,-246.911111111111,952.622222222222,114.655555555556,92.9888888888889,1009.04444444444,26.4111111111111,0.689703907672028,0.689703907672028,0.689703907672028,0.689703907672028,0.689703907672028,0.689703907672028,0.689703907672028,0.689703907672028,0.689703907672028,948,187,385,500,296,534,310,553,242,448.981253675316,430.181437298338,436.405179442894,552.655714285714,351.312857142857,485.271428571429,11887.4385163702,18240.8319815686,11883.2568197794,470711.952857143,432572.301428571,448347.977142857,1.79511169491244,12631.9115457417,0,741.675867068111,0,3255.85208958907,0.251960975333991,14037.2468170769,0.153870794827137,6104.04597385386,1.12348869259707,11882.0913521952,0.256818030367312,7632.63545070078,0.521409396862181,10021.8090963634,0,2319.27408655675,2
826843,-171,950,29,-536,750,-191,-29,809,-106,252,1088,247,-9,1092,555,310,1209,155,121,1024,138,-263,944,116,58,1019,19,114.98,1025.85,141.36,-263.77,945.44,131.03,80.64,1012.14,9.3,0,1025.20088022305,121.357971753445,-178.063303890653,940.527623308444,141.516566516093,0,1004.78933980367,0,145.029445286121,1026.17513612443,148.056002917815,284.045295683629,947.883653198007,182.678652283183,112.844849240007,1015.70921035501,51.4820357017863,7892.0602020202,673.926767676767,1957.50545454545,11219.3102020202,4673.36,16366.292020202,6294.09131313131,7310.92969696969,2589.80808080808,88.837268091833,25.960099531334,44.2437052533516,105.921245281672,68.3619777361656,127.930809503427,79.3353093718762,85.5039747436907,50.8901570130029,4.23154569650267,3.17823126443123,3.11575788950069,2.99565224907108,3.19330519608384,3.71043210411377,3.46162359506586,2.63874932638925,2.72910056806113,-1.03762533733415,0.131954409796447,-0.106729082113742,-0.218831832666865,0.112361155828618,0.294770512103918,1.08890979948014,-0.186566854792537,0.150569162738318,171,1009,158,-318,972,60,19,1000,29,121.233333333333,1025.72222222222,141.511111111111,-261.011111111111,945.288888888889,129.755555555556,74.9444444444444,1013.01111111111,8.47777777777778,0.726350336993578,0.726350336993578,0.726350336993578,0.726350336993578,0.726350336993578,0.726350336993578,0.726350336993578,0.726350336993578,0.726350336993578,423,138,218,527,342,746,339,400,261,448.499486772357,430.840408181298,436.941739753105,549.51,348.3,472.32,8132.93240651835,20452.0627894582,8244.43469242405,469709.798571429,433944.274285715,448735.525714285,0.75747793562579,8474.40625213467,0,611.54457746991,0,2054.56743847068,0.385324793152572,13208.4875044166,0.249295237237878,5501.24427609834,1.00908762074846,19322.5989988776,0.285022153106935,7449.39901092884,0.349522770507071,8655.87644147939,0,2967.20484493577,2
828406,-737,421,-1415,-1018,750,-222,-126,771,-135,525,1823,920,400,1166,525,339,1400,174,156,1039,148,-222.5,972,101,67,1028,0,123.69,1026.18,132.44,-242.17,956,110.91,89.5,1007.94,13.11,0,1010.6317990658,0,0,949.495602861954,194.273900717855,0,994.268486169747,0,210.153967366786,1032.66312997027,274.833222154819,311.20454688195,959.044232556559,169.022158310678,134.413168997684,1014.45979713343,60.1344327320047,29157.0443434343,13482.5733333333,58578.7337373737,38587.8394949495,5888.72727272727,16431.7796969697,10158.2323232323,13318.8246464646,3479.06858585858,170.754339164293,116.114483736239,242.030439691733,196.437876935558,76.7380431906318,128.186503567925,100.788056451309,115.407212280969,58.9836298125046,11.073259295639,30.647596799688,21.1312712814824,5.96898740877917,4.07289063313315,3.53995622887865,2.56115013933975,3.62005898853612,3.58969035552197,-2.17369396544694,1.66735083154641,-2.72338301330032,-0.140025969100336,-0.566980322116496,0.475259116009331,0.539859790562738,-0.113579169047405,0.442492249905949,161,1039,118,-190,972,80,9,1028,0,138.333333333333,1027.06666666667,145.833333333333,-243.511111111111,958.366666666667,106.966666666667,86.8333333333333,1007.28888888889,11.5333333333333,0.77994319688597,0.77994319688597,0.77994319688597,0.77994319688597,0.77994319688597,0.77994319688597,0.77994319688597,0.77994319688597,0.77994319688597,1262,1402,2335,1418,416,747,465,629,309,462.462150851726,437.016166174433,436.426595108947,549.561428571429,353.46,475.95,76157.7978356148,41556.3549028035,14884.9947049288,508324.770000001,447935.399999999,450347.884285714,0.561724292474798,33182.7503899314,6.23970663274805,12123.3773848865,1.63160580491265,57739.1098891602,2.454106568413,44803.5700572948,0.250691272632872,6369.72865725542,1.84221877656104,19276.1455926661,0.191460527391279,11100.5597718782,0.646009778164214,15613.5129387515,0,3524.0620060142,2
829968,-373,921,-346,-545,833,-151,-48,838,-126,353,1186,326,-18,1083,424,271,1209,135,141,1029,148,-254,944,146,58,1009,-9,114.91,1025.19,147.65,-258.66,947.68,137.91,73.7,1012.07,-12.06,0,1024.01137885659,144.086637707393,-190.43204849219,943.609916809686,0,0,1005.67464470949,0,172.614223052447,1025.78172629463,165.112113425999,279.410701298286,949.724423188116,185.606600098165,108.780053318612,1015.27579011813,51.8140907475949,16758.9514141414,1225.87262626263,5516.65404040404,11278.1256565657,3918.2804040404,15586.506969697,6466.07070707071,6564.89404040404,2564.90545454545,129.456368766243,35.0124638702081,74.2741815195835,106.198520030016,62.5961692441351,124.845932932142,80.4118816287165,81.0240337208907,50.6448956415694,7.48984514234096,7.42878321722805,21.2214260972171,2.76460228026027,2.33270268602248,2.58171429814879,2.69499043057857,2.74445595786314,3.07774960834147,-1.75135163738304,0.333687402825951,-2.82440984729373,-0.162285117466786,0.171447803883116,0.0687519148295575,0.816681027264916,0.188145052563041,0.0739402940682918,141,1049,138,-245,1000,-30,67,942,19,126.088888888889,1025.64444444444,151.211111111111,-257.055555555556,946.866666666667,136.311111111111,69.9111111111111,1011.12222222222,-12.3111111111111,0.791325230456599,0.791325230456599,0.791325230456599,0.791325230456599,0.791325230456599,0.791325230456599,0.791325230456599,0.791325230456599,0.791325230456599,726,265,672,527,250,575,319,371,261,451.094647875976,431.25586042697,436.75182221553,551.892857142857,354.398571428571,460.161428571429,16912.6301770214,18410.227337178,7824.55864192521,475408.212857143,434784.27,447986.884285714,0.849658190438252,16282.3134965014,0,1005.29521993347,2.46622349200892,4640.20635782251,0.685853039993506,12975.8222723597,0.240582085008672,4511.2527294447,0.701121363362119,18037.8999566863,0.212682080299224,7359.61373137341,0.734155617925635,7780.16623415461,0,2774.58439502705,2
831531,-292,960,29,-509,796,-20,-38,838,-155,353,1127,267,-63,1074,353,262,1152,116,90,1029,158,-263,953,131,67,1019,-19,89.78,1025.47,155.2,-271.14,943.14,139.47,83.91,1014.42,-18,0,1025.04851479892,142.995725667537,-229.550642459199,939.287349304792,104.726572343718,0,1010.02535540274,0,118.944777102654,1025.68364031021,159.278184319134,287.147139982275,945.020846330916,160.598225394928,105.618890355845,1016.55184816122,50.8348305790429,6148.90060606061,442.635454545454,1295.45454545454,9026.84888888889,3587.21252525253,6403.94858585859,4156.02212121212,4373.45818181818,2283.0101010101,78.4149259137609,21.0389033589076,35.9924234451439,95.0097304958228,59.893342912652,80.0246748563128,64.467217414839,66.1321266996471,47.7808549631555,8.7821624513857,7.7962995266835,4.26929101029378,2.60439173737043,2.74376985246149,2.63759335824502,3.48688375934379,2.788209707656,3.8017519366136,-0.908500506468433,0.799983717306106,-0.0858620138966019,-0.0672263046681993,-0.251096785512952,0.382906695266269,0.884371874995034,-0.332845503696807,-0.194714087872427,111,1029,158,-327,953,131,58,1019,-19,91.5777777777778,1025.08888888889,155.222222222222,-270.422222222222,943.744444444444,137.266666666667,80.5,1015.54444444444,-17.6222222222222,0.73935351681318,0.73935351681318,0.73935351681318,0.73935351681318,0.73935351681318,0.73935351681318,0.73935351681318,0.73935351681318,0.73935351681318,645,167,238,446,278,373,300,314,271,447.653060470922,428.604155295934,437.599284295464,544.478571428571,347.772857142857,462.998571428571,6406.5615841072,12582.2388895088,5297.95318689398,467804.712857143,429132.715714286,448764.51,0.773495906303548,5393.25112171679,0,303.209504278446,0,1195.65141824318,0.193319276656885,10443.9304327028,0.122493939809866,4130.83907584391,0.725062914323132,7491.13795205717,0.227385034076869,4837.03000875218,0.541351820968557,5196.72306661183,0,2585.67178468325,2
833093,-151,980,89,-536,750,-30,-19,790,-165,252,1078,227,-36,1092,323,291,1190,116,90.5,1024,168,-295,925,151,97,1004.5,-19,81.96,1023.79,167.91,-281.91,936.43,160.5,102.96,1006.2,-24.13,0,1023.43226068754,161.6188603082,-192.206513493104,928.025059499343,0,0,998.555060898467,0,115.403292847301,1023.96885206533,170.721674078015,310.708722117677,940.568003921035,183.298936167126,126.97298925362,1009.9575238593,63.2505335945872,6667.1498989899,369.945353535354,961.739292929293,17239.0524242424,7845.4798989899,7917.42424242424,5577.1498989899,7652.28282828283,3452.90212121212,81.6526172206984,19.2339635420096,31.0119217871014,131.29757204245,88.5747136545747,88.9799092066532,74.6803180161272,87.4773275099487,58.7613999255644,2.49337288577093,2.92608482942577,2.49468512488181,1.9747422492808,2.04738071806501,2.24546449870512,2.45223235443899,2.34585119080919,2.59068586868065,-0.23953715619582,0.0352450301234714,-0.215922588753059,0.0915840276554572,-0.0369649820663216,-0.18833217604643,0.461058057647581,-0.054532364922469,-0.15675254427343,50,1009,198,-490,888,111,29,971,0,82.8555555555556,1023.76666666667,168.488888888889,-282.388888888889,937.544444444444,162.511111111111,99.9444444444444,1006.95555555556,-23.9,0.77018281481828,0.77018281481828,0.77018281481828,0.77018281481828,0.77018281481828,0.77018281481828,0.77018281481828,0.77018281481828,0.77018281481828,403,98,138,500,342,353,310,400,281,447.556333963119,431.378615041433,435.29159402805,545.854285714286,349.294285714286,465.012857142857,6967.31449871533,28732.7283677248,11096.9855736421,467561.151428571,434917.105714286,445772.987142857,0.218625190387684,7247.06338721264,0,354.799279305391,0,907.320182432826,0.0912375652968615,20565.6995880314,0.0766375896171091,9377.68616782626,0.311495736779769,9120.46081594756,0.187898688626603,6588.07662645932,0.198596710326278,9133.61962059879,0,3906.93345242032,2
834656,-272,970,19,-481,777,-30,-67,819,-106,292,1107,237,-18,1120,454,320,1180,97,111,1029,138,-254,953,136,87,1019,-14,103.32,1027.92,139.71,-261.49,947.5,134.32,97.58,1015.54,-15.31,0,1027.55221984172,123.80490544497,-166.014107059553,941.243203005571,0,0,1009.81197569978,0,130.286760647427,1028.10549069636,144.706357842356,284.839867293888,950.573952935804,163.587468957741,128.656597188018,1018.33082050972,51.8867034990661,6363.2501010101,385.225858585858,1435.3998989899,12885.5857575758,5893.52525252525,8807.06828282828,7101.6804040404,5733.50343434344,2482.66050505051,79.7699824558718,19.6271714361968,37.8866717856016,113.514694016131,76.7692988930162,93.8459817084796,84.2714685053037,75.7199011775863,49.8263033452263,8.55802192951007,4.9053979278815,3.33048125984447,2.32304675851532,2.40924076842713,2.91146051658677,2.71656543409664,2.81557408431576,2.12362873877448,-1.60923283891691,0.530302769476158,-0.0927844737758323,0.00688024618229123,-0.084172520882443,0.335695336338275,0.47235085677444,-0.19255766680907,0.0223654070742015,121,1019,148,-336,907,70,19,1019,19,109.066666666667,1027.46666666667,139.766666666667,-262.922222222222,947.255555555556,132.088888888889,95.1444444444444,1016.05555555556,-15.5888888888889,0.751968636868419,0.751968636868419,0.751968636868419,0.751968636868419,0.751968636868419,0.751968636868419,0.751968636868419,0.751968636868419,0.751968636868419,564,137,218,463,343,484,387,361,203,448.339361954902,430.707534212678,439.096449221113,544.692857142857,351.57,470.49,6509.95900154781,22460.9421660545,9744.30509359343,469249.487142857,433493.764285714,452675.318571428,0.595558943657072,6386.96139897989,0,317.298122456664,0,1380.71607408008,0.134174838098146,15307.8440641419,0.117693634837195,6944.14626763455,0.225222685590055,10277.0625065537,0.123958496471523,8420.82912077992,0.280799829233604,6800.17166966221,0,2844.87880875647,2
836218,-525,921,-39,-490,814,-121,-67,885,-126,373,1215,297,-54,1046,464,310,1152,77,111,1029,158,-272,935,161,87,1009,-9,103.94,1028.52,153.42,-267.54,942.76,145.39,98.44,1010.2,-13.25,0,1027.69897652442,171.069774962684,-224.84488226604,939.5235243084,0,0,1006.63969755622,0,146.253410216651,1028.94767602634,159.940238839387,283.446890969014,944.380918909314,170.496128988315,127.74498033191,1011.9678255755,44.8496376796959,10693.4711111111,888.817777777778,2063.82181818182,8853.01858585858,3089.8004040404,8010.78575757575,6695.2993939394,3610.9494949495,1854.47222222222,103.409240936732,29.8130471065569,45.4293057197864,94.090480846144,55.5859730871054,89.5029930090372,81.8248091591994,60.0911765149385,43.0635834809671,17.0847804866584,18.596898225,7.74145979868623,2.50105537593886,2.23733791773324,4.45125085271113,2.82165201753053,2.53153232479416,2.57674995412496,-2.67710784466751,1.84581638916191,-0.858931963858344,0.0334429939822967,0.116695179013078,0.33439304409601,0.241204803507406,-0.0121671064891356,-0.18402632210583,161,1029,158,-290,916,161,67,971,-19,111.777777777778,1028.04444444444,154.866666666667,-267.011111111111,943.022222222222,143.044444444444,96.2,1010.02222222222,-12.7777777777778,0.754034056197133,0.754034056197133,0.754034056197133,0.754034056197133,0.754034056197133,0.754034056197133,0.754034056197133,0.754034056197133,0.754034056197133,898,294,336,436,232,585,377,267,203,450.47026507357,428.59517241646,436.697607525749,551.091428571429,351.69,469.452857142857,11423.6427320015,13284.3520278321,7815.96055684158,473873.254285714,429114.167142857,446746.778571429,0.900891364925929,9363.04708084102,0,564.158550661054,0,1789.04563220443,0.182391274184115,10309.0763386218,0,3554.89053394387,0.58308389800859,9354.43146836436,0.0561957743498321,7981.06208073759,0.620967063041394,4244.07134643312,0,1962.54551212433,2
837781,-858,852,0,-781,722,-121,-97,780,-203,444,1117,396,190,1101,585,300,1209,135,131,1029,148,-254,953,131,87,1019,-9,104.79,1026.08,150.11,-267.32,941.17,146.73,100.69,1014.29,-7.06,132.505655694312,1024.46131059046,0,-219.44843329183,934.846934432577,0,0,1005.44852445095,0,182.706732224075,1026.84082505518,162.490645884617,301.583852352874,944.19754818576,185.104213890446,132.191641188087,1018.50964158421,64.7030138401605,22627.0766666667,1577.69050505051,3909.29080808081,19689.734949495,5765.69808080808,12862.5021212121,7410.25646464646,8664.32919191919,4178.4206060606,150.422992480095,39.7201523794976,62.5243217322732,140.320115983044,75.9321939680929,113.412971573855,86.0828465180286,93.0823785252568,64.6407039415615,19.6928944773954,7.81756056320083,6.04574233332617,5.12615465247524,2.96513282431949,5.25327396094316,2.4935640861229,2.74119067535212,3.29581451331616,-3.13770383918573,-1.34466544132118,0.727666227582219,-0.353158507947567,-0.353317656487485,0.643809088392877,0.319324017911021,-0.323447848143965,-0.220052543018488,131,1029,138,-254,972,101,67,1019,-58,118.544444444444,1028.38888888889,148.033333333333,-264.522222222222,943.122222222222,144.177777777778,99.4777777777778,1015.84444444444,-6.12222222222222,0.73935351681318,0.73935351681318,0.73935351681318,0.73935351681318,0.73935351681318,0.73935351681318,0.73935351681318,0.73935351681318,0.73935351681318,1302,265,396,971,379,706,397,429,338,451.874078677709,431.41766451584,439.148089939561,548.991428571429,351.677142857143,474.822857142857,23091.5363205288,24021.5119395657,10458.7759110345,477508.731428571,435739.457142857,453867,0.650187081686921,24263.3904202362,0,1371.52435798266,0,3714.74908267649,1.77275158370105,23123.699098997,0.551276186650913,6640.73320538702,0.718509885179069,14916.9416275663,0.156527224864751,8493.90792255388,0.492694987208276,10105.4089215393,0.914304804902784,4495.58488322688,2
839343,-323,872,39,-445,842,-151,-58,838,-135,474,1225,267,45,1129,454,213,1161,67,101,1029,148,-276.5,935,151,77,1019,-29,95.74,1024.38,150.55,-270.79,939.76,157.9,83.04,1010.7,-25.65,0,1022.88262928593,135.432567489267,-234.532751051447,936.241984043061,246.262587394048,0,1006.31982071181,0,151.670761849474,1025.13331815916,156.398881070166,286.41775433796,941.595847484471,199.823171829495,100.862678925359,1012.8452300327,48.6944555365393,13977.6488888889,1559.53090909091,1813.44191919192,8795.86454545455,3488.7701010101,15148.3737373737,3310.74585858586,4384.81818181818,1730.53282828283,118.227107250786,39.4908965344028,42.5845267578721,93.7862705594723,59.0658116088326,123.078729833281,57.5390811413065,66.2179596621504,41.599673415579,5.5096327333994,10.7350814358366,3.30171745067046,3.56803362939083,3.92106496199819,3.24796862725309,2.97624731136716,3.02444224089017,2.98501289950551,-0.652553148578577,0.51955055313832,0.0346535756578778,0.653880923633931,0.846309964147272,-0.1821189522259,-0.0618205378191214,-0.165706421560003,-0.229265796307772,50,1019,148,-254,944,151,58,1019,-29,100.544444444444,1024.31111111111,150.388888888889,-274.755555555556,936.233333333333,159.5,83.8555555555556,1011.32222222222,-24.9333333333333,0.776069353118086,0.776069353118086,0.776069353118086,0.776069353118086,0.776069353118086,0.776069353118086,0.776069353118086,0.776069353118086,0.776069353118086,797,353,228,490,287,605,271,323,202,448.757257519761,430.089183179961,435.754200648085,544.572857142857,354.372857142857,457.752857142857,14999.4949517714,18344.4250204954,5698.8872789092,470726.978571428,432243.072857143,445028.524285714,1.48323560306157,13394.7256745138,0,936.502126358425,0,1850.52251600478,0.966391369407228,10019.6041732825,0,3955.4988707538,0.965667356825111,17297.2897783997,0,3801.27590946249,0.632482793050003,5141.82428555324,0,1836.85801665682,2
840906,-222,872,69,-490,842,-10,9,876,-165,252,1127,227,-109,1083,363,242,1171,48,111,1019,168,-254,944,181,97,1023.5,-38,104.04,1024.51,164.01,-255.48,942.64,172.26,98.52,1010.46,-44.04,98.9955565604098,1023.83630501788,157.099917502194,-235.391381049717,940.270760222699,139.366863805398,58.4534293203679,1007.08854447667,0,130.188862810918,1024.83299615108,166.563651496958,264.660008312552,943.834794866135,186.387660535777,110.926101527098,1012.12435006772,57.5379874517696,6186.68525252525,668.616060606061,852.696868686869,4823.12080808081,2276.71757575758,5118.03272727273,2624.65616161616,3400.29131313131,1384.94787878788,78.6554845673539,25.8576112703022,29.2009737626482,69.4486919105091,47.7149617599928,71.5404272231633,51.2313982008706,58.3120168844408,37.2148878647764,8.78510670278091,15.7966026235034,4.04871965991029,3.34084858644877,2.87222854439683,2.86530353136732,2.7323148653497,2.5458339898966,3.66258656326034,-1.74929374867339,-1.28350714987249,-0.960449113464586,-0.31529837338302,0.271899988650088,-0.175377344795439,0.383740987571249,-0.12124458025561,-0.470614549890877,121,1019,188,-263,944,212,87,1038,-29,110.211111111111,1024.66666666667,165.888888888889,-254.522222222222,941.755555555556,173.033333333333,97.3333333333333,1010.62222222222,-43.1222222222222,0.762191175739667,0.762191175739667,0.762191175739667,0.762191175739667,0.762191175739667,0.762191175739667,0.762191175739667,0.762191175739667,0.762191175739667,474,255,158,381,241,373,233,295,213,448.322555989648,427.438829007424,436.352475732768,553.954285714286,368.322857142857,456.402857142857,6351.19382734854,8262.32008123679,3908.71498997591,469275.111428572,426689.742857142,445718.965714285,1.27891527661411,6124.53027476034,0,447.84645334838,0,835.631951947576,0.65850155919527,5373.96061679138,0,2647.11119838878,1.03782104610632,5977.11509952116,0,3073.1312933291,0,4037.33919026818,0,1565.66401231796,2
842468,-70,990,108,-454,824,30,-9,847,-106,191,1078,227,-54,1055,404,233,1123,38,131,1019,168,-240.5,953,202,92,1019,-29,118.93,1020.01,167.53,-244.36,941.65,186.18,102.62,1008.24,-31.15,0,1019.81201225721,163.041336888499,-206.037613787322,937.287043912658,145.530283816308,75.59810028336,1003.85667219616,0,128.917531779041,1020.10985192772,169.622374703339,260.617919568091,943.792016283249,200.100074962505,118.076077170611,1010.3598665822,43.7322535435804,2500.38898989899,205.767575757576,712.574848484849,8292.81858585859,4079.44191919192,5431.36121212121,3445.55111111111,4322.38626262626,951.704545454546,50.0038897476885,14.3446009270936,26.6940976338375,91.0649141319454,63.8705089943075,73.6977693836198,58.6988169481388,65.744857309346,30.8497090011323,4.47599103664717,4.47732596371715,2.33876847767733,2.30569688972885,2.01867412268445,3.17108193609738,2.63546685441946,2.37985683680093,2.56869424417019,-1.09161308907734,0.664435241075616,-0.18101589923789,-0.263279841027724,-0.185204840028796,0.164478327265776,0.45838912995444,-0.40883523051974,0.115564258326503,151,1019,178,-172,907,202,77,1038,-19,122.755555555556,1019.52222222222,167.755555555556,-243.366666666667,941.888888888889,184.688888888889,100.977777777778,1009.85555555556,-31.7111111111111,0.747806158331233,0.747806158331233,0.747806158331233,0.747806158331233,0.747806158331233,0.747806158331233,0.747806158331233,0.747806158331233,0.747806158331233,261,88,119,400,231,374,242,276,144,446.573756401323,428.076065420897,435.368954384809,559.915714285714,378.63,462.732857142857,2590.28858235324,15180.2651823556,5946.11473454122,465435.252857143,428016.475714285,444292.084285714,0,2762.81938813714,0,177.307450135133,0,791.886076447163,0.153247033812505,9812.74946212758,0.107302611220614,4835.14631690449,0.191121652313029,6438.12719397889,0,4023.49974616416,0.3304327740451,5101.53385000163,0,1051.47370646992,2
844031,60,970,79,-354,879,70,19,923,-116,232,1068,217,-54,1027,282,223,1142,67,151,1019,158,-227,944,171,106,1009,-19,151.02,1019.04,154.6,-221.36,949.65,171.68,109.79,1009.87,-11.48,143.22012022542,1018.74728818171,150.483581390036,-201.037285876186,948.358047412738,157.232837998605,88.5356060399484,1008.19726222699,0,154.405246024868,1019.18581230313,156.411764263434,228.714319621663,950.298821424082,178.18114378351,117.255063856535,1010.71391105495,34.7683764360661,1044.38343434343,300.200404040404,569.171717171716,3343.42464646464,1245.17929292929,2297.47232323232,1712.02616161616,1722.41727272727,1087.92888888889,32.3169217956079,17.3262922762028,23.8573199913929,57.822354210674,35.2870981086472,47.9319551367595,41.3766378723086,41.5020152851313,32.9837670512161,3.23729816218994,3.76415230534441,3.37978599850722,3.03213992953705,2.46008119161185,2.25353014927039,2.87815195845726,3.45539674851138,3.44659637624206,-0.000430616418902436,-0.168970034461445,-0.346679932034855,0.314935160263425,0.181280386460019,0.082469877958876,0.106675631419806,0.324223128649761,0.040255149051731,141,1019,158,-245,935,161,116,1000,-19,151.022222222222,1019.13333333333,155,-222.166666666667,949.377777777778,171.411111111111,109.422222222222,1008.91111111111,-11.5777777777778,0.696799527469347,0.696799527469347,0.696799527469347,0.696799527469347,0.696799527469347,0.696799527469347,0.696799527469347,0.696799527469347,0.696799527469347,172,98,138,300,148,212,204,219,183,446.767272100264,425.720242618547,435.942905916395,567.711428571429,385.701428571429,474.934285714286,1064.75019805365,5437.1077440124,2160.14696074825,465876.574285714,423054.261428571,444214.371428572,0,984.978847830055,0,245.534798193754,0,623.56874725574,0,3821.78087539138,0,1415.4042155674,0,2662.1546131185,0,1932.67606071397,0,2022.01605508901,0,1205.17326265439,2
845593,-363,882,69,-445,805,-40,-67,847,-106,262,1078,326,18,1092,434,291,1171,67,171,1019,158,-209,972,141,126,1019,-29,157.52,1012.32,160.34,-215.46,958.52,144.39,116.01,1009.7,-26.26,188.880893242218,1011.40241947402,152.977488192276,-252.646828145104,955.331995012641,0,0,1006.40793011772,0,183.600490195424,1012.75530114633,164.113314511651,229.978433771517,960.066268546083,163.043644463683,133.503071125724,1011.32576354012,42.1255267029387,8986.45414141414,890.421818181818,1236.63070707071,6532.39232323232,2996.61575757576,5792.68474747475,4408.83828282828,3318.89898989899,1095.93171717172,94.7969099781957,29.8399366316656,35.1657604364061,80.8232164865537,54.7413532676692,76.1096889198396,66.3990834487064,57.6098862166815,33.1048594193015,19.0352435936832,7.9829405584213,8.23294962715224,4.25562957069538,3.78842782306003,4.22803830535829,3.47295556529816,3.32349450442481,3.50427291041089,-3.69042984117705,-1.60284751925894,1.23679271217797,-0.167340959277822,-0.360613528601561,0.540582685227681,-0.376377533997872,-0.070603774358811,0.235363445782468,151,1019,168,-245,972,141,126,1019,-38,171.877777777778,1014.62222222222,158.966666666667,-214.7,959.533333333333,141.822222222222,117.566666666667,1009.77777777778,-26.8,0.760167502961966,0.760167502961966,0.760167502961966,0.760167502961966,0.760167502961966,0.760167502961966,0.760167502961966,0.760167502961966,0.760167502961966,625,196,257,463,287,474,358,324,173,446.556388991179,428.58120304772,436.812215617403,570.077142857143,380.335714285714,471.192857142857,9465.91496784995,10653.3500487324,5238.78217047545,465563.837142857,429085.95,446733.184285714,0.637733014943115,9118.27545941146,0,691.554519059721,0,1029.03059446339,0.438983826988699,7647.40219586289,0,3535.52588738144,0.654713033810991,6419.8430726554,0.113982057255362,5231.87794616138,0,3948.56107672494,0,1156.22812435363,2
847156,-292,931,59,-418,833,-111,-19,895,-174,272,1127,336,-45,1027,505,184,1114,29,131,1029,158,-245,953,161,97,1000,-48,121.47,1024.37,163.66,-246.05,948.29,157.95,98.49,1009.68,-43.04,124.039585366429,1023.66699035525,156.402243941187,-216.688930502452,946.900326418804,154.571399124839,0,1007.54333901357,0,142.770270014454,1024.71537023702,166.906141289049,255.285506834994,948.976222041417,171.486355142326,107.910564821059,1010.75419365937,52.8053027640217,5685.24151515152,714.841515151515,1083.90343434343,4676.85606060606,1315.09686868687,4504.41161616161,1964.0504040404,2192.2602020202,945.412525252525,75.400540549465,26.7365202513625,32.9226887471761,68.3875431683729,36.2642643477966,67.1149135152658,44.3176082842972,46.8215783802746,30.7475612895157,19.0721574537553,6.62072417748148,10.1734348766068,3.60633739285287,3.29922659634417,11.8574226133412,2.74084940223401,2.43280166126567,6.31869923597435,-3.48714175192898,-0.529111052676316,1.01201284251195,0.135065483533572,-0.228577926263872,0.634363571569514,-0.353244131182754,0.196247073901542,-1.1235495422204,121,1029,138,-263,925,171,97,990,-48,129.477777777778,1025.62222222222,163,-247.177777777778,948.677777777778,157.022222222222,99.7666666666667,1009.63333333333,-41.1666666666667,0.774117311341292,0.774117311341292,0.774117311341292,0.774117311341292,0.774117311341292,0.774117311341292,0.774117311341292,0.774117311341292,0.774117311341292,564,196,277,373,194,616,203,219,203,449.00683823418,427.388652373125,435.756296925004,561.214285714286,368.652857142857,456.484285714286,5943.60433706565,6963.56954287847,2460.07401362496,470692.542857143,426486.055714286,444024.484285714,1.08740839606913,6225.95449979883,0,665.821867084639,0,1146.17473196933,1.11821711765554,5342.07299951146,0,1464.16915582451,2.30003829580585,5142.8230029712,0,1959.85655369352,0,2512.09826130084,0,862.002768071938,2
848718,-1020,58,-1217,-1390,583,-494,-165,838,-145,2888,2313,663,754,1416,737,262,1438,271,121,1039,168,-222.5,925,166,67,1009,0,168.14,1061.97,139.54,-224.12,947.7,173.03,51.76,1016.96,0.11,231.610987590914,832.297400855,0,0,926.406695855469,0,0,1005.22387901591,0,612.276016188777,1112.0641393373,283.073100099603,391.601813070369,958.677610044169,243.544595505628,107.09014894004,1023.34590437447,67.8871858306117,350111.98020202,110006.433434343,61271.6852525253,104163.844040404,21138.8585858586,29671.3021212121,8877.98222222222,13160.8064646465,4655.21,591.70261128545,331.67217766093,247.531180364263,322.744239360525,145.392085705717,172.253598282335,94.2230450697823,114.720558160456,68.2290993638345,11.1935129161199,6.30075700890973,18.2724822125307,5.27324961744993,4.26336924979791,6.25567973716775,2.42354809268676,4.26935438002802,4.83806262554864,2.30516739305552,0.627619447801916,-3.42836780233875,-0.225677673321357,0.693148342282273,0.112367446937824,-0.190504841729351,1.0348940269737,0.470415706450492,131,1029,168,-227,916,151,67,1019,9,109.944444444444,1053.23333333333,170.011111111111,-220.255555555556,943.388888888889,171.944444444444,52.4333333333333,1009.46666666667,-1.06666666666667,0.796883141014166,0.796883141014166,0.796883141014166,0.796883141014166,0.796883141014166,0.796883141014166,0.796883141014166,0.796883141014166,0.796883141014166,3908,2255,1880,2144,833,1231,427,600,416,516.746467239469,447.725929424976,439.106852640457,586.992857142857,384.261428571429,458.07,444279.386818601,124354.607246745,14540.592930741,725013.835714285,485026.59,455705.918571429,0.935692394935368,356836.507753067,0.38174343725703,120890.10536898,0.443235083499542,63415.8643537404,0.998069246279406,115321.409535159,0.710936298785937,24699.8200604451,0.684655684865266,33895.1482275903,0.269397793184036,10498.4587020809,0.386420394232175,15283.3899533568,1.41544303022704,5114.606128171,2
850281,-1959,-235,-1465,-1163,592,-303,-135,847,-223,2858,2009,910,818,1490,1010,262,1390,184,141,1098,222,-200,953,156,67,980,38,160.87,1121,188.47,-145.55,971.31,170.46,74.59,1011.84,33.16,0,937.17412888992,183.480631901022,0,948.371813804098,0,0,999.000364468507,0,697.012603903258,1215.02911899263,351.721949841064,429.220607613381,982.969363713844,297.81863608579,112.316650591086,1018.80904982239,71.8497042443461,464593.346565657,221873.494949495,89078.1708080808,164692.452020202,23015.812020202,60241.7458585858,7122.58777777778,14294.6408080808,4103.83272727273,681.610846866199,471.034494436973,298.459663619861,405.823178268815,151.70963061125,245.441939893299,84.3954250998108,119.560197424063,64.061163955026,8.86062072707518,3.21333995716559,20.2526248081664,3.21412754398089,4.49600779896093,3.77944742428515,2.69477351668542,3.10639747135367,4.76295698902532,1.37744045818317,-0.492553598400117,-3.44404212837174,-0.0680187643190798,0.623463612862772,0.593014797537985,-0.110739410369719,0.898379111106925,-0.382731541058806,202,1009,237,-381,879,131,58,942,38,120.366666666667,1137.22222222222,219.988888888889,-142.633333333333,966.122222222222,160.566666666667,75.5222222222222,1005.15555555556,33.9333333333333,0.726350336993578,0.726350336993578,0.726350336993578,0.726350336993578,0.726350336993578,0.726350336993578,0.726350336993578,0.726350336993578,0.726350336993578,4817,2244,2375,1981,898,1313,397,543,407,571.117513329954,467.089823147814,437.362520758606,630.145714285714,426.951428571429,479.824285714286,589613.016455542,191488.880347157,14927.1187867359,893927.425714286,531066.445714286,452463.981428571,0.410799689601876,517827.951045631,0.0262856231970456,262650.976256681,0.511932175496898,83954.2551211953,0.193749939625008,195346.107165623,0.737405966637587,25951.9043798256,0.336577859761416,70520.165638308,0.377922924101207,8236.60371694307,0.312792433002925,16638.3485285327,0.710942180996273,4311.45201850602,1
851843,-2545,127,-1277,-1236,638,-494,-165,847,-174,3080,2823,1138,581,1416,959,300,1476,223,151,1063,183,-209,953,166,97,995,48,265.63,1138.43,127.24,-201.36,969.75,173.44,84.1,1015.79,37.58,0,941.01084064892,193.856741358707,-275.67746662304,955.205339290481,415.737516888075,0,1004.14265686137,0,803.598139619549,1201.31245311118,372.252521818187,384.086370494971,977.062838306728,267.622121656637,117.313511583278,1022.37639350681,68.8659567565862,581020.881919192,148614.894040404,123618.103434343,108057.061010101,14380.5328282828,41959.7640404041,6757.22222222223,13559.7635353535,3363.90262626263,762.2472577315,385.506023351651,351.593662392176,328.72033860122,119.918859351992,204.840826107502,82.2023249198113,116.446397691614,57.999160565155,8.49789643332783,6.45552672199094,9.36394856534733,3.66922786205816,5.71715537156177,5.05951046573002,3.89410416162402,5.55815863908944,5.04115145819229,1.41603285317673,0.773766656770215,-2.04487605985855,-0.179495996196277,0.604206161362342,0.334056940448162,-0.549856242233933,1.43107961995862,-0.208188977420296,151,1019,158,-172,925,151,116,971,58,209.844444444444,1132.3,162.177777777778,-198.388888888889,967.588888888889,169.933333333333,86.1111111111111,1006.36666666667,37.4111111111111,0.689703907672028,0.689703907672028,0.689703907672028,0.689703907672028,0.689703907672028,0.689703907672028,0.689703907672028,0.689703907672028,0.689703907672028,5625,2696,2415,1817,778,1453,465,629,397,576.244949874295,458.532244965289,439.169754175868,656.271428571429,403.641428571429,487.487142857143,713898.027921797,132124.873942494,15454.3829186334,954640.079999999,503055.312857143,455896.487142857,0.76494871544624,621208.907968643,0.157202855214625,162478.591823077,0.692944375583404,115356.782994517,0.657677632926622,119942.736658648,1.58306120435353,15434.6420554334,0.762489028641107,46253.1550565492,0.815878948390722,7504.33677577175,0.769278552359636,15250.4768307293,0,3706.9151973543,1
853406,-1484,49,-2435,-1981,648,-707,-213,723,-165,5010,2686,1356,2081,1453,1060,427,1676,368,131,1078,188,-140.5,967,151,72,980,67,267.1,1118.23,186.19,-92.54,982.4,163.83,75.65,1015.76,61.9,0,679.30627566304,251.628087974259,-462.183080040611,965.112759886421,0,0,998.297560247233,0,898.098168353549,1212.75925475751,484.656135832406,561.59134608717,991.744705052666,306.028381036792,119.418130951711,1026.11095891234,107.183114341766,742664.555555555,222572.401111111,202247.327171717,309920.392323232,18634.1414141414,67487.9809090909,8624.00757575758,21348.8105050505,7733.9494949495,861.779876508819,471.77579538496,449.719164781441,556.704941888638,136.50692808111,259.784489354332,92.8655349188146,146.112321537407,87.9428763172407,13.6391468984843,3.40238090980873,14.5978638802896,6.07182017605923,5.04912847265349,4.39097762395362,5.90299590501814,8.37804099187565,4.87411003969673,2.69655220556101,0.067894906154892,-2.45820758436529,0.306896204506326,1.02114115631327,0.0887879385174967,-0.0937172550025132,1.83960946912681,0.364491220095482,151,1039,178,-218,1027,141,48,895,67,179.144444444444,1122.06666666667,227.122222222222,-96.2555555555556,973.9,164.755555555556,77.0222222222222,1003.81111111111,60.0555555555556,0.689703907672028,0.689703907672028,0.689703907672028,0.689703907672028,0.689703907672028,0.689703907672028,0.689703907672028,0.689703907672028,0.689703907672028,6494,2637,3791,4062,805,1767,640,953,533,604.973154420996,490.097006283974,440.748264101637,673.508571428571,451.581428571429,494.275714285714,833958.700295208,331469.585964916,24934.883982532,1076681.52857143,596826.758571428,462279.69,0.494897441425979,839051.302282135,0.204114542780006,247424.970389574,0.465372001416299,192207.977150624,1.04636059449035,361996.772968565,0.980386528583723,20609.8023103202,0.695178920565681,73698.464163391,0.728584584687234,9611.08951399917,1.19630262435792,24337.362156407,0.730211090933931,7953.20430845693,1
854968,-1363,98,-2099,-1118,694,-545,-58,771,-174,2616,1970,1178,781,1444,777,300,1666,320,111,1073,188,-249.5,953,196.5,106,980,48,127.56,1126.29,226.25,-179.62,978.1,224.89,98.87,1003.24,45.41,180.704754861059,806.533689132143,249.401057305214,-221.601664490948,964.611956220956,0,0,988.93756426278,0,625.080458821103,1198.92905127868,423.121271032313,443.478815728553,985.634770084741,329.595282126429,123.323193276853,1011.66763316813,81.5145999192783,378236.39030303,170607.783737374,129133.886363636,166070.823838384,14945.7474747475,58643.9776767677,5488.21525252525,17152.4266666667,4628.8504040404,615.009260339249,413.046951008446,359.352036815761,407.517881617953,122.25280150061,242.165186756412,74.08248951355,130.967273265754,68.035655387748,8.61057627453064,3.13152902534473,20.3769115755156,3.47026532129818,5.93910792048311,4.09042288015139,3.12900160936774,9.18681786044024,6.77391503581231,1.59835446622447,-0.328534605373143,-2.72166625137053,0.327856460826816,1.34541602854119,-0.162887475558188,0.433866621644297,1.88425233718979,0.630426245275033,121,1019,148,-290,944,141,106,990,38,85.9444444444444,1136.78888888889,247.555555555556,-185.933333333333,969.433333333333,227.555555555556,96.4888888888889,991.788888888889,43.9888888888889,0.672730389518331,0.672730389518331,0.672730389518331,0.672730389518331,0.672730389518331,0.672730389518331,0.672730389518331,0.672730389518331,0.672730389518331,3979,1872,3277,1899,750,1322,358,895,494,569.8726837262,475.256640169381,434.455118694884,634.328571428571,438.587142857143,491.794285714286,473865.019417125,181483.81869284,18009.2072949862,860223.454285714,547192.461428571,447996.274285715,0.306025334991495,413880.653052585,0.0453304193316398,200544.122093209,0.389402288632781,125209.386302297,0.141710589626446,195301.005657839,0.666095004723354,16673.4767049275,0.310874087192734,63944.719569733,0.286765122532402,6201.60248197021,0.583887375925277,19726.6089991529,0.556453729021699,4816.04045414909,1
856531,-1666,-29,-2544,-1263,537,-494,-126,838,-155,4171,2823,1257,736,1351,1141,339,1676,330,131,1049,207,-163,953,146,97,980,38,318.9,1146.93,162.21,-132.36,977,157.12,87.93,1015.8,34.66,447.099001855184,1588.09974888624,0,0,957.198837949072,824.250168045587,0,998.217400306678,0,887.291214878182,1217.48827920436,545.085305250472,405.410286006658,986.702751592393,313.505980804195,116.140647492598,1026.51622490831,84.8244068650055,692513.626262625,168514.429393939,273541.319090909,148321.545858586,19245.7777777778,74342.7329292929,5815.11626262626,22106.9898989899,6054.40848484848,832.174036042116,410.505090582248,523.011777200962,385.125363821426,138.729152587975,272.658638097701,76.2569096057942,148.684195188964,77.8100795838719,8.33724853689524,5.3477383864411,12.1237280917775,3.45952126147086,4.72786545424883,4.34335562084508,4.06971042582802,8.29412511696021,5.03960341029494,1.7475488429564,0.643471520651696,-2.58184695194432,-0.222219549520184,0.480305388235627,0.659981204868237,0.0470476775710433,1.95017862758996,0.867594539459816,131,1019,178,-163,898,282,126,952,38,261.977777777778,1139.34444444444,221.822222222222,-126.766666666667,973.066666666667,146.4,87.5555555555556,999.511111111111,30.8444444444444,0.737213515690948,0.737213515690948,0.737213515690948,0.737213515690948,0.737213515690948,0.737213515690948,0.737213515690948,0.737213515690948,0.737213515690948,5837,2852,3801,1999,814,1635,465,838,485,612.959104334067,467.37572257439,439.577357447514,697.731428571429,429.325714285714,487.881428571429,882585.405352449,182861.009168828,23607.4950927634,1100006.31428571,529811.065714285,460465.452857143,0.38572617524561,754533.278533102,0.201588748075577,186977.282986193,0.413852935575574,278664.082449218,0.547998448961433,168856.070966882,1.09883048141066,19759.9594863398,0.846480900265377,82870.6735714643,0.442136548685689,6685.7306589248,0.493916620650793,26201.8417343382,0.706360550494185,6851.94650719498,1
858093,-2333,-215,-900,-1354,583,-767,-116,809,-116,3878,2519,1326,781,1435,1040,252,1447,242,141,1112,212,-213.5,939.5,151,87,985,38,172.46,1141.43,247.61,-143.61,973.32,176.1,73.78,1004.86,40.79,0,977.376111829576,178.880394637525,2129.07661657545,951.468826701331,0,0,989.35269722594,0,829.884256990094,1248.00410656376,396.0485702537,496.216253260612,984.917092957575,321.670545745177,113.190635655075,1013.36244256436,74.687683054169,665621.644848485,257224.045555555,96508.8463636364,227885.593838384,22939.2501010101,73192.6565656565,7443.06222222222,17333.1519191919,3953.96555555556,815.856387392098,507.172599373779,310.658729739945,477.373641750761,151.457089966136,270.541413771823,86.2731836796477,131.655428749414,62.8805658018084,9.49026927798484,3.2210796207194,8.06247694057859,2.5924836539738,3.94400094413809,4.30439276170397,2.46388718796453,3.57627600425789,3.71723287849881,1.69942478116081,-0.216149495958332,0.0538491359689761,-0.216904628976067,0.81561525770584,0.0982760654013527,-0.21951627289039,0.968221290340897,0.312373620268687,141,1029,168,-245,898,121,135,1019,38,114.2,1150.11111111111,248.722222222222,-136.644444444444,966.077777777778,172.877777777778,75.0555555555556,996.877777777778,39.4888888888889,0.70379004024658,0.70379004024658,0.70379004024658,0.70379004024658,0.70379004024658,0.70379004024658,0.70379004024658,0.70379004024658,0.70379004024658,6211,2734,2226,2135,852,1807,368,638,358,602.632453463751,480.447305997765,434.470711584596,669.214285714286,431.061428571429,479.755714285714,769815.175134114,256541.124563162,18417.1222243331,1029889.97142857,565613.224285714,447983.061428572,0.40140740088033,728903.116606721,0.0805354777729873,297071.247700433,0.509112179746689,74274.6127109603,0.29158447198895,265018.998557055,0.440928228091659,23223.6282434388,0.404684095924867,84883.1676134535,0.317692268083399,8494.76666557163,0.403440977728642,20313.8157472911,1.52375782252181,4364.27359463381,1
859656,-2848,117,-1643,-963,638,-555,-87,809,-145,3525,2264,693,790,1342,989,310,1685,300,131,1063,178,-227,944,191,97,980,38,272.88,1141.62,135.2,-206.3,977.34,199.06,101.04,1021.4,44.04,272.435835383808,937.403072204021,237.574850526284,0,961.528737038911,0,0,1003.03262021025,0,840.575564717414,1200.04777404902,430.257457808694,426.036383422825,985.421828457235,319.360423346413,133.18092956576,1032.38473448613,88.7422109258046,638488.672323232,138200.44,168527.717171717,140350.818181818,16022.9337373738,62996.157979798,7604.1195959596,22788.1616161616,5995.61454545455,799.05486189825,371.753197699764,410.521274931905,374.634245874317,126.581727501934,250.990354356095,87.2016031731046,150.957482809438,77.431353762249,9.01034061402456,4.06264906913098,9.74879825820973,3.08968091484012,3.37363425675708,4.32291365271856,2.72022571870042,7.1972739349704,4.62493421970106,1.17523001233814,0.181753082904812,-2.35889084636374,0.368528116098181,0.507404806258227,0.173127997722219,0.260813910736948,1.74806599355225,0.845430503712252,131,1019,168,-309,898,141,38,866,19,225.755555555556,1141.07777777778,185.966666666667,-217.422222222222,973.866666666667,195.822222222222,99.7444444444444,1006.67777777778,40.0777777777778,0.692080881944536,0.692080881944536,0.692080881944536,0.692080881944536,0.692080881944536,0.692080881944536,0.692080881944536,0.692080881944536,0.692080881944536,6373,2147,2336,1753,704,1544,397,876,445,593.841010448479,473.197557930701,442.920016656742,664.157142857143,415.757142857143,499.92,791632.839332021,164331.407905274,24552.3180492523,999344.322857144,537666.111428571,467755.962857143,0.545695703782017,588960.761133695,0.110016455187857,151220.200359898,0.404734362244731,183445.595749278,0.529565768069121,161045.244763292,0.685721583423622,15900.751284894,0.638547922759673,73453.9372435394,0.388787750437327,8252.13258483796,0.604675239726107,26828.3795990296,0.640539842376079,6786.69208425581,1
861218,-1212,-19,-2633,-1618,685,-313,-165,733,-242,3565,2539,1702,1009,1333,1080,320,1533,203,191,1029,202.5,-140.5,953,186,126,1000,48,217.15,1061.93,108.35,-111.52,971.86,147.43,121.53,1013,39.63,678.616637686577,0,379.523316695081,-18998.4878625231,954.68232194052,1005.90706194914,0,998.227192210233,0,723.767359031892,1155.14214276859,585.745516414765,475.015452380236,980.755871764222,279.762631528945,153.414960157085,1021.36128769403,74.9583217528247,481500.068181818,208745.50010101,334705.138888889,215356.534949495,17545.6771717172,57102.5506060606,8855.1607070707,17181.696969697,4089.10414141414,693.902059502505,456.886747565532,578.537067860728,464.065227041948,132.460096526151,238.96139982445,94.1018634622646,131.078972263659,63.9461034107172,9.68483290681255,4.41907029397155,12.8931967242864,4.13300095144045,3.03986438121947,4.51665775180699,3.29651255584106,6.65099574420985,6.10910061690376,1.89393541589283,0.302522097296354,-2.64147525462077,-0.404714849687812,0.538684657990226,0.532101760303844,-0.309641749239772,1.46779549761509,-0.935777186592427,212,1009,198,-400,851,202,145,1019,58,154.077777777778,1053.57777777778,176.6,-96.7444444444444,968.355555555556,139.344444444444,123.711111111111,1002.11111111111,42.0888888888889,0.694446070493981,0.694446070493981,0.694446070493981,0.694446070493981,0.694446070493981,0.694446070493981,0.694446070493981,0.694446070493981,0.694446070493981,4777,2558,4335,2627,648,1393,485,800,445,573.168322192202,472.565600121308,440.30722519626,594.612857142857,431.901428571429,503.211428571429,624910.288082854,232078.953997119,18360.50256599,943410.158571428,542480.952857143,459571.62,0.336545225457718,537454.183804517,0.222986419865799,228377.265157162,0.428435652065401,382086.939404286,1.08279042296795,247447.470532362,0.626199111766704,20124.6429430678,0.707281072715451,65136.529514973,0.403203385547339,10128.7865447692,1.4545557449033,19648.8849500494,0.605200608614809,4636.93126772602,1
862781,-878,-1578,-1960,-1672,629,-585,-174,800,-262,2686,3000,1178,863,1268,828,485,1476,339,171,1009,247,-190,953,262,62.5,1004.5,48,118.14,1004.18,174.01,-167.66,955.78,210.15,59.47,1012,41.64,0,1034.92569225052,326.52080779225,2197.64827662397,942.440065672667,397.018897487431,0,1001.80116426268,0,462.433995290139,1110.70452416473,536.945481403839,407.151249537564,962.504327263,296.579213701837,132.947621264918,1017.6011792446,109.388939111777,201907.212525253,227562.694545454,260637.343333333,139052.792323232,13029.4662626263,44238.5934343434,14281.2011111111,11482.9898989899,10335.4044444444,449.340864517409,477.035317922535,510.526535386099,372.89783094466,114.146687479866,210.329725512927,119.503979478138,107.158713593389,101.663191197426,14.1862212782054,21.056513988529,9.52399024694755,5.26792143614083,3.45820971317335,4.97938905560399,3.31101348661695,7.27040481505534,3.74028899762288,2.00385649048951,-2.26157962318889,-2.16440282509243,-0.325179911442742,0.388740524592464,-0.618053754689113,0.221514969863841,1.36991944393357,-0.335054240993238,181,1009,247,-190,953,282,-116,904,48,93.9888888888889,1014.26666666667,224.811111111111,-161.233333333333,952.144444444444,214.644444444444,57.1222222222222,1005.11111111111,43.8,0.745709019464098,0.745709019464098,0.745709019464098,0.745709019464098,0.745709019464098,0.745709019464098,0.745709019464098,0.745709019464098,0.745709019464098,3564,4578,3138,2535,639,1413,659,676,601,526.331268239736,459.453140589926,439.851083558794,555.57,427.83,477.047142857143,371571.447846558,146815.019176863,15537.1050444056,743922.938571428,505776.835714285,456494.215714286,1.78590098092523,225377.51472755,5.10600670078938,233617.155229682,0.597802900919473,271670.383666759,1.27793460614786,140207.139178244,0.513874581453864,14044.086816541,0.875798216816924,50404.6700237561,0.227336557191288,16717.3703060724,1.62772672755394,12904.5718210713,0.859695597796923,10750.0100686825,1
864343,-828,156,-1237,-1136,731,-222,-194,752,-223,1575,2872,871,681,1324,545,281,1333,300,131,1039,198,-254,944,191,38,1019,9,99.85,1019.92,140.27,-201.08,956.24,178.33,45.13,1022.39,8.84,0,853.824300276923,200.777965512395,0,943.584470902686,0,0,1008.38007327101,0,380.895195559093,1074.19189160969,342.829534900364,382.770375029207,962.827461178793,234.08474961005,97.1221395975192,1029.28717567062,68.9216946976785,136475.886363636,114799.407676768,98844.8657575757,107151.508686869,12769.4771717172,23226.3445454545,7470.7001010101,14293.7150505051,4719.24686868687,369.426428891649,338.820612827448,314.396033304455,327.34005053899,113.002111359555,152.401917787981,86.4332117939054,119.55632584897,68.6967748055676,7.28825803798728,11.4391528658136,10.1447110113112,3.32893105809908,3.17303307669245,2.77040330465841,3.28959938315186,3.1638734577835,7.13328911357954,0.800980860338753,1.33572820300889,-2.31407999931206,0.134149598864178,0.578646295846459,-0.0533406416203189,0.161688930555303,0.14244480479747,-0.119095647496096,191,1029,198,-327,944,151,87,1095,19,85.8111111111111,1011.2,172.788888888889,-201.5,952.144444444444,177.166666666667,44.0888888888889,1020.91111111111,10.2666666666667,0.785678871427623,0.785678871427623,0.785678871427623,0.785678871427623,0.785678871427623,0.785678871427623,0.785678871427623,0.785678871427623,0.785678871427623,2403,2716,2108,1817,593,767,475,581,523,487.768628217419,451.584310703031,441.267390715819,540.017142857143,400.067142857143,461.297142857143,223461.714540779,118720.140231817,14607.7177194739,607072.054285714,483576.664285714,460120.714285714,0.516952619692686,148855.767791572,0.815331795496027,117907.08942084,0.7497453500554,107606.591207156,0.694335673259797,122810.601671606,0.454959388140548,14425.0747817236,0.47863960615056,26658.3394931255,0.73709732469445,8567.90793871175,1.31654142557595,16420.8394992802,1.25724890445951,4651.49799692834,1
865906,-2464,-254,-1524,-2045,592,-535,-233,733,-213,5131,2941,495,1363,1453,939,262,1695,310,171,1063,188,-227,935,202,87,961,9,282.61,1115.23,119.85,-181.36,960.17,178.19,73.71,1004.38,13.78,0,771.788005198099,0,-540.520890318958,937.722689197284,0,0,987.681864420011,0,874.433010584573,1190.95528463499,314.636504557243,475.521145691756,972.032494312819,270.133541049608,120.353022396615,1014.89548230347,78.1447375067573,691681.492828283,176400.542525253,85486.9772727271,195180.717575758,23152.2637373737,41636.8221212121,9143.11707070707,21448.136969697,5976.47636363636,831.67391015246,420.000645862899,292.381561102487,441.792618290253,152.158679467764,204.051028228755,95.6196479323526,146.451824740073,77.3076733813427,17.1916249793293,7.93847893344218,16.3552392962294,6.7508292650663,4.50247477382489,6.21179527632494,3.37696998825766,9.92333559915165,6.45270929224643,2.64352983893143,0.651639923808194,-3.29953223243822,-0.190096753910637,0.843050210976485,0.293148086417706,-0.536089323714013,2.28133956977587,0.583431386582576,191,1019,158,-254,935,232,97,923,9,210.855555555556,1109.44444444444,158.788888888889,-181.111111111111,953.433333333333,173.077777777778,76.8222222222222,987.455555555556,12.0777777777778,0.766207532278821,0.766207532278821,0.766207532278821,0.766207532278821,0.766207532278821,0.766207532278821,0.766207532278821,0.766207532278821,0.766207532278821,7595,3195,2019,3408,861,1474,495,962,523,572.38941361968,465.187618939859,434.742900057052,650.438571428571,410.142857142857,467.944285714286,797264.396352116,219143.566451114,26111.329799699,978001.59,533116.997142857,450258.981428572,0.733029798791416,783458.716964977,0.280206854882295,205707.869573924,0.618805743766337,86493.9826088281,1.04042841608219,221057.706725604,0.442348288089805,24264.3638005364,0.994321398146258,47234.2546361746,0.34045407213159,10512.7538475053,0.675127460633426,24910.8783887443,0.916404188536714,5701.31767954797,1
867468,-1696,-39,-1801,-1609,648,-636,-194,742,-174,4171,2607,891,1190,1416,878,330,1628,252,111,1093,198,-176.5,953,181,82,1000,24,241.57,1125.4,156.23,-147.56,976.92,161.42,78.27,1032.64,19.37,0,0,0,-1012.24245667197,952.370354555205,0,0,1014.18716093751,0,912.125227148115,1238.20911804105,410.98395345804,511.21885724218,989.786017278482,303.564424793157,118.231510182354,1043.48706748095,75.4686027431276,781430.671818181,269329.95959596,145959.593030303,241990.673131313,25559.2662626263,66762.5692929293,7931.81525252525,22747.364040404,5374.05363636364,883.985673989223,518.970095088301,382.046584895485,491.925475180248,159.872656394476,258.384537642889,89.0607391195764,150.822292915882,73.3079370625285,8.36087265148611,3.45157142527689,12.5079886406859,3.29376132035302,3.05045025653576,3.99105079908294,3.95136639552897,6.78064770364402,5.02656457549328,1.90258402190896,0.0412563242378817,-2.79210336446392,-0.0987020975508125,0.606331668645483,-0.119949733873684,-0.244960155841836,1.64053857126812,0.632638579167491,10,1019,198,-718,805,191,77,990,-9,170.1,1119.98888888889,203.955555555556,-142.844444444444,971.311111111111,163.877777777778,79.4,1018.86666666667,15.5888888888889,0.751968636868419,0.751968636868419,0.751968636868419,0.751968636868419,0.751968636868419,0.751968636868419,0.751968636868419,0.751968636868419,0.751968636868419,5867,2646,2692,2799,768,1514,524,886,426,603.483986563301,482.423926451122,446.57129013228,652.8,424.62,484.405714285714,976889.710023614,282450.076843105,24929.6323960243,1086018.02571429,571359.617142857,475088.34,0.469325149452442,875194.854531601,0.133068416748253,320232.505027482,0.501011400841943,154347.887321519,0.550835908556741,283322.583072387,0.689563877115019,25930.8590348325,1.13177014433269,78415.3063621098,0.773440556999103,9350.75997882686,0.843890293070871,26313.4636640121,1.7684617287204,5966.45154949648,1
869031,-1717,9,-613,-1763,694,-797,-223,742,-145,4959,2774,871,2018,1518,929,466,1752,262,101,1049,188,-254,935,207,77,961,67,187.98,1083.68,261.96,-157.95,957.46,200.45,87.92,1002.27,52.33,0,422.656104319766,237.694929320526,1592.02829439361,941.223763328298,0,0,983.357641936715,0,899.739729032791,1171.64399883241,368.769168993288,566.572987354674,966.528757978778,342.37323201442,127.316534668518,1014.34570536874,84.5102952308179,782015.252121212,200391.22989899,68048.1397979798,299047.21969697,17624.4327272727,77817.4015151515,8565.22585858586,24598.0374747475,4448.04151515151,884.316262499572,447.650790124389,260.860383726582,546.852100386356,132.757043983635,278.957705602752,92.5485054368025,156.837614986799,66.6936392405716,16.8360883016987,4.61092344011219,4.19249750549552,5.98003089912608,5.39583589943583,4.3107596494024,6.39677211767823,9.97577544232183,4.45430500740107,3.22900377446347,0.336260755139576,0.469198688689114,0.759185841438047,1.22624201733284,-0.571630673131094,0.773310194905286,2.2861701035891,0.167088449266929,131,1029,138,-481,1000,212,77,980,67,83.4,1079.41111111111,258.722222222222,-175.611111111111,948.977777777778,210.488888888889,83.6555555555556,984.688888888889,50.7777777777778,0.655156704506618,0.655156704506618,0.655156704506618,0.655156704506618,0.655156704506618,0.655156704506618,0.655156704506618,0.655156704506618,0.655156704506618,6676,2765,1484,3781,824,1726,689,1010,407,578.777656445919,487.650115768512,434.255976694244,657.265714285714,428.554285714286,489.651428571429,844634.400842009,326385.472872337,27077.7138178254,993545.117142857,588172.38,450963.728571428,0.546496018758502,856223.529689358,0.190675006980633,221244.202473118,0.412133405311666,73265.1652111785,0.891945153717704,354041.382911266,0.733980019354255,19780.1154783063,0.553218918417445,92415.5686642199,0.827129906773192,9925.57570759588,1.27589479395939,28507.0425899407,1.50026486903903,4711.22682764044,1
870593,-1121,-78,-1000,-2063,592,-878,-203,695,-97,5121,3215,772,2172,1518,1141,388,1704,310,131,1063,163,-204.5,948.5,191,116,990,58,195.54,1105.87,179.68,-113.84,979.51,193.14,113.98,1016.18,52.64,0,700.518334221173,138.262427678416,0,958.651590656416,0,0,995.703539416862,0,941.766966929718,1221.5693226338,322.888866330197,682.414009234863,990.915702771936,362.935586571502,154.37752427086,1028.54644037107,87.9468021021799,857261.745858585,272003.184949495,72699.3107070707,457302.357979798,22701.1009090909,95372.9094949495,10950.4844444444,25541.4016161616,5013.80848484849,925.884304791147,521.539245838216,269.628097028241,676.241345955568,150.668845184036,308.825046741597,104.644562421773,159.816775140038,70.8082515307961,15.3518989445165,4.93519615210381,8.36519694733597,5.01372277124229,5.20494314518451,4.80938510084561,4.51769177024157,8.2173492224893,4.84490381048698,3.13137804369045,0.469661156190999,-1.38847847644274,0.388372845776757,1.10624333919933,-0.313244373224851,0.38471403929557,1.872030525566,0.566412382988194,131,1049,128,-227,888,191,116,980,67,80.6666666666667,1099.04444444444,192.833333333333,-124.966666666667,970.6,198.2,112.277777777778,1001.31111111111,50.0555555555556,0.696799527469347,0.696799527469347,0.696799527469347,0.696799527469347,0.696799527469347,0.696799527469347,0.696799527469347,0.696799527469347,0.696799527469347,6242,3293,1772,4235,926,2019,591,1009,407,590.406954302344,516.024718661946,442.00522185021,634.752857142857,453.775714285714,506.914285714286,926613.692860998,505715.110769418,29185.6854818841,1064320.22142857,676853.592857143,466917.788571428,0.736511841478946,981068.845671239,0.298939392287084,289320.355567326,1.31839107548611,70921.4942493667,1.50471279643046,539681.701114714,0.942323247199107,23893.4127602397,0.919653045834962,107834.134597803,0.783780122350707,12834.2693547725,1.16834442946511,30040.1263089185,1.27908802193722,5114.08002717512,1
872156,-1242,-9,-871,-1736,657,-525,-165,761,-213,5131,2911,702,2190,1611,737,485,1723,271,126,1058,153,-236,948.5,217,97,990,38,298.02,1105.56,176.29,-146.42,970.62,199.56,110.37,1015.74,37.13,0,1352.80553768632,172.879919770167,4384.79871915243,951.190896516147,3628.90822705022,88.6567626028252,993.96628431585,0,996.705984731706,1207.32693169663,336.186689207054,591.133825795818,981.244658584188,319.754343207407,151.603528982672,1028.660186845,79.3724763378339,913744.343030303,237752.935757576,82771.0362626263,331313.518787879,20947.3692929293,63049.1377777777,10911.2051515152,26680.8408080808,4971.06373737374,955.899755743406,487.599154795797,287.699559024039,575.598400612683,144.732060349217,251.095873677322,104.456714248128,163.342709687579,70.5057709508501,10.8347928829815,4.37721297827181,5.9626340986781,5.18563296410958,5.97835832725383,3.55199237612437,5.86336290564741,7.11393274037493,5.1779286622551,2.49425725017204,0.179509813136528,-1.01321348406763,0.687468737678995,1.12791088721174,-0.480045296942784,1.03682192113817,1.6544994269001,-0.384886286719468,111,1049,138,-236,851,363,97,971,0,198.144444444444,1104.68888888889,193.9,-164.1,963.188888888889,208.833333333333,104.511111111111,1001.45555555556,38.9888888888889,0.684914381866673,0.684914381866673,0.684914381866673,0.684914381866673,0.684914381866673,0.684914381866673,0.684914381866673,0.684914381866673,0.684914381866673,6373,2920,1573,3926,954,1262,650,962,484,605.844745082568,495.453768131843,441.111527851463,677.087142857143,438.754285714286,498.531428571429,999838.260921556,359524.955143094,30304.8610226097,1098892.55571429,606224.194285714,466039.457142857,0.38423330815138,1062960.32882926,0.281459526107861,244338.639861625,0.716936852794515,92776.888055014,1.30998191258058,392645.523426833,0.974115315413225,21433.4916180118,0.642671476645033,74434.4212217575,0.792888328013385,12720.2931822709,1.13766220175581,30596.4458027797,1.42142734021276,5240.94415638037,1
873718,-1535,-1009,-1762,-1854,703,-1141,-165,657,-281,4393,2813,1099,1927,1268,808,446,1428,252,212,1058,108,-154,981,191,145,995,19,377.81,1057.82,63.37,-118.01,978.88,145.1,158.45,997.66,6.97,0,929.285867448398,159.149948254536,0,962.941300295562,213.566852845999,248.692646683885,976.870304338221,0,946.290721712942,1182.91221990476,429.920678730391,616.721436306539,986.672174534176,326.098911375061,200.428216576409,1008.12600402926,91.1062566457431,760329.024141414,283129.462222222,182642.457676768,370120.171616162,15470.6319191919,86147.9696969697,15217.2398989899,21204.6105050505,8335.1203030303,871.968476575509,532.099109398073,427.366888839984,608.375025470443,124.380995008047,293.509743785398,123.358177268432,145.618029464248,91.2968800290037,9.64086272586388,7.04336132429837,8.77290792070095,5.35023181226656,2.32628173238273,6.56335954732741,3.04245213681779,3.72013512398447,4.53360555088327,2.25101288362168,0.351761642641055,-1.82040663661868,0.593727185024772,0.0249299525967719,-1.28066390907391,0.233939277785755,0.441574601187201,-0.252315208517547,171,1068,108,-463,990,323,106,990,67,285.888888888889,1041.07777777778,95.5888888888889,-135.777777777778,978.344444444444,162.888888888889,156.544444444444,993.633333333333,7.96666666666667,0.730728417399595,0.730728417399595,0.730728417399595,0.730728417399595,0.730728417399595,0.730728417399595,0.730728417399595,0.730728417399595,0.730728417399595,5928,3822,2861,3781,565,1949,611,771,533,583.721706353625,502.376755076592,437.905995990902,642.428571428571,431.13,498.462857142857,930918.097625301,411838.090050883,24419.2346495508,1062676.81714286,625803.347142857,456338.511428571,0.482376430521216,871007.157455946,1.07957261237861,311585.554356057,0.604628050834136,208508.122468112,2.04089996923944,421961.439748137,0.710220318525667,15213.0313056834,0.469650919007603,98437.9557559292,0.599256055963287,17234.9712421997,1.13675944998605,24500.6255585311,1.66387566158123,8981.09183345631,1
875281,-1404,774,-336,-1072,768,-161,-87,790,-165,808,1117,376,318,1074,505,320,1152,116,171,1019,128,-227,953,141,97,1004.5,-14,163.24,1015.75,129.02,-235.99,946.44,141.5,89.76,1006.71,-11.06,0,1013.46245899917,0,-176.918110940767,942.266476865951,0,0,1002.59946261426,0,299.737785405844,1016.7903372869,158.443743959804,285.178593165756,948.441711440403,195.000769229252,126.442635214551,1008.69934569226,47.8942585285543,63833.7802020203,2135.88636363636,8543.69656565657,25894.4948484848,3831.3195959596,18184.898989899,8010.99232323232,4049.84434343434,2193.47111111111,252.653478507659,46.2156506352162,92.4321186907266,160.917664811806,61.8976542040132,134.851395950873,89.5041469610896,63.6383873415594,46.8345076958337,19.8565459659901,10.0748769075679,10.4410523610224,13.3536954722563,3.06924400145768,2.85004945061802,2.71402992867831,3.5611984432139,3.80870375413815,-2.84180299923332,-1.66773686511155,-1.60023437706799,-1.75141990657901,-0.485804597101108,0.135897322270053,0.228012208688826,-0.329195120417727,0.0228131956783378,161,1019,138,-254,925,50,135,971,-29,176.677777777778,1018.52222222222,134.122222222222,-229.911111111111,948.766666666667,140.377777777778,87.8555555555556,1007.82222222222,-11.0888888888889,0.795040279384522,0.795040279384522,0.795040279384522,0.795040279384522,0.795040279384522,0.795040279384522,0.795040279384522,0.795040279384522,0.795040279384522,2212,343,712,1390,306,666,407,362,281,457.307877157985,431.366201382743,435.299733242888,560.575714285714,365.121428571429,465.175714285714,66004.824273386,29007.8492516446,8546.4797174286,492347.035714286,436668.775714286,443895.415714286,0.891587111692101,73874.189430221,0,2144.81288983968,1.43674049186158,9119.79472639225,1.91032388704476,30752.3789630005,0.42017718684629,4356.10059856834,0.370334312106654,21275.1185618254,0.241204423245838,9305.21513439954,0.580403029990859,4768.22987492563,0,2310.56904363039,2
876843,-313,931,59,-436,842,-70,-19,876,-77,262,1088,247,-90,1055,404,223,1171,126,141,1019,158,-240.5,953,146,97,1009,19,136.89,1019.4,157.18,-249.12,949.17,149.86,93.91,1013.87,19.52,131.501270901438,1018.93956308572,148.670428493911,-229.792953685882,947.180265743038,0,0,1010.98506234268,0,151.828093579548,1019.62673562437,160.770644086537,258.405688791868,950.153087665351,177.875180955635,108.321604493287,1015.3305914824,39.8707913139431,4356.46252525252,466.9898989899,1153.17939393939,4760.32888888889,1886.06171717172,9274.30343434344,2943.92111111111,2993.77080808081,1220.85818181818,66.0035038861765,21.6099490742088,33.9584951660022,68.9951367046178,43.4288120626355,96.3031849646908,54.257912889376,54.7153617193637,34.9407810705225,23.0024455916633,6.11528969162081,3.69839198614156,2.8750402466272,2.74374849344517,2.91073163812786,2.57391841841182,3.32969295257109,3.89210710604833,-3.27827745224278,-0.60982919828111,0.0293792586786375,-0.430115860818599,-0.170070795741939,0.132791494482911,0.205379720431239,0.365641679754773,0.277946026112466,141,1019,158,-209,962,101,67,980,29,141.577777777778,1019.96666666667,157.088888888889,-246.944444444444,949.744444444444,149.111111111111,92.9333333333333,1012.28888888889,18.8777777777778,0.639599409660309,0.639599409660309,0.639599409660309,0.639599409660309,0.639599409660309,0.639599409660309,0.639599409660309,0.639599409660309,0.639599409660309,575,157,188,346,213,474,242,295,203,447.054161828504,428.65458475797,437.247521413546,562.915714285714,364.247142857143,483.128571428571,4658.56374427285,9523.38529714439,4950.88732942432,466516.135714286,429087.415714285,447522.625714286,0,3910.13444855047,0,384.047757358522,0,1188.54607934376,0.242799714820606,5308.24438449046,0,2082.77280611334,0.342079402096236,10828.2353493057,0,3325.46264376708,0,3501.96155555155,0,1291.93029510975,2
878406,-595,882,-108,-700,787,-90,-77,790,-155,343,1117,277,54,1111,343,359,1219,116,191,1019,128,-227,944,146,116,1004.5,24,183.36,1022.94,129.13,-229.73,953.8,145.63,128.79,1006.87,14.21,175.792228043937,1021.91057448324,113.258013127327,-166.052963352997,948.172341854401,131.320105331195,0,999.152050060314,0,210.652652487454,1023.44462478436,139.549095303409,259.088459797035,956.621534359331,166.775028106728,155.199323452134,1010.65738507172,58.6962520098175,10862.2731313131,1043.08727272727,2827.6697979798,14495.9162626263,5444.76767676768,6672.53848484848,7575.72313131313,7718.33646464647,3276.08676767677,104.222229544916,32.2968616544591,53.17583847933,120.398987797349,73.7886690269426,81.6856075747037,87.0386301093551,87.8540634498283,57.2371100569969,34.8349681229791,6.02682135432326,6.22342506137864,4.69550972741768,2.40645181542804,3.08030904205687,3.11124781288623,2.5160710707458,3.50010166936671,-4.81395851747439,-0.455753573445701,-0.552623034256665,-0.688732944593127,0.164842514233744,-0.0143047815397639,0.223522292815896,-0.0588628868295004,-0.753590299614912,151,1000,118,-281,898,131,106,952,29,193.422222222222,1023.15555555556,129.444444444444,-224.177777777778,953.855555555556,145.755555555556,128.422222222222,1007.04444444444,17.0888888888889,0.647436078125837,0.647436078125837,0.647436078125837,0.647436078125837,0.647436078125837,0.647436078125837,0.647436078125837,0.647436078125837,0.647436078125837,938,235,385,754,324,433,436,429,271,451.492051326623,430.181005869114,437.138821733051,572.327142857143,372.728571428571,492.801428571429,11099.7822604739,19629.8143239363,11850.8267378332,476266.024285713,432885.214285714,449554.469999999,0.987947759264546,10924.9141469259,0,902.916530239904,0,2586.39103314679,0.474356261367946,16663.9742899782,0.207062271787249,6454.10575359252,0.440937330911456,7605.05432777718,0.0720310773304273,9022.66421883346,0.526346382567416,9060.69097429967,0,3699.84758019956,2
879968,-777,666,-1198,-836,712,-191,-87,695,-165,525,1500,465,245,1101,424,495,1285,126,186,1019,118,-227,962,151,140,1009,14,176.67,1017.2,93.32,-234.53,950.13,133.66,155.64,998.47,8.68,154.007298513569,1009.06613428839,0,0,941.630724486454,0,0,982.835517841767,0,244.913841993465,1020.86126383559,217.16449986128,287.558950477985,954.025591899924,179.971608872066,192.009218528695,1005.91295349051,60.4289665640577,29061.1122222222,7537.25252525252,38840.1995959596,27965.4839393939,7492.74050505051,14671.4993939394,12771.4448484849,15069.2213131313,3612.44202020202,170.473200891584,86.8173515217581,197.079170883073,167.228837044913,86.5606175177286,121.125964986618,113.01081739588,122.75675669034,60.103594070588,15.3684114208097,17.1162329965595,23.8442758308094,5.04811897396654,3.19407772534744,3.13992302615098,3.77732069256361,2.85695664945377,2.85366561279097,-2.66514570734346,0.0873139699842649,-3.87896059073682,-0.332608331441783,-0.735388537993112,-0.335498234125816,0.722824755962337,-0.136367448274833,-0.326863319514847,171,1029,128,-227,972,161,67,1009,-29,190.788888888889,1020.8,114.588888888889,-232.833333333333,955.155555555556,136.144444444444,150.822222222222,998.244444444444,9.97777777777778,0.728544874833431,0.728544874833431,0.728544874833431,0.728544874833431,0.728544874833431,0.728544874833431,0.728544874833431,0.728544874833431,0.728544874833431,1302,834,1663,1081,389,615,582,590,291,456.306737825571,433.133890948659,436.365782499684,551.652857142857,363.968571428571,498.338571428571,59540.5493862282,33837.437781354,15927.1003331257,492557.541428571,439390.611428572,451020.03,1.89454817396376,32755.7414094641,2.81651022377664,6862.02847448612,2.77435164568035,42664.5240629811,1.67481729946527,32945.6371220948,0.395757046260393,8711.63765806703,0.297597631636061,17002.04427266,0.202267738817457,15112.7928287288,0.808986005518389,17589.6092922772,0,3651.56931005684,2
881531,-3171,58,-4683,-1981,629,-262,-97,666,-281,1808,2970,1782,963,1703,979,339,1609,126,181,1019,128,-245,944,161,126,1009,-14,160.3,1019.67,124.61,-236.57,947.46,161.42,124.55,1009.73,-20.55,216.189489209718,835.211874435213,128.373515539269,0,935.202329810422,0,0,994.73708202173,0,441.818854283065,1049.51402563282,558.998434702639,408.412059077594,954.523011770801,218.497826076142,155.081494705203,1017.56782083555,73.4576748883328,171220.01010101,62376.5465656566,299951.108989899,111954.591010101,13569.4226262626,21903.9228282828,8623.80555555555,16050.0980808081,5023.96717171717,413.787397223513,249.752971084743,547.677924504812,334.596161080938,116.487864716728,147.99973928451,92.864447209659,126.688981686681,70.8799490104019,45.7868128207202,41.7855263077531,61.7169233503507,13.5685057926535,19.5871122794214,11.4181624842031,2.8460908539559,7.68046082170316,5.34149816467267,-4.67040370811051,3.78855328259386,-6.44972640946459,-0.584533051928261,2.47771716857546,1.53585698980472,-0.15433899682244,1.00798330961557,-0.909007149655358,181,1029,138,-218,935,191,116,1009,0,181.122222222222,1020.48888888889,135.833333333333,-244.177777777778,943.022222222222,155.233333333333,125.011111111111,1005.25555555556,-16.5777777777778,0.758133450749372,0.758133450749372,0.758133450749372,0.758133450749372,0.758133450749372,0.758133450749372,0.758133450749372,0.758133450749372,0.758133450749372,4979,2912,6465,2944,1074,1241,436,943,407,492.180877832074,446.684275380181,438.795116501423,559.105714285714,373.847142857143,477.312857142857,355678.432580667,115528.444564476,18470.1928286299,689641.217142857,482423.952857143,456381.672857143,3.52051462783682,145626.245451293,6.401979016526,47574.3602002137,2.92086473574323,291808.059858664,4.56288049568701,132489.211884933,1.27008437104513,12736.7405472457,1.09030975520864,22908.6282173093,0.603534646980871,9921.32369517772,1.56780823567845,18939.4999112428,1.95180236331872,5507.34174433045,2
883093,-494,892,-89,-636,805,-20,-19,828,-145,414,1117,306,109,1092,515,262,1266,106,171,1019,153,-227,944,171,116,1009,-4.5,162.35,1020.51,149.15,-226.68,950.24,179.09,121.07,1008.86,-4.2,191.588505048454,1019.22494817973,145.788736885272,-200.150483008841,947.314756139823,158.755332764425,0,1003.97307535856,0,200.903384740029,1021.12199564988,161.575152792748,253.519742820949,951.69330143697,200.205669250399,139.974461956458,1011.35255969419,53.7060518005187,14146.1085858586,1262.09080808081,3899.80555555556,13018.6238383838,2792.00242424242,8089.98171717172,4984.75262626263,5086.36404040404,2895.65656565657,118.937414575308,35.5259174136405,62.4484231630836,114.099184214366,52.8394021942189,89.9443256529934,70.602780584497,71.3187495712315,53.8113051844737,14.5928745394177,7.41747034925349,6.37116881358585,4.91228793760158,3.18128131102182,5.62800628592968,2.13774828838752,4.45943899111049,2.7854323095156,-2.56963259030171,-1.18884244676265,-0.876001666063651,-0.0597515539181766,0.022791346965087,0.932426909885108,-0.0077378151664958,0.519257756976874,-0.202488843928119,151,1019,168,-218,935,141,77,1038,-19,172.533333333333,1022.73333333333,151.666666666667,-227.222222222222,950.522222222222,174.555555555556,121.255555555556,1006.52222222222,-3.68888888888889,0.68250171850289,0.68250171850289,0.68250171850289,0.68250171850289,0.68250171850289,0.68250171850289,0.68250171850289,0.68250171850289,0.68250171850289,908,225,395,745,287,535,281,438,251,450.978938117169,430.364231929877,437.134453310155,570.861428571429,386.85,482.455714285714,14939.7085757291,17468.7396553126,5928.19968400562,475353.784285714,432889.161428572,447990.51,0.622539148492397,16296.6665640973,0,1085.70566844337,0.935055911260162,4294.41941962266,1.81148456488746,14842.4743425833,0,3185.20555915256,0.37288509211872,9411.72274208738,0.191101040470186,5504.80410167631,0.727308254679808,5894.68638510383,0,3182.17478472555,2
884656,-141,941,49,-436,851,-161,-38,885,-116,333,1068,217,-45,1092,424,359,1209,106,151,1019,128,-263,953,131,77,1009,0,148.38,1018.68,131.5,-251.28,950.22,123.2,87.58,1011.74,-4.49,0,1018.19214393283,120.78259868799,-215.224074314569,948.375027360361,0,0,1008.95024896036,0,166.74429525474,1018.92126290504,136.379910544039,261.916055254351,951.159807813598,178.749601398157,113.357399405597,1013.16630421664,45.7662539432713,5845.4905050505,496.563232323232,1320.43434343434,5513.51676767677,1804.98141414141,16942.6060606061,5231.96323232323,2917.30545454546,2095.34333333333,76.4558075299091,22.2836988025604,36.3377812123187,74.2530589785819,42.4850728390739,130.163766312312,72.3323111225075,54.0120861895322,45.7749203531075,4.93227349758652,3.62979964695511,2.5491923672794,3.33468628675819,3.50213523672421,2.68780807550019,4.96996091684013,4.22865334361603,3.12156333051284,-0.722479179836754,-0.442158277651197,0.194620899632858,0.440958496094731,0.528976470942595,-0.05834875026034,1.08083354994015,0.58442728109108,-0.2866074021292,141,1009,118,-272,953,181,67,1000,19,151.411111111111,1019.18888888889,130.877777777778,-253.4,948.677777777778,123.2,82.7333333333333,1010.04444444444,-4.12222222222222,0.735062694124958,0.735062694124958,0.735062694124958,0.735062694124958,0.735062694124958,0.735062694124958,0.735062694124958,0.735062694124958,0.735062694124958,474,127,168,391,241,585,397,324,222,446.206444204945,429.483035894923,436.746371111392,556.525714285714,352.345714285714,469.212857142857,5863.38260960929,17825.6330850916,5328.13393306783,464830.148571429,430824.18,446335.89,0.448016333280193,6278.91831595899,0,390.626321167272,0,1354.95667440722,0.845181884020531,6096.8316216656,0,2037.59922154833,0.507321834777214,19871.1602479777,0.219002295643902,6147.7716615143,0,3397.6029252579,0,2394.6656397023,2
886218,-262,941,39,-427,851,-171,-67,876,-106,222,1078,247,-90,1046,444,300,1114,97,131,1029,138,-276.5,944,146,87,1009,-9,118.67,1024.1,141.46,-271.86,940.35,146.53,89.47,1008.7,-3.32,0,1023.67644033943,126.279040650848,-248.160195026651,938.472610844709,114.961381041398,0,1006.4573135353,0,140.28973590395,1024.30993356503,147.248769095025,281.218740485054,941.295240612636,186.232301172487,116.783517672658,1009.7982273702,41.9754690265636,5655.19303030303,434.373737373738,1688.1498989899,5228.40444444444,1796.57323232323,13344.8778787879,5690.41323232323,2239.16161616162,1768.60363636364,75.2010174818335,20.841634709728,41.0871013700151,72.3077066739393,42.386002787751,115.520032370095,75.434827714546,47.31978039004,42.0547694841339,9.86745061803475,4.96292877269349,3.04208240288883,2.74233401359833,2.8273123857162,3.34661112164599,3.10311566630177,2.84492797913832,2.83933405573457,-2.13464591693274,-0.345614176971624,0.0216056701170533,0.168907406647031,0.244972755203292,0.0539755154427401,0.604566527683624,-0.347251894552253,-0.159607619723512,111,1029,118,-309,944,60,97,1028,19,126.344444444444,1024.1,141.733333333333,-272.811111111111,939.433333333333,147.2,86.2333333333333,1009.94444444444,-2.81111111111111,0.730728417399595,0.730728417399595,0.730728417399595,0.730728417399595,0.730728417399595,0.730728417399595,0.730728417399595,0.730728417399595,0.730728417399595,484,137,208,337,195,615,367,238,203,447.46352063795,428.339367768882,435.493219660216,550.384285714286,349.294285714286,469.221428571429,5933.76747164309,14253.2684656483,5905.04193169175,467388.964285714,428487.077142857,443611.195714286,0.905650826332758,5740.82703067174,0,364.394114342185,0,1603.83811419058,0.534611363631321,5802.39412749594,0,2004.71728894393,0.499590042951915,15825.2538636586,0.108343314298549,6319.24934675828,0,2510.94657739453,0,1841.37950355071,2
887781,-272,921,29,-463,851,-121,-87,809,-106,323,1078,217,-45,1120,363,310,1276,145,151,1019,138,-245,944,121,97,1004.5,0,139.32,1022.01,133.37,-242.78,952.28,134.05,105.34,1013.42,6.03,149.540737376537,1021.31315249013,114.81534464629,-197.719921151263,949.728586653459,0,0,1006.59071446325,0,161.447700510103,1022.35165672092,139.551245067896,257.653643482874,953.57502064599,166.023522429805,139.849204502564,1016.92068520608,50.178979662803,6722.52282828283,705.525151515152,1704.03343434344,7518.45616161617,2493.05212121212,9691.32070707071,8546.75191919191,7179.37737373737,2506.63545454545,81.9909923606418,26.5617234289334,41.2799398539222,86.7090316034966,49.9304728719058,98.4445057231266,92.448644766659,84.7312066108903,50.0663105745316,10.3577267697989,4.4558403348094,2.79483206598227,2.8658244520776,3.17244583723594,2.65000796872811,2.60379149542218,3.74425016373757,3.3640690212032,-1.99204162154456,-0.663925820181047,-0.376010666815292,0.071241593244897,0.404172290188987,0.0188147293293805,0.320757794967433,0.52145754531354,0.486131170549062,191,1039,148,-263,907,40,48,952,-9,145.722222222222,1022.88888888889,134.277777777778,-242.655555555556,951.355555555556,135.011111111111,104.533333333333,1010.3,4.52222222222222,0.721928094887362,0.721928094887362,0.721928094887362,0.721928094887362,0.721928094887362,0.721928094887362,0.721928094887362,0.721928094887362,0.721928094887362,595,157,188,418,269,484,397,467,251,447.427452927812,429.01013351847,438.953728025369,554.871428571429,361.521428571429,482.052857142857,6895.28501351229,9788.58228533658,8962.93689018185,467461.208571429,429966.227142857,452658.604285715,0.866519176418038,6811.72122710291,0,534.954445898436,0,1637.86066314353,0.572332106013214,8814.53283056494,0,2807.59822650456,0.523868847515784,11073.8646663538,0.164368067867084,9780.92696484751,0.768871028767892,8276.71191795946,0,2668.7512260101,2
889343,-181,980,69,-454,842,-10,-48,866,-97,212,1117,217,-72,1064,323,242,1142,97,111,1019,148,-281,944,131,67,1019,-4.5,109.45,1024.77,145.87,-274.47,943.04,138.28,72.41,1012.88,-5.18,96.0224345114052,1024.32337138547,138.22371999735,-249.395740526418,941.049837256376,0,0,1010.5146124819,0,126.847822212287,1024.99646340853,149.141040629332,283.916765972001,944.044532847895,159.837980467722,95.9378444619223,1014.05442654721,38.5247972090704,4152.59343434344,468.88595959596,974.740505050505,5328.23141414141,1914.78626262626,6491.73898989899,4000.87060606061,2404.53090909091,1472.04808080808,64.440619444132,21.6537747193407,31.2208344707586,72.9947355234706,43.7582707910889,80.5713285846708,63.252435574139,49.0360164480243,38.3672787777304,6.29805994244361,5.15081684158652,2.9053860912727,2.84861967832426,2.83245918042873,2.47959178878472,3.03658927729366,3.44827063378367,3.21313639188128,-1.22165754291824,0.748603360027292,-0.211158139367211,0.275384874648536,0.297389480565382,0.301102940864048,0.563990512535849,-0.013092695252383,0.0630678919644789,181,1019,138,-300,944,131,67,1028,19,113.622222222222,1023.97777777778,146.055555555556,-275.322222222222,942.422222222222,136.611111111111,70.3222222222222,1012.67777777778,-5.75555555555556,0.721928094887362,0.721928094887362,0.721928094887362,0.721928094887362,0.721928094887362,0.721928094887362,0.721928094887362,0.721928094887362,0.721928094887362,393,137,148,382,222,333,290,276,194,447.117288646706,427.863736159022,436.34602210803,548.61,345.792857142857,462.904285714286,4305.38913870655,8926.79314168377,4195.37380883932,466693.358571428,427447.281428572,445283.404285714,0,3934.67023157223,0,382.525446608497,0,916.787171539624,0.294584858641353,6147.45570997914,0,2172.87198991636,0.376664419974699,7520.69926444123,0.266337624320881,4610.89590666532,0,2814.32870798716,0,1621.12148057429,2
890906,-151,960,59,-418,824,-101,-87,895,-77,262,1107,277,-63,1101,484,242,1123,116,131,1019,168,-249.5,944,141,43,1014,19,118.8,1019.26,167.7,-250.84,945.7,156.76,52.58,1014.93,14.17,168.484553944516,1018.68754734329,156.877335170318,-210.884316312912,941.838326495662,0,0,1011.93481859208,0,145.758430287925,1019.54794884792,171.854531508482,265.821744783981,947.642685826256,190.73447512183,96.4922794839048,1016.42317466693,44.0201090412098,7204.12121212121,593.002424242424,1424.93939393939,7818.68121212122,3715.32323232323,11925.1943434343,6612.22585858586,3063.80313131313,1754.52636363636,84.8770947436422,24.3516410995732,37.7483694209352,88.4233069508329,60.9534513569431,109.20253817304,81.3155941906954,55.3516316951283,41.8870667824373,3.78457762315245,4.60271484211676,3.71442991335171,2.30020492713599,2.39040517752593,3.51355223883101,2.12814651326138,2.05424714955964,2.66249157456761,-0.891777167733566,0.340571586809365,-0.245075363841839,0.0350990480301019,0.197288287659857,0.394242004278366,0.265168785305051,0.0166678864413456,-0.0243121741168935,161,1019,158,-263,944,131,-29,1047,-9,123.577777777778,1018.96666666667,168.344444444444,-251.377777777778,944.866666666667,154.311111111111,51.4111111111111,1014.85555555556,14.1,0.737213515690948,0.737213515690948,0.737213515690948,0.737213515690948,0.737213515690948,0.737213515690948,0.737213515690948,0.737213515690948,0.737213515690948,413,147,218,355,277,585,329,228,193,447.364523359833,429.382877729155,437.278815730783,559.611428571429,364.98,463.577142857143,7587.95993664112,18704.1105730203,7702.5165155717,467253.222857143,430743.214285714,447584.828571429,0.346523815863723,7585.06915493581,0,419.856941434409,0,1368.45123676646,0.255280394423253,8970.98339080826,0.256295855530626,4261.83407898992,0.518256796256836,14026.3259543373,0.0920885381961329,7620.65237547945,0,3622.41769800427,0,1914.06207591038,2
892468,-464,892,59,-618,750,-60,-126,828,-106,373,1068,336,-54,1064,515,213,1161,87,151,1014,158,-227,953,126,106,1014,9,137.37,1013.77,163.24,-240.33,948.59,147.71,97.47,1010.8,4.13,136.479896343659,1013.21400303757,155.305575191912,-200.328662121515,944.307890032103,0,0,1006.81102589723,0,170.0602540278,1014.04039860353,167.007185474159,260.629181021619,950.614785283713,187.41870237519,125.513943448527,1012.74785608265,40.054088430521,10151.487979798,553.855656565656,1256.66909090909,10271.7788888889,3884.32515151515,13441.9453535353,6316.51424242424,3981.39393939394,1603.30616161616,100.754592847165,23.5341381096835,35.4495287826099,101.349784848755,62.3243544011099,115.939403800155,79.4765011964181,63.098287927597,40.0413056931984,15.6854092467405,9.31145477004782,8.81432924938592,4.59103876363561,3.80297704397135,4.66603444668992,2.86754302110273,3.54171746832493,2.89350698406641,-2.73604898182225,-0.998049115278514,1.10362244533848,-1.05652500898518,-0.644981037131761,1.18115594972398,-0.629702748250488,-0.199939084770355,-0.412933162099203,131,1019,158,-254,935,111,165,1009,-9,147.255555555556,1014.16666666667,162.177777777778,-234.144444444444,951.677777777778,139.322222222222,101.511111111111,1011.11111111111,5.13333333333333,0.710676853856123,0.710676853856123,0.710676853856123,0.710676853856123,0.710676853856123,0.710676853856123,0.710676853856123,0.710676853856123,0.710676853856123,837,176,277,564,314,575,339,333,193,446.306488660297,429.704926055855,436.816561214823,563.305714285714,366.844285714286,476.742857142857,10426.6416547699,21697.0235190417,8439.39041214152,465038.494285714,431452.204285715,447006.985714286,0.707305794187728,10953.6729818204,0,487.104537879899,0,1131.55872705231,0.287802913071566,12103.6387320802,0.14918749072077,4607.24852077901,0.600875621093174,15862.2784900342,0.0381835061534615,7578.56543148687,0.257426757517522,4602.4942786445,0,1748.96234024446,2
894031,-191,980,108,-409,833,-80,-67,904,-77,262,1068,247,-81,1120,383,203,1133,87,131,1019,168,-236,948.5,151,97,1009,0,127.71,1020.13,168.34,-240.58,949.77,156.96,85.08,1014.24,6.07,104.618258029447,1019.83787365857,164.571015854857,-203.270431118381,946.107756983109,142.650155051964,0,1011.52530515726,0,144.748644207813,1020.27650663925,170.118488119311,255.2624531732,951.621137848461,178.825277855229,109.033114235997,1015.59955691207,29.457936112362,4689.21808080808,301.952626262626,608.024646464647,7353.72080808081,3555.29,7416.2004040404,4696.5793939394,2787.55797979798,839.318282828282,68.4778656268439,17.3767841173972,24.6581557798763,85.7538384451729,59.6262526073877,86.1173641261761,68.5315941295648,52.7973292866029,28.9709903667148,9.62636436954819,3.12573696873535,3.33731473125778,2.40467958424923,2.96725228727678,3.85709690487185,2.07025174332436,2.29432823961672,3.80526994600807,-1.89775331340458,0.21853787896598,-0.0224182536596272,-0.0507267349363302,0.305098608164737,-0.179657094349006,-0.224738533023536,0.111118195161444,0.0885391757132708,131,1019,178,-227,972,151,155,1000,0,132.922222222222,1019.91111111111,168.433333333333,-240.5,948.677777777778,158.577777777778,86.3222222222222,1014.18888888889,5.87777777777778,0.708392686703044,0.708392686703044,0.708392686703044,0.708392686703044,0.708392686703044,0.708392686703044,0.708392686703044,0.708392686703044,0.708392686703044,453,88,139,328,287,463,270,229,164,447.558663990361,428.909299215313,437.315974745393,564.077142857143,371.207142857143,473.738571428571,4828.24306475463,15486.8825011017,5758.38890062609,467509.98,429737.224285714,447513.621428572,0.458308843135317,5093.04302066537,0,273.796756547267,0,613.615875981685,0.105656780522827,8649.47320817543,0.111789692420608,4183.64889031642,0.283856504715088,8754.65528701788,0.0328507871668894,5504.19365091569,0,3304.4488452825,0,881.943106979619,2
895593,-242,960,89,-436,851,-20,-38,923,-67,414,1127,247,-90,1083,444,174,1133,67,141,1019,158,-236,953,141,82,1009,-9,137.2,1021.28,159.23,-231.05,954.22,146.79,83.74,1013.71,-2.97,150.146307152105,1020.91235451008,154.707471561749,-210.701416250835,952.769028705983,121.917946148177,0,1012.13945130943,0,153.414927565736,1021.46829613062,161.57527657411,240.597693255775,954.942616077008,159.609366893049,96.667885049793,1014.49726958726,28.0558371823049,4759.89898989899,388.526868686869,759.976868686868,4548.63383838384,1393.52686868687,3967.52111111111,2355.85090909091,1612.87464646465,786.170808080808,68.9920212046218,19.711084919072,27.5676779705304,67.4435603922557,37.3299727924743,62.9882616930418,48.537108577777,40.1606106336127,28.03873763351,20.9618546379615,10.7833520122032,3.86646765972738,4.22421945315356,4.48716568272125,8.14662592541226,2.80726535171451,3.70839898577768,2.41577147451428,-2.71620186034767,1.41615120499355,0.672684044927275,-0.631467021906355,0.0419948515767331,1.28403779331244,-0.249436685792252,0.178701191696467,0.350277542175972,141,1019,148,-254,953,141,77,1009,-19,142.566666666667,1020.43333333333,158.077777777778,-227.977777777778,954.433333333333,143.611111111111,85.2666666666667,1013.16666666667,-3.41111111111111,0.710676853856123,0.710676853856123,0.710676853856123,0.710676853856123,0.710676853856123,0.710676853856123,0.710676853856123,0.710676853856123,0.710676853856123,656,167,158,346,232,464,212,210,134,447.963229906016,427.442807542437,436.562150864641,564.732857142857,372.84,469.062857142857,5044.70483907201,7362.76109024,3002.58179122153,468445.795714287,426547.628571428,445429.937142857,1.77382701424558,4671.59071737393,0,326.707436184356,0,674.373387825104,0.368019086753134,5396.55994036786,0,1588.18028148597,1.08472581022077,4626.45207377043,0,2798.25993970263,0,1911.67771206484,0,806.264943645127,2
897156,40,990,118,-318,898,80,38,952,-77,171,1058,207,-145,1018,212,174,1076,38,141,1019,168,-227,953,161,106,1009,-19,132.75,1019.3,168.88,-228.75,950.81,155.09,105.82,1012.22,-14.85,126.809851948747,1019.14485484888,167.233173434945,-222.550247328039,950.255029432112,150.0848017743,95.406081294064,1011.62239967202,0,134.785570444317,1019.37771213618,169.679403582167,231.701683204935,951.088213574325,157.198059784464,110.375450168957,1012.51865168006,27.3589107970328,550.088383838384,160.030303030303,273.379393939394,1372.83585858586,534.478686868686,664.971616161616,994.815757575758,610.799595959595,533.320707070707,23.4539630731862,12.6503084164104,16.5341886386782,37.0517996673017,23.1187950998465,25.7870435715616,31.540700017212,24.714360116329,23.0937373993623,4.35262904549717,3.02424622416017,2.94014074248194,2.6762437037564,3.11351018661595,3.16804869391973,2.6459713217402,3.02267690399298,2.98777801464289,-1.01307628863907,0.173250429527894,-0.0671100632407322,-0.0187393875445661,0.16442702022642,-0.554046093079059,0.232728183907647,0.0345921195000617,-0.154501693435955,151,1019,158,-209,953,161,97,1000,-19,134.222222222222,1019.17777777778,169,-228.766666666667,950.533333333333,156.222222222222,105.655555555556,1012.05555555556,-14.6666666666667,0.721928094887362,0.721928094887362,0.721928094887362,0.721928094887362,0.721928094887362,0.721928094887362,0.721928094887362,0.721928094887362,0.721928094887362,131,68,89,173,120,132,136,124,115,446.599535424537,424.859434386081,436.522539843997,566.112857142857,375.921428571429,472.795714285714,558.779004926431,1905.48349225986,1158.34964736077,465466.787142857,421271.01,444910.83,0,551.487257152748,0,145.855151560456,0,222.560008663702,0,1578.33440644549,0,610.438180699567,0,679.024802425651,0,1176.04176088975,0,687.811596210301,0,465.64766204173,2
898718,-434,803,99,-490,907,80,-48,971,-116,232,1215,356,-81,1009,272,184,1085,97,151,1019,148,-218,953,151,126,1009,-48,146.47,1021.02,156.35,-226.51,956.36,150.2,115.96,1008.97,-44.95,167.63035319915,1019.31319520599,151.109896360096,-207.917051356054,955.941176400823,141.001031281066,153.264514711641,1008.39633408857,-49.6205067168651,162.730175443892,1021.84529161708,159.999156247775,236.775484372855,956.57023788115,155.198582467753,122.405637125093,1009.26415273703,56.0299027305956,5078.43343434343,1702.9894949495,1166.06818181818,4803.88878787879,406.232727272727,1541.9797979798,1551.93777777778,599.665757575757,1130.14898989899,71.2631281543509,41.2672932835374,34.1477405082413,69.3100915298688,20.1552158825632,39.2680506007084,39.394641485585,24.4880737824713,33.6176886459939,46.1056127853821,15.0817109935701,16.9886467514876,5.6669209154322,2.92691512246171,4.04973553435792,9.55059849980826,4.05927595616555,8.76190467617075,-5.85813207403957,-0.216148349615804,3.02647713930877,-1.31915238750526,0.232659978061861,0.934488555912543,-2.24332547491195,1.1065679577282,2.04923574804387,151,1019,148,-209,962,151,126,990,-48,155.9,1019.82222222222,152.777777777778,-222.044444444444,956.088888888889,148,120.322222222222,1007.48888888889,-48.6333333333333,0.766207532278821,0.766207532278821,0.766207532278821,0.766207532278821,0.766207532278821,0.766207532278821,0.766207532278821,0.766207532278821,0.766207532278821,666,412,257,409,102,192,232,114,213,448.500653711964,427.398141916149,436.248894027308,567.36,377.164285714286,462.848571428571,5803.63903618981,5729.81437149941,2376.70627836682,469820.845714286,426503.935714286,444315.694285714,0.524494731436193,4582.89620447962,0,1792.80289421464,0,1235.96616385957,0.414299226115258,4896.02747097736,0,424.360742041816,0,1717.0691079511,0,1717.46939633248,0,633.216557051629,0,1075.4211895114,2
900281,-1393,-166,-1158,-1918,518,-959,-223,838,-291,4505,2627,584,1290,1444,1646,252,1638,407,161,1049,178,-204.5,935,166,116,975.5,19,204.84,1102.18,139.84,-186.02,965.81,160.42,78.56,1009.29,17.37,0,1043.75474899183,0,-408.879119600268,939.35148363489,0,0,994.535390911965,0,785.826876608328,1167.80141291232,297.442364164892,476.91529646259,979.004530122307,326.941003852377,136.658625779714,1018.08711316861,82.3211394478964,581378.236767677,150464.027878788,69612.863030303,194792.686464647,25920.1150505051,81975.5995959596,12630.2084848485,18015.2180808081,6540.45767676768,762.481630446057,387.896929452642,263.842496634456,441.353244538484,160.997251686186,286.313813142083,112.384200334604,134.220781106385,80.8730961245313,15.6114267043948,7.13932033608808,13.1910632154894,5.82764734890556,4.09270325701445,11.9963685811513,3.01485068200198,7.60229100555389,10.423178102355,2.87481996590267,0.779051132640499,-2.79010888518613,-0.188541109238666,0.544029988113743,0.691829760023978,-0.877657797032949,1.83316114177991,0.378871231835768,171,1039,178,-554,916,131,165,923,-19,125.888888888889,1095.16666666667,171.1,-181.733333333333,960.633333333333,156.8,85.2333333333333,996.377777777778,17.5777777777778,0.778011303546538,0.778011303546538,0.778011303546538,0.778011303546538,0.778011303546538,0.778011303546538,0.778011303546538,0.778011303546538,0.778011303546538,5898,2793,1742,3208,926,2605,475,800,698,555.540442502426,471.960159560044,437.857069748023,620.082857142857,402.947142857143,473.665714285714,664737.214381669,251479.110292508,21733.0644019781,887038.277142857,554052.21,455123.022857143,0.487431036965377,665686.024594541,0.157677031130437,172056.399374099,0.308503842441806,64297.7905072269,0.926568679152172,223459.091949558,0.554716213385958,27542.0607311403,1.56848131352633,97155.8399602756,0.252241988015305,15008.3429218487,0.592592534716382,21330.4867743638,1.21026764041327,6675.53688691727,2
901843,-1636,-98,-2128,-1163,657,-727,-126,809,-135,3060,2284,1584,827,1425,939,359,1495,300,136,1088,207,-213.5,939.5,181,77,990,38,246.96,1136.77,169.75,-164.62,962.14,174.77,78.49,1021.04,45.27,0,849.274737691714,290.814999287171,0,941.797763120966,432.600167596767,0,1006.57922427775,0,828.843785040342,1239.05764595518,520.586409734253,477.580108463491,972.301774142164,330.913629214634,117.064298571341,1029.00449950425,84.7475663367391,632315.937777778,245472.542525253,244641.563131313,203013.147070707,19855.9195959596,79756.8455555556,7619.56555555555,16492.5034343434,5184.62333333333,795.182958681697,495.451856919774,494.6125383887,450.569802661815,140.911034330032,282.412544968448,87.2901228980436,128.423142129226,72.0043285735888,6.76027490561484,2.86849775847535,10.5201967051423,2.45708152326285,4.0770915392097,4.04822478716624,3.9332288433987,4.56222477532115,5.81610012541046,1.54163491654351,-0.113781911478313,-2.20738092379534,0.0721465885520902,0.43647309914877,0.0306077950143243,0.282464446040558,1.10478284609087,1.06868374180923,131,1029,178,-245,907,181,58,933,67,187.644444444444,1139.6,220.088888888889,-167.155555555556,958.811111111111,172.977777777778,76.8666666666667,1013.26666666667,40.8,0.689703907672028,0.689703907672028,0.689703907672028,0.689703907672028,0.689703907672028,0.689703907672028,0.689703907672028,0.689703907672028,0.689703907672028,4696,2382,3712,1990,768,1666,485,686,435,609.55063936426,476.369741259861,441.97101662794,665.777142857143,416.695714285714,490.628571428571,799108.785862721,233549.237655242,17324.7455811834,1068538.32,549838.855714286,462744.197142857,0.45479277215845,732070.933523101,0.086202714264913,284157.841359977,0.395263836920928,237799.691096608,0.223542445723645,241205.026478508,0.864500701764803,22464.9235770646,0.507364562365012,92118.4699430154,0.547559502327767,8587.85432052496,0.879948845891123,18895.4004150884,0.947319139666076,5873.04114078066,1
903406,-676,88,-1247,-1209,712,-313,-165,819,-106,1959,2245,396,481,1259,1020,378,1400,271,121,1029,207,-245,944,191,87,990,19,153.84,1088.44,158.22,-216.83,964.91,184.05,82.29,1010.41,24.06,186.077752438242,875.28492117424,196.015139987813,0,950.286633816363,0,0,999.413265335629,0,387.813589241017,1132.40114800366,295.155924893945,366.285776409623,972.368731500556,256.98285935058,116.378477391655,1016.41014851289,61.6021103534611,128012.762020202,98616.8953535353,62710.5571717172,88030.3243434344,14595.5978787879,32490.6944444445,6840.71303030303,12284.0625252525,3248.42060606061,357.788711420864,314.033271093264,250.420760265033,296.699046751813,120.812242255443,180.251752958035,82.7086031214591,110.833490088748,56.9949173704165,14.2922220651692,6.06065626985416,17.7399516228185,4.3324933315626,2.63991316533664,7.61587748404144,5.17367647532493,4.89576869314629,6.25686387833055,2.50267652516189,0.15365311727371,-3.76124902213892,0.0546889734008887,0.38546789507704,0.895644209633643,-0.195530009579958,1.12771511528821,0.981674532718669,151,1009,227,-254,935,171,87,971,19,126.366666666667,1090.91111111111,201.733333333333,-216.055555555556,963.133333333333,178.477777777778,83.2333333333333,1003.03333333333,22,0.692080881944536,0.692080881944536,0.692080881944536,0.692080881944536,0.692080881944536,0.692080881944536,0.692080881944536,0.692080881944536,0.692080881944536,2635,2157,1643,1690,547,1333,543,581,377,505.497616859145,452.933584718966,436.681187139693,600.214285714286,399.484285714286,478.611428571429,219193.799760059,109330.378187234,13467.0551446673,651363.754285714,491017.032857143,450183.582857142,0.373388330520374,142844.902960295,0.117533705296868,117054.598002815,0.198662737022341,69876.7532263037,0.417289959580733,99608.1807372273,0.329974863933241,16795.2384077951,0.400939649582467,36851.2107718266,0.365078573098698,7595.94766884807,0.831708565483402,14420.8648814106,0,3641.24988778708,1
904968,-1141,-1696,-594,-3400,666,-969,-242,676,-155,5131,4588,712,2300,1370,1070,378,1514,330,141,1049,138,-181,972,121,106,985,48,227.03,1044.41,129.81,-117.86,970.81,125.2,94.98,1015.21,46.36,199.577327837364,1432.6519619634,0,0,959.657586593399,0,0,1000.62271284234,0,805.426526754613,1201.24404264912,242.115406366468,625.225767223329,976.356292548985,313.232884608242,147.746201304805,1022.96734551989,80.0193726543766,603201.281919192,355752.527171717,42191.1453535353,380824.525656566,10908.6403030303,83272.5252525253,12937.1107070707,15970.5514141414,4296.81858585858,776.660338834932,596.449936852806,205.4048328388,617.109816529089,104.444436438856,288.569792688918,113.74142036686,126.374647038642,65.5501226990353,20.5994207310981,18.1599891005697,6.06445822963951,12.0592709769385,4.6820234928449,7.20852164324207,3.72061068356766,5.81454692813812,8.65783767595843,3.57040802439502,1.15284823903502,-0.465178306388521,-0.858735031025923,0.342168523021423,-0.258609973045741,-0.251290687451668,1.01678546235061,0.803261165074912,121,1049,148,-209,972,70,0,980,58,136.655555555556,1034.65555555556,134.233333333333,-110.233333333333,969.677777777778,125.755555555556,96.8,1009.32222222222,44.8333333333333,0.717461324411975,0.717461324411975,0.717461324411975,0.717461324411975,0.717461324411975,0.717461324411975,0.717461324411975,0.717461324411975,0.717461324411975,6272,6284,1306,5700,704,2039,620,838,485,540.663026763666,488.830854118696,441.110872684109,600.535714285714,419.207142857143,495.664285714286,776811.294655986,439448.817585994,18967.9707189355,921565.29,618125.875714285,460583.241428571,0.493007272194547,643175.62467632,0.918040218236191,305902.466459057,0.387117885144742,45759.5678685195,2.74179224273718,413526.352357475,1.22686266118099,11088.2855718205,1.54443606042941,90079.5181934735,0.650345201150746,14387.7071226871,3.51035414526839,18386.8833919929,1.28743865673977,4634.02185541727,1
906531,-1464,-127,-1841,-981,537,-191,-97,857,-135,2030,1950,881,754,1407,868,223,1390,194,146,1068,198,-209,962,166,106,971,58,133.13,1114.8,187.18,-186.38,987.54,194.69,88.6,1015.84,50.3,2167.0713088176,942.175120462124,235.108344546091,0,966.025790449135,289.321474011,104.358301759141,1002.86721598104,0,513.946738485614,1194.36521215246,350.852846646568,419.741610994192,998.253394684937,294.726432475949,111.865097327093,1023.10359201793,79.7610180476654,248906.72030303,185585.070707071,88950.8763636364,142874.258181818,21489.4832323232,49454.014040404,4710.9494949495,14959.6509090909,3870.43434343434,498.905522421861,430.795857346691,298.246335038063,377.987113777465,146.592916719476,222.382584840639,68.6363569469527,122.309651741352,62.2128149454302,6.82567196407562,3.06868633650944,25.3687923838518,3.16111610377948,3.93647109911634,3.07642012942731,3.11232111405032,3.68566815747665,3.2681690893018,0.664470641074819,-0.412493847468958,-3.70590370545337,0.336771196894186,0.480695975555907,0.500136652475037,-0.592231679774518,1.17392490329537,-0.450112035739703,141,1019,198,-300,888,161,135,933,97,117.388888888889,1127.28888888889,212.366666666667,-194.077777777778,983.833333333333,187.911111111111,91,1005.7,52.1111111111111,0.689703907672028,0.689703907672028,0.689703907672028,0.689703907672028,0.689703907672028,0.689703907672028,0.689703907672028,0.689703907672028,0.689703907672028,3494,2077,2722,1735,870,1059,320,533,329,547.273284104366,473.199852760495,439.27833728951,615.047142857143,426.792857142857,494.888571428571,365706.779582319,167220.274378805,15060.110659035,777320.241428572,539809.941428571,456692.82,0.256469329250825,275874.846998785,0.0438333362010284,220808.305948622,0.301531912670887,85608.1084576911,0.07497089958378,168075.169311081,0.471615763171868,23437.4121273648,0.108393960790106,56214.7489156055,0.186233414871623,5466.08121570675,0.376353495080146,17452.1614710397,0.391224847667793,4347.0574923377,1
908093,-1373,-9,-1841,-1936,462,-808,-223,742,-213,4696,3470,712,981,1796,1181,339,1609,368,161,1044,188,-168,925,151,106,947,29,321.25,1170.82,106.57,-150.51,968.41,143.75,90.97,1003.05,28.67,2466.03223709379,-22292.3883018946,194.642465792136,0,933.690124822814,0,0,980.700771417707,0,1020.77846274302,1275.91389207893,424.369355632567,527.428696602678,986.652922764637,367.059926987406,144.367690291145,1016.47549404794,88.157302590313,948269.805555556,259734.128888889,170436.550606061,258108.858484849,36026.3251515151,115221.138888889,12693.4233333333,27386.9974747475,7019.94050505051,973.791458966218,509.641176602606,412.839618503434,508.044150133479,189.806019797885,339.442394065457,112.665093677382,165.490173347989,83.7850852183759,9.7974455823075,8.3423740516143,12.8990494319287,4.83078709296556,7.06380046002823,5.42229513680827,3.29441279672894,5.52900032560448,7.15105036797584,2.38317987263142,1.52957741789869,-3.04451289831016,-0.776280961608057,1.15186723583324,0.519254896359969,-0.356869198807724,1.56756244464483,0.992111544435167,171,1039,158,-418,907,171,126,895,0,214.866666666667,1141.91111111111,166.5,-132.166666666667,959.2,131.011111111111,93.0888888888889,986.6,24.6222222222222,0.73935351681318,0.73935351681318,0.73935351681318,0.73935351681318,0.73935351681318,0.73935351681318,0.73935351681318,0.73935351681318,0.73935351681318,6069,3479,2553,2917,1334,1989,562,867,581,622.317428410635,484.590238822147,435.812963115646,685.131428571429,412.135714285714,481.152857142857,1147481.77086209,347465.906552119,31374.7619468307,1221443.26285714,594170.575714285,455072.644285714,0.370290918322104,1017365.63481793,0.314400668672115,294631.21698412,0.563244490600143,162972.837371085,1.29714027899866,285856.737821486,1.05375386643442,29338.3974888388,1.42162102467952,132253.980512897,0.526304404122214,15069.3621021375,0.876622810727229,32542.4045665771,1.64381160602614,7366.87259761556,1
909656,-2525,-264,-2009,-1272,592,-666,-126,809,-155,3191,2401,801,790,1407,1181,300,1600,359,146,1112.5,227,-209,962,166,72,990,38,199.97,1188.52,137.87,-161.75,979.25,178.6,62.26,1025.42,42.31,0,1004.87716705169,797.056291088576,332.481092429985,948.342146802223,0,0,1005.03703144888,0,896.918474556077,1304.19808311468,441.040916469209,464.933446850192,994.733265755197,352.093368298808,114.834141264695,1037.50873731261,89.862394804501,772196.716262626,291265.504646465,177281.770808081,191919.23989899,30872.4318181818,93001.7979797979,9404.61858585858,25190.1046464646,6348.5998989899,878.747242534864,539.69019320946,421.048418602993,438.085881875906,175.70552586126,304.961961529299,96.9774127612125,158.713908169589,79.6781017531787,5.94932380585663,2.91043687486424,10.950337045954,2.54854106508137,2.96105492551777,4.43127028910537,2.51214758389882,6.18893990173912,4.99226525219487,0.914361321338773,-0.209647632664461,-2.54698322391369,-0.0767476835442605,0.392947160211583,0.725917352874316,0.18968952025478,1.59528660199873,0.650584302609397,161,1029,227,-218,1111,181,97,857,19,161.377777777778,1195.03333333333,187.733333333333,-159.211111111111,976.588888888889,164.544444444444,60.1333333333333,1009.14444444444,39.4666666666667,0.766207532278821,0.766207532278821,0.766207532278821,0.766207532278821,0.766207532278821,0.766207532278821,0.766207532278821,0.766207532278821,0.766207532278821,5716,2665,2810,2062,815,1847,426,791,514,642.128145546756,481.087918646219,443.732827155627,654.154285714286,426.9,484.281428571429,986307.809015364,243720.133638061,26519.4460645811,1157105.34857143,569840.194285714,470437.075714286,0.280879973847397,836635.982278635,0.0989187804370269,340799.964801499,0.297996015769853,198580.968142718,0.291061231060512,225348.726016697,0.574761924731899,35305.0226887594,0.77992834282987,108133.449208784,0.293702271232587,10877.5776798919,0.658572724973073,29520.2382998923,0.736486630545371,7063.97206978124,1
911218,-1696,-29,-2138,-1163,592,-282,-106,771,-174,2707,2333,1089,736,1398,1101,252,1580,184,141,1053.5,227,-190,962,181,82,1000,29,190.4,1206.82,210.38,-205.36,988.42,212.52,72.71,1010.31,19.87,257.282375466462,1366.05744275529,209.695482141347,-1034.54304240592,966.5340897805,0,0,991.421726351856,0,661.83328716528,1292.74818893704,381.385841373274,447.204740583102,999.388032748041,326.346625537939,105.462078492698,1020.57121750518,70.9594954886236,405829.434343434,216952.896565657,102217.591515151,159413.485252525,22022.5692929293,61956.938989899,5894.4504040404,21049.812020202,4687.30616161616,637.047434924146,465.782026881305,319.714859703379,399.266183457258,148.400031310405,248.911508351661,76.7753241871397,145.085533462858,68.4639040781064,9.96437155747232,3.21851415220389,31.5891956035241,3.09967327342637,3.62878875674614,4.23482099981588,2.99339028949179,4.10386990758088,3.35333849640452,1.84942095623641,0.258542066260168,-4.16273332586309,-0.407993270833278,0.447371237585089,0.75682411676431,0.000230080277025534,0.907045436274669,-0.591130040776865,141,990,198,-327,916,161,87,876,48,135,1208.15555555556,238.588888888889,-199.488888888889,984.522222222222,201.677777777778,71.8111111111111,1001.98888888889,22.7,0.71521112401665,0.71521112401665,0.71521112401665,0.71521112401665,0.71521112401665,0.71521112401665,0.71521112401665,0.71521112401665,0.71521112401665,4403,2362,3227,1899,806,1383,358,809,358,595.390527872915,478.681994129558,436.299313360946,688.971428571429,426.677142857143,472.667142857143,483498.452215357,193577.152102934,21574.0473961942,966289.859999999,559401.702857142,453309.904285714,0.278451969902293,450216.703550306,0.13862141126471,249143.411086166,0.448825022479886,101605.032975249,0.142194847962581,183333.844798509,0.779284516990301,25872.9724831635,0.451569471453538,69673.1002396687,0.166958318620699,6954.1108294756,0.584176865981965,24893.1697862187,0.430345315675062,5198.18411583328,1
912781,-2060,-39,-2574,-1200,675,-454,-145,800,-194,3505,2892,811,745,1462,1292,291,1638,388,141,1078,217,-227,953,166,67,971,29,208.49,1172.47,141.27,-147.52,981.44,165.24,64.6,1018.54,27.08,178.76651284435,2026.53937883837,256.578245585983,0,954.224885130509,0,0,996.149123304738,0,844.311441353249,1283.05804623174,514.454983453363,426.579207181972,995.968192263187,319.327950546143,104.140001920492,1031.46168130474,84.6243463785689,676155.282727273,274294.999090909,247178.502121212,161825.928888889,29018.3498989899,75420.2852525253,6739.37373737374,26757.0387878788,6492.88242424243,822.286618355955,523.731800725246,497.170496028487,402.275936253822,170.347732297762,274.627539137147,82.0936887791853,163.575789125038,80.5784240615466,8.63093531006006,4.00291139516857,16.8435244351335,3.11331746026364,3.72100486207305,5.93077887539595,3.33110427955696,5.35383536090953,6.85686058558862,1.80495102418919,0.43023292081981,-3.47162414507188,-0.14779485315244,0.779112787843471,0.971759178701888,0.120808996060401,1.3345847886928,0.77993728386615,161,1009,217,-245,898,161,58,914,38,135.911111111111,1163.34444444444,213.633333333333,-144.3,971.622222222222,151.611111111111,63.2444444444444,1004.97777777778,25.1333333333333,0.751968636868419,0.751968636868419,0.751968636868419,0.751968636868419,0.751968636868419,0.751968636868419,0.751968636868419,0.751968636868419,0.751968636868419,5565,2931,3385,1945,787,1746,436,838,582,615.719359480494,472.499935151583,440.228889446725,652.384285714286,428.211428571429,475.808571428571,927628.528654616,206145.856210449,27455.3502997923,1124470.15285714,546811.2,463679.837142857,0.416333277933458,762322.423617909,0.127121077260136,310173.733858314,0.595733380188078,249267.772046523,0.496822092472271,186222.495646368,0.555805671746388,27752.0818004304,1.04955390440341,80653.3111993632,0.30538250967957,7950.82420409701,0.403233222342166,30671.1485017741,1.06304764153426,6648.3907780502,1
914343,-1000,-58,-2019,-1881,583,-757,-233,828,-155,4090,2882,970,690,1388,1212,436,1609,359,80,1034,227,18,944,50,97,961,19,140.75,1087.8,162.16,-71.37,979.63,93.35,77.54,1006.98,23.74,0,740.780085381997,245.96558505972,-1997.09644320505,952.445269774383,0,0,988.960999362828,0,803.116311626155,1214.95469051319,392.547423886592,466.777066703153,993.962670325199,314.030141865395,124.58282385626,1017.7395344586,80.8350171645927,631500.25,295763.696969697,129088.499393939,214936.518282828,28572.5788888889,90808.7954545455,9604.47313131313,22005.0905050505,6031.02262626263,794.669900021386,543.841610185996,359.288880142344,463.612465624931,169.034253596391,301.344977483524,98.0024139055418,148.341128838399,77.6596589373313,12.3279742898743,4.23579962552435,17.8425127359925,5.99867261002247,2.65457201239326,7.0069118073144,5.11632808287447,6.48600728783005,6.10032160262764,2.68702160679626,0.611927356152553,-3.33434329069329,-1.34926644576283,0.603879799970343,1.11403686926817,-0.30257913392826,1.68084861692381,0.910237124185917,131,1000,188,254,861,-80,126,876,87,43.8333333333333,1069.5,207.466666666667,-40.3222222222222,973.711111111111,78.5888888888889,79.5888888888889,991.511111111111,20.3555555555556,0.783776947484701,0.783776947484701,0.783776947484701,0.783776947484701,0.783776947484701,0.783776947484701,0.783776947484701,0.783776947484701,0.783776947484701,5090,2940,2989,2571,805,1969,669,781,514,567.348359819396,472.165862596991,436.052055360267,596.018571428571,429.261428571429,474.968571428571,810572.007203561,284080.785385048,23698.7937892391,975087.510000001,559053.235714285,453363.831428572,0.238779138682669,678975.294956249,0.103110517664604,327277.01954772,0.344396443713776,115051.477679798,0.469350948383563,235047.609679935,0.474717226049049,32278.1468675709,0.849483179240519,101563.587675551,0.446065350533527,10431.4426501958,0.528746061820184,25544.1484109805,0.62128571186051,6530.88295157587,1
915906,-1787,127,-1722,-1381,712,-353,-223,819,-223,3555,2735,900,636,1296,767,242,1495,252,176,1029,217,-200,944,191,87,990,19,264.01,1126.81,77.52,-179.88,970.38,177.07,63.85,1015.9,19.64,376.332090853881,935.363005438123,702.789850450788,-698.176693855122,954.483796936472,0,0,1001.31142961122,0,750.663486523755,1188.41087591792,428.855360232328,380.460878409331,978.547556330299,251.622713601137,118.415159502489,1024.35868717945,68.6250683059769,498782.212020202,144060.236262626,179704.615757576,113528.955151515,16078.7632323232,32283.0354545455,10045.7853535354,17432.2323232323,4367.34383838384,706.245150086145,379.552679166708,423.91581211082,336.940581039914,126.802063202155,179.674804729393,100.228665328514,132.031179360151,66.085882292543,10.3075252514336,6.09821975948335,8.36837648319173,4.07988547261014,2.79361985876506,4.42496913185721,3.27880849719691,5.55065089812183,5.71591496491232,1.80337257984058,0.781835154918625,-2.32739399903709,-0.398581648879136,0.453072162775136,-0.00744728580179558,-0.820241988733954,1.53211169984858,-0.265049808677953,161,1000,257,-200,898,181,106,933,0,210.733333333333,1119.06666666667,129.277777777778,-172.811111111111,967.144444444444,175.433333333333,69.1333333333333,1004.05555555556,21.2888888888889,0.749892684113721,0.749892684113721,0.749892684113721,0.749892684113721,0.749892684113721,0.749892684113721,0.749892684113721,0.749892684113721,0.749892684113721,5342,2608,2622,2017,584,1120,465,676,475,573.111799617752,456.361509621639,439.231152773352,629.288571428571,414.672857142857,471.167142857143,645083.203673624,131847.659711184,18408.5959320149,925599.857142857,499551.338571429,457732.401428571,0.535390442233805,541850.477894719,0.239414504328661,165378.853413737,0.269333814754312,198992.068899683,0.937875960626928,132462.277974677,0.39773215299579,18079.0851589603,0.707824506753397,36615.7534730605,0.404131049250344,11546.4938634347,0.399986443508141,20712.6218494999,0.965982664060775,4675.75602824816,1
917468,-1505,-88,-2128,-1518,611,-262,-126,771,-184,3131,2480,1069,663,1407,969,310,1495,291,161,1093,217,-172,953,166,77,985,19,243.56,1143.09,115.79,-150.36,970.14,168.24,68.75,1017.06,26.4,0,775.26780225182,243.678421967301,783.803627556758,947.962490099155,0,0,1003.84520201253,0,737.43361735142,1246.75612290456,440.906078433945,439.156577999237,981.080730623123,298.00117449433,110.459268511067,1024.32884368254,69.3984149674904,489380.673131313,250248.567575758,182819.036262626,171970.071111111,21563.4145454546,61111.1135353536,7550.18939393939,14988.4206060606,4160.78787878788,699.557483793371,500.248505820615,427.57342791926,414.692743017178,146.844865574029,247.206621139794,86.8918258177338,122.427205334683,64.5041694682435,8.0738482113349,3.24089602870103,12.2180674334867,3.2544746184721,3.06809029868774,3.79468486268115,3.18701501458052,4.88194696130259,6.85380335514733,1.81002575806148,-0.0112632387781582,-2.77000915922545,-0.408440859397328,0.255301629365851,0.691784646515635,0.000706155208794291,1.14127720549324,0.846251645580727,171,1000,227,-436,842,191,19,952,9,178.255555555556,1141.7,170.011111111111,-139.577777777778,968.633333333333,157.644444444444,68.2,1008.62222222222,23.7222222222222,0.735062694124958,0.735062694124958,0.735062694124958,0.735062694124958,0.735062694124958,0.735062694124958,0.735062694124958,0.735062694124958,0.735062694124958,4636,2568,3197,2181,796,1231,436,724,475,585.072211666541,467.945600082355,439.416078029586,643.902857142857,423.437142857143,476.661428571429,705677.36267025,215071.896122481,16014.9649314845,982546.002857143,533221.114285715,456971.558571429,0.447602539311775,567689.275716783,0.118550082773146,293429.470923606,0.307429623025076,182518.904027708,0.287207358331859,198883.175080921,0.744181761740805,22818.2680912896,0.815268644198175,70230.0052633935,0.353742002005022,8649.80134711553,0.689140376741836,17272.5436989046,0.786099766373694,4495.35123709046,1
919031,-747,274,-1514,-845,740,-292,-155,857,-252,1535,1960,970,636,1185,595,271,1457,194,161,1029,217,-200,953,202,87,1014,19,155.34,1030.03,159.76,-184.62,965.53,178.25,84.49,1018.71,15.67,193.798847768521,951.573728435111,269.255494255948,4533.44463762467,958.658741357369,0,0,1009.54341300408,0,321.73109890093,1056.54568760655,427.943500943758,325.274468718343,968.952934873516,231.306571458746,117.720558952122,1023.86533782524,68.9400464171587,80182.2064646465,55885.8475757576,159204.426666667,72443.3692929293,6688.49404040404,21949.1590909091,6787.44434343434,10636.5312121212,4552.70818181818,283.164627848618,236.401877267837,399.004294045398,269.153059230114,81.7832136835184,148.152485942387,82.3859474876289,103.133560067134,67.4737592091784,10.1575374021774,7.42182230352258,10.7150682572841,4.56968652442532,3.42205355029599,4.51221314634049,3.73109721521493,7.35776257955524,5.31144733155807,0.45850154977036,0.175231412008533,-2.43843621429219,0.783597087440624,0.187386419291907,-0.525058818978442,-0.281428267601234,1.60568365000554,-0.548308209345393,161,1029,227,-300,953,202,97,1019,38,157.566666666667,1030.71111111111,203.688888888889,-195.733333333333,965.144444444444,181.222222222222,86.3111111111111,1009.92222222222,16.9666666666667,0.701471459883897,0.701471459883897,0.701471459883897,0.701471459883897,0.701471459883897,0.701471459883897,0.701471459883897,0.701471459883897,0.701471459883897,2282,1686,2484,1481,445,887,426,600,446,492.821894343679,447.093493013551,440.514999077288,576.484285714286,411.068571428571,479.515714285714,193973.095975505,78018.9353775048,11407.383777068,601257.998571428,470646.857142857,457247.61,0.961933794823353,88890.902311596,0.313948185362057,65367.1631477861,0.709383075243405,179074.65847507,0.58031291652959,84059.4683686581,0.604303533645122,7368.6759407956,0.883553355997801,24982.083949151,0.36329669401704,7627.45259413104,1.14351482924864,12326.7972746035,1.15861477192601,4999.04417759002,1
920593,-515,764,59,-854,703,-333,-174,780,-116,656,1166,346,618,1398,585,223,1276,203,161,1019,188,-209,962,151,87,1019,19,148.55,1013.39,186.88,-207.39,956.92,151.43,92.42,1009.96,14.45,0,1011.66411438525,174.716965730842,-140.609644476578,951.643841481255,0,0,1006.50462097118,0,183.379688079133,1014.16731854266,191.980467756488,271.433914609063,959.6824683196,188.597905608732,113.556417696227,1011.64421611553,45.104656078946,11677.7853535354,1591.97767676768,1951.88444444445,30975.513030303,5348.03393939394,12765.7829292929,4397.57939393939,3439.21050505051,1844.06818181818,108.063802235232,39.8995949449074,44.1801363108405,175.998616557924,73.130253243059,112.985764277155,66.3142472922629,58.6447824196706,42.9426149857945,20.226731318894,18.8814088328124,4.41601904655516,12.5261427121188,16.7928646629661,9.99960761560022,5.45918026169535,9.35852389280666,6.54300985127178,-1.49532153451843,-1.92215383604207,0.253229327664406,1.03277120267281,1.54441471121694,-0.0990033905449825,-0.937552495891959,0.0503042205202955,0.230947701523519,181,1019,188,-209,962,111,87,1038,38,152.6,1014.82222222222,186.444444444444,-210.044444444444,956.6,149.755555555556,96.1111111111111,1010.91111111111,14.8888888888889,0.652595941135158,0.652595941135158,0.652595941135158,0.652595941135158,0.652595941135158,0.652595941135158,0.652595941135158,0.652595941135158,0.652595941135158,1171,402,287,1472,695,918,397,496,319,448.943779421526,433.821460602036,436.04118831363,578.065714285714,386.125714285714,478.641428571429,12205.0794712939,45223.9275134873,4992.18131374213,471008.554285714,441529.705714285,445008.647142857,2.68380228910075,10893.8034532659,0,1500.64072010887,0,1690.54757306035,2.06155343980592,35990.5441273005,1.85918479304506,6255.15246352985,2.20982503923787,14972.4443073619,0.473801637940306,5123.69608867093,1.39901264592885,4099.77727960096,0,1858.43428750798,2
922156,-383,901,-178,-481,796,50,-29,876,-48,494,1166,405,-81,1064,373,145,1200,165,141,1029,158,-236,953,151,48,1019,48,104.36,1033.84,152.33,-252.02,944.12,161.24,56.44,1016.04,47.51,219.275173478388,1031.61147847248,152.242136204576,-228.073892967847,941.602479330247,135.019810209606,0,1014.3630338838,0,191.818768633312,1034.95166070691,171.504548044651,262.452624296272,945.346423275616,174.167792659837,71.3020336315872,1016.89363258897,64.3469501996792,26165.0812121212,2323.02464646465,6272.10212121212,5421.51474747475,2340.69252525253,4379.88121212121,1917.68323232323,1752.90747474747,1902.35343434343,161.756240102573,48.1977659903926,79.1966042277831,73.6309360763175,48.3807040590825,66.1806709857282,43.7913602474647,41.8677378747345,43.6159768243637,4.48136697388336,4.07514768064164,8.23344306620825,3.58583955736068,3.53284336764187,3.6017134248245,2.00399311382922,6.82967428692529,2.92710011698501,-0.77406868924558,0.10624441071868,-1.37194549864603,-0.406996492317854,-0.368883607057023,0.754546048168611,0.253215439346174,0.666269559975375,0.174849332753561,141,1019,158,-236,953,141,19,1019,48,109.211111111111,1033.73333333333,157.488888888889,-250.477777777778,944.455555555556,157.9,56.0444444444444,1014.8,47.1777777777778,0.644836841689628,0.644836841689628,0.644836841689628,0.644836841689628,0.644836841689628,0.644836841689628,0.644836841689628,0.644836841689628,0.644836841689628,877,265,583,400,268,323,174,324,213,456.393590479325,426.806165034632,437.395895004351,553.084285714286,365.717142857143,479.995714285714,29012.107273818,8097.07681915773,3033.34438891618,487428.51,425526.711428572,447127.358571429,0.178892831874495,29690.7542678014,0,2495.60421552438,0.576267464510156,7163.80227349515,0.320152538287702,5581.13544468049,0,2422.65995536058,0.254152203062917,4471.34080350771,0,1893.79652190832,0,2045.31401135384,0,1749.6020886602,2
923718,-989,-107,-534,-981,648,-242,-135,819,-77,1666,1833,861,809,1324,767,194,1333,194,111,1044,207,-258.5,939.5,191,62.5,990,58,122.52,1092.23,176.91,-226.2,967.57,190.15,62.88,1013.71,50.92,0,973.587496198456,211.306626400085,-300.590683371246,951.745059638683,403.62823331746,0,1004.40934258352,0,457.230729500982,1152.57959811893,255.10372400261,409.786700613868,975.773903114856,266.140658299329,100.161868992147,1018.76672010819,75.6178550343766,196008.878383839,136841.774848485,34121.9817171717,117938.080808081,16104.0455555556,35024.0681818182,6139.90464646465,10381.4807070707,3156.78141414141,442.728899422478,369.921308994879,184.721362373635,343.421142051681,126.901716125337,187.147183205674,78.3575436474667,101.889551510794,56.1852419603352,6.74576700756587,4.16699247370469,8.83235336606253,3.8333397657457,2.80703011879401,3.85218784083519,2.20209341039903,3.78161947045456,2.76822189385695,1.27794636431333,-0.565011485480224,-1.47098902357714,0.746979527423394,0.527438601498676,0.351202533508117,-0.272766869437257,1.05971328741968,-0.11711317997722,111,1019,198,-227,935,222,155,990,77,95.3666666666667,1107.84444444444,191.5,-240.011111111111,963.811111111111,186.011111111111,65.0111111111111,1007.23333333333,51.1666666666667,0.71970029895822,0.71970029895822,0.71970029895822,0.71970029895822,0.71970029895822,0.71970029895822,0.71970029895822,0.71970029895822,0.71970029895822,2655,1940,1395,1790,676,1009,329,514,271,519.462321809761,462.103744223538,437.751220601529,596.425714285714,399.222857142857,483.218571428571,245449.047612448,140386.123643046,10544.3723147771,686818.962857143,510381.728571428,451558.324285714,0.432467875223218,217707.016820852,0.0621871098677642,158209.828505015,0.377821637184931,30904.6083012965,0.150972698881549,139455.668971364,0.334340458788372,18455.5841026457,0.309216665689217,38692.118847647,0.186209353313755,6753.80770895984,0.341073834730041,12097.2828678843,0,3574.19859540211,1
925281,-1848,107,-2009,-1027,583,-373,-223,847,-233,1888,1892,881,454,1296,929,262,1352,213,131,1029,207,-209,948.5,171,87,1000,48,162.94,1068.75,113.48,-182.57,943.96,144.73,75.99,1012.85,37.06,268.275276303296,808.369469956635,280.389551583319,0,927.966731924376,0,636.373500224193,1005.00037755249,0,531.676875555069,1131.88400907513,419.809552059026,345.647146668391,951.41755291775,253.099051756422,125.300319233432,1016.98622901198,72.8447664557997,258718.036767677,140338.22979798,165012.474343434,87010.2475757576,14277.6549494949,43547.8354545454,10025.9493939394,8480.67424242424,3972.64282828283,508.643329620744,374.617444599127,406.217274796917,294.974994831354,119.489141554766,208.681181361774,100.129662907349,92.0905762954291,63.0289047047688,6.86027935048315,3.62844265122638,13.3656106012429,3.29225422356883,3.96560699085337,4.81958413783182,2.88495062818428,4.05534791678954,6.67756367349193,0.471533514276106,-0.16551864170914,-2.8962034508705,-0.0432461649020062,-0.0985274785540172,0.446212474844897,-0.54286273160989,0.817178791390974,-1.05822932343846,131,1019,198,-290,907,171,155,990,48,144.566666666667,1075.78888888889,166.244444444444,-179.933333333333,944.066666666667,138.922222222222,78.9333333333333,1008.41111111111,40.8666666666667,0.754034056197133,0.754034056197133,0.754034056197133,0.754034056197133,0.754034056197133,0.754034056197133,0.754034056197133,0.754034056197133,0.754034056197133,3736,1785,2890,1481,713,1302,485,505,446,529.828123280592,442.355160311925,438.44842722632,576.501428571429,388.337142857143,482.528571428571,375747.741644239,99472.7574061341,11792.9279530218,745749.329999999,466597.045714285,452257.508571429,0.583580738567204,284566.85046025,0.168042773017279,160857.295393971,0.345746836313707,184298.488463055,0.215512934985654,101601.220652895,1.1196760628657,15841.5848012806,0.697789511572147,49468.6743135176,0.368271223867811,11240.2730267859,1.16116841141502,9929.11519720866,1.31929965592373,4413.64987526311,1
926843,-878,892,-455,-1027,731,-90,-116,914,-77,464,1284,356,9,1037,313,213,1114,116,50,1029,158,-263,953,111,82,1019,48,61.55,1028.66,149.56,-286.84,937.6,126.03,62.88,1014.04,45.03,0,1026.70825848422,182.391321669035,-304.909974066245,933.119956148415,0,-501.28081460636,1012.4843822219,0,174.055364755011,1029.70020879866,176.089125161096,322.726385658192,939.626564120023,150.284230709679,111.198741000067,1014.80791285839,58.9356428657565,26774.6136363636,2162.75191919192,8726.45090909091,22096.0953535354,3842.74747474747,6769.48393939394,8496.22787878787,1573.71555555556,1460.31222222222,163.629501118727,46.5053966673968,93.4154746767949,148.647554145823,61.9898981669391,82.2768736607921,92.1749851032691,39.6700838864194,38.2140317451878,15.9784881539006,15.2345532271481,20.0897003947678,10.6907722643778,4.73171417942648,3.24749968923392,1.79457923226444,2.9576773330526,2.88103896682549,-2.67427571948089,1.92996767837578,-2.95688823744848,-2.06189978409273,-1.28799151941528,0.170978960302171,-0.248513035266587,-0.243680244622549,-0.316970692485084,30,1029,158,-290,962,90,97,1009,29,76.1333333333333,1027.21111111111,156.933333333333,-275.833333333333,942.344444444444,125.655555555556,64.0555555555556,1014.48888888889,46.1555555555556,0.699141306335263,0.699141306335263,0.699141306335263,0.699141306335263,0.699141306335263,0.699141306335263,0.699141306335263,0.699141306335263,0.699141306335263,1342,392,811,1036,306,403,329,200,193,452.875812724784,429.81662666785,437.91486154879,531.33,332.91,480.835714285714,31717.4531668353,24366.326226519,8924.84501111609,480679.358571429,432701.035714286,448145.858571429,0.259590447544402,30186.0435702112,0,2437.74125869657,1.16671442119948,9981.58875148841,0.655752955164031,26323.8134103561,0.422798674456092,4517.21505766835,0.185994405693855,7547.97556398023,0.0946324271529349,8428.06790308706,0,1817.62921893383,0,1287.9568264023,1
928406,-2696,745,-504,-1681,759,-323,-87,742,-116,747,1568,1148,263,1231,505,174,1285,126,70,1029,198,-254,944,171,72,1019,29,17.5,1028.37,214.77,-272.51,936.7,176.49,63.34,1019.78,32.1,0,1022.61301637121,251.91269151206,-249.089682478189,932.671941257041,168.846046099689,0,1015.493242846,0,368.899932230951,1031.50106640759,279.512736740206,338.565724786193,938.746834881482,221.659716683027,89.0728914990414,1021.90509344068,55.6104306762679,137152.434343434,6514.74050505051,32324.4617171717,40772.7776767676,3877.50505050505,18165.9695959596,3961.64080808081,4382.59757575758,2082.93939393939,370.340970381936,80.7139424452214,179.790048993741,201.922702232235,62.2696157889629,134.781191551194,62.9415666160353,66.2011901385283,45.6392308648973,34.4388170808881,23.7369709730504,13.7036460647154,27.3767274301782,7.28356670946536,4.40661215675243,2.47839745385134,8.48722381653644,4.03617864107515,-4.94294193995829,2.35572658825523,1.68009358825933,-3.75045439290469,0.609664009231096,-0.275874973002673,-0.351084947062429,0.391075643093177,-0.855145722796971,80,1019,207,-209,944,181,106,1019,19,57.8222222222222,1026.88888888889,202,-259.177777777778,935.677777777778,178.466666666667,65.2888888888889,1017.58888888889,34.4888888888889,0.684914381866673,0.684914381866673,0.684914381866673,0.684914381866673,0.684914381866673,0.684914381866673,0.684914381866673,0.684914381866673,0.684914381866673,3443,823,1652,1944,472,828,261,543,242,473.692628708482,435.597093258149,439.345716551919,540.274285714286,360.291428571429,477.951428571429,149030.629314645,43431.4637098835,5361.15774883926,547803.848571429,447859.457142857,452278.508571429,1.22395092221242,155821.477538438,6.81703197348947,6913.82569109587,0.5665959163781,35663.6012557117,1.71997981840751,47712.980614243,1.07755118920901,4165.71897251746,0.412291549172966,19782.687341519,0.255614659573131,4578.97261165271,3.22452653734019,5118.91277941545,0,1907.4696244697,1
929968,50,990,198,-263,925,111,9,971,-29,121,1039,267,-136,1000,212,145,1038,67,90,1009,227,-200,962,161,77,1014,29,89.21,1013.07,224.71,-195.91,958.52,156.21,72.81,1014,30.11,86.6153422692341,1012.97094310083,224.115703504857,-192.729643475626,958.360713530402,154.062938321642,61.5941511807363,1013.79464043386,0,90.3908734331072,1013.11955365593,225.010555307968,197.528554897767,958.599770498616,157.250214626245,76.4694056469645,1014.10231239259,35.4026835141067,214.228181818182,101.419292929293,136.531212121212,643.234242424242,154.474343434343,329.359494949495,551.791818181818,209.59595959596,350.240303030303,14.6365358544357,10.0707146186005,11.6846571246747,25.3620630553637,12.4287707933787,18.1482642406786,23.4902494278332,14.4774293158682,18.7147082005118,3.02965965548633,3.34786037305373,3.58469971009311,3.03929924961526,3.51552403490068,3.30201246962792,3.42777533239386,2.87627975032661,3.26774301494775,-0.135157541976051,0.0770360029698692,0.354264238837521,-0.410749804860728,0.158951621295981,0.0224154514474556,0.157632075167717,-0.222093713584045,-0.399734564356252,90,1019,227,-200,962,161,58,1009,29,89.4,1013.02222222222,224.333333333333,-195.211111111111,958.477777777778,156.111111111111,72.5333333333333,1014.32222222222,30.6555555555556,0.532546308974078,0.532546308974078,0.532546308974078,0.532546308974078,0.532546308974078,0.532546308974078,0.532546308974078,0.532546308974078,0.532546308974078,71,49,69,127,75,101,136,67,96,446.438097617093,424.820717611086,436.072383089109,568.71,393.78,478.68,217.03279204031,760.276277435979,606.297192250768,465090.638571428,421139.434285714,443787.608571429,0,211.970830291059,0,75.3757942125064,0,97.2014346366608,0,716.155467045621,0,153.106411489911,0,331.096060773501,0,633.928138087544,0,221.462349109212,0,323.779355337373,1
931531,10,990,158,-318,916,40,-9,971,-38,101,1049,257,-145,1000,222,165,1057,48,70,1019,217,-209,953,151,87,1009,9,70.09,1016.53,217.35,-212.85,958.17,149.65,85.25,1012.46,9.74,57.0309361234245,1016.38837747984,215.038526841794,-208.872151307206,957.997686285806,138.506689280929,0,1012.16379129269,0,72.8703643465572,1016.60074267138,218.426990090511,214.910004420455,958.256453148112,152.814822579487,96.9733468536587,1012.60690299839,24.2989711716361,401.496868686869,145.281919191919,474.068181818182,890.088383838384,167.354646464646,966.916666666666,2157.84595959596,300.493333333333,500.578181818182,20.037386772902,12.0532949516686,21.7731068480863,29.8343490600748,12.9365623897791,31.0952836723942,46.4526205891117,17.3347435323784,22.3736045781224,3.95903039650674,2.93065944239891,2.61927419797361,4.85083304279349,4.17135805970362,5.39406645126218,1.98252974128234,2.88932233497961,2.34862767403491,-0.875268383871398,-0.056423996521407,-0.516871295886695,-0.722717971889566,0.300913276518559,-1.27517798320671,-0.0909617813265958,-0.443140794426225,-0.262412364041794,70,1019,217,-218,953,151,145,1009,0,71.2666666666667,1016.64444444444,218.111111111111,-211.611111111111,957.888888888889,152.322222222222,86.0888888888889,1012.93333333333,10.1666666666667,0.642224642484918,0.642224642484918,0.642224642484918,0.642224642484918,0.642224642484918,0.642224642484918,0.642224642484918,0.642224642484918,0.642224642484918,91,59,99,173,84,182,174,86,86,446.695301912751,425.929042343778,436.0327636654,558.844285714286,383.558571428571,474.621428571429,612.704919500026,1276.00678212314,2262.56661339937,465641.79,423340.332857142,443728.718571428,0,418.595896460126,0,102.71191189392,0,397.690608139171,0,1016.20262151097,0,168.737912832717,0,988.958155441686,0,2004.20784436055,0,313.511868891938,0,546.832856479964,1
933093,-131,990,148,-436,870,20,-29,971,-48,30,1049,217,-190,990,191,165,1076,58,-90,1019,183,-363,916,131,29,1019,0,-71.77,1022.86,182.31,-355.91,914.47,127.17,33.28,1017.32,6.72,0,1022.71648710795,181.051102819523,-347.835794092864,913.927490322835,112.386635579007,0,1016.94376458783,0,83.4120494892674,1022.93144442822,182.932911199707,358.988760269733,914.748408033597,131.162761483586,47.7811678383859,1017.51035375568,23.4273344621192,1824.88595959596,147.636767676768,229.81202020202,2223.23424242424,514.413232323233,1041.8798989899,1187.35515151515,391.250101010101,508.769292929293,42.7186839637642,12.1505871330059,15.1595521108646,47.1511849524934,22.6806797147535,32.2781644303064,34.4580201334196,19.7800429981863,22.5559148102952,3.00087543784899,3.36869259541681,2.70174856349862,5.27158889562506,4.99401870439553,4.13334997941474,5.62906532187838,3.59953618427184,2.78005147298916,1.17230058492779,-0.338131767979479,0.0352861731563537,1.44308804525751,1.1405091384519,-0.783684881226154,1.14807445451128,0.660981733050603,0.00678999876667589,-101,1019,188,-372,916,121,9,1019,0,-74.6888888888889,1023.23333333333,182.177777777778,-359.933333333333,912.944444444444,128.577777777778,31.1555555555556,1016.55555555556,6.81111111111111,0.858461102803253,0.858461102803253,0.858461102803253,0.858461102803253,0.858461102803253,0.858461102803253,0.858461102803253,0.858461102803253,0.858461102803253,161,59,69,246,120,171,194,105,106,446.762231229093,424.852401654719,436.586244839822,485.742857142857,293.884285714286,453.137142857143,1905.1809533787,3332.81240126933,1222.31218273989,465776.04,421217.678571428,444925.371428571,0,1660.35135227078,0,115.041926147065,0,169.509958047642,0,2260.4950038069,0,529.475669083054,0,1064.49278481645,0,1387.59088234435,0,428.346430435923,0,508.246886141212,1
934656,-131,1000,148,-400,888,90,0,990,-9,-40,1039,207,-327,935,161,67,1038,48,-101,1019,188,-372,907,131,33.5,1019,19,-93.06,1021.72,182.74,-367.6,910.3,133.89,34.41,1018.03,15.88,-88.55983776595,1021.62135846001,181.694011602323,-366.925518346426,910.199062622695,132.102059145866,0,1017.92506585552,0,94.7795336557424,1021.76933796234,183.242735190239,367.930129236517,910.350361124771,134.721898739589,36.8419597741488,1018.0823591439,20.5402044780474,326.25898989899,101.84,185.850909090909,245.272727272727,92.6161616161616,225.715050505051,175.032222222222,107.68595959596,171.44,18.0626407232993,10.0915806492343,13.6327146632983,15.6611853725294,9.62372909095853,15.0238161099319,13.2299743847909,10.3771845698127,13.0935098426663,3.2712142420091,2.16746377767546,2.70938965297752,2.45807279660432,3.26019626537284,3.13495381853212,3.00601487324184,3.14181801543072,2.5773670896239,0.803111243675277,0.0493822606880795,-0.384466040598297,0.432585659477715,-0.176574174754038,-0.353472907007899,-0.0258461397947558,-0.178808641966695,0.0445932220359711,-101,1019,188,-372,916,141,29,1019,9,-94.0111111111111,1021.66666666667,182.988888888889,-368.1,910.5,134.333333333333,34.6111111111111,1018.14444444444,15.8111111111111,0.80235344282919,0.80235344282919,0.80235344282919,0.80235344282919,0.80235344282919,0.80235344282919,0.80235344282919,0.80235344282919,0.80235344282919,91,39,59,73,47,71,67,48,57,446.716806729185,424.737082324304,436.673465576936,476.314285714286,289.967142857143,457.851428571429,387.342218741915,262.009187023648,221.625578044056,465674.417142857,420968.721428571,444973.251428571,0,261.882905787381,0,64.4142951371762,0,159.660723307713,0,207.515064578216,0,68.3736060131921,0,199.581733147491,0,160.282116872331,0,105.099717366634,0,133.879173051865,1
936218,-70,1000,158,-354,907,121,19,990,-9,-10,1049,217,-309,944,202,67,1038,58,-40,1019,188,-327,925,151,38,1019,29,-42.1,1022.73,190.55,-328.89,923.85,153.01,41.55,1015.9,25.14,-36.1694798484327,1022.61501863517,189.6912082346,-328.526181939497,923.759151080028,151.302500082641,38.1510185390316,1015.82755529046,0,44.1021541423999,1022.78764658164,190.973689287294,329.072925048537,923.895421571078,153.84742441783,43.0289437472035,1015.93614956847,28.0110692405699,174.333333333333,119.108181818182,163.280303030303,121.573636363636,84.7752525252525,259.565555555555,126.35101010101,74.1919191919193,154.141818181818,13.2035348802256,10.9136694937212,12.7781181333678,11.0260435498703,9.20734774651487,16.1110383140118,11.2405965189135,8.61347312017164,12.4153863484717,2.99540580842215,2.72633999946346,2.65424157351227,2.47973482534736,2.14328424996836,3.40708944478719,2.35873567547385,2.92265584039747,2.99740306663847,0.152854260424855,0.275559728175615,-0.0719321502494531,-0.223390715106129,0.00741439238149398,0.0822617755726617,-0.0160618919042004,-0.220216941232674,-0.210161646440091,-50,1019,198,-327,925,151,48,1019,29,-42.1111111111111,1022.55555555556,190.444444444444,-328.8,923.966666666667,152.777777777778,41.6888888888889,1016.11111111111,25.2555555555556,0.774117311341292,0.774117311341292,0.774117311341292,0.774117311341292,0.774117311341292,0.774117311341292,0.774117311341292,0.774117311341292,0.774117311341292,60,49,59,45,37,81,48,48,67,446.288210640933,425.446120867488,435.941893504374,501.934285714286,320.558571428571,463.967142857143,192.430573845742,290.15768513984,176.944794766957,464790.222857143,422374.615714285,443469.587142857,0,131.656536031228,0,87.3730261775297,0,136.257617107869,0,116.814475964233,0,69.6323614240602,0,244.101269740906,0,108.420014968465,0,66.3483480820622,0,114.344712282015,1
937781,-70,990,178,-345,907,131,19,1000,-19,-20,1049,227,-309,935,181,58,1047,38,-50,1029,198,-331.5,920.5,161,38,1019,9,-45,1024.01,200.67,-331.14,920.96,160.2,36.54,1017.13,8.07,-42.2662775485559,1023.91969140805,200.007287103501,-330.975411897967,920.907153320106,159.204325007984,34.6409252249538,1017.07284293937,0,46.1302503786832,1024.05507176128,201.002860676161,331.221738417031,920.986471127562,160.684162256272,37.3842212704772,1017.1586749372,13.2185475752822,104.040404040404,93.2423232323232,135.051616161616,54.6872727272727,49.2509090909091,156.929292929293,63.0387878787879,58.9223232323232,110.712222222222,10.2000198058829,9.65620646176971,11.6211710322848,7.39508436241756,7.01789919355565,12.5271422491043,7.93969696391417,7.6760877556424,10.521987560448,2.80186633990008,3.8478446582774,2.63384238341482,2.96295233828312,2.74978395108031,2.45426005020995,2.84221612933527,3.96839098620008,2.98235570865732,0.258290199130446,-0.165813569201612,0.184666649495297,0.255698853639525,0.253214677965961,-0.2203111434093,-0.0160218071420646,0.471483416446085,0.283849671985085,-50,1029,198,-336,916,161,38,1019,9,-45.2222222222222,1024,200.577777777778,-331.2,920.955555555556,160.444444444444,36.7666666666667,1016.96666666667,7.86666666666667,0.835014593257056,0.835014593257056,0.835014593257056,0.835014593257056,0.835014593257056,0.835014593257056,0.835014593257056,0.835014593257056,0.835014593257056,50,59,49,36,28,50,39,47,57,447.67249195299,425.063750485115,436.244119893816,505.577142857143,321.437142857143,455.031428571429,140.877366083144,161.470168602604,111.348040020396,467665.26,421604.28,444078.891428571,0,78.2618267683031,0,76.386070764101,0,88.8158693274136,0,47.7139167019742,0,38.1890629185736,0,144.987531158945,0,59.1216424432605,0,47.8138858140908,0,90.7837631315061,1
939343,-70,990,178,-363,898,131,9,990,-29,-30,1049,227,-318,935,191,58,1038,38,-50,1019,198,-336,916,161,38,1019,9,-46.9,1021.85,201.04,-334.11,918.95,163.2,36.42,1016.47,7.99,-44.9245908653332,1021.74432831089,200.487166143685,-333.875236567397,918.875368453536,162.350127762007,32.8157957863565,1016.39832349878,0,47.8016736108685,1021.90271063345,201.31343720676,334.229487029496,918.987219715269,163.619680967786,37.6117003072182,1016.5057451879,15.0615404258661,86.2525252525251,108.815656565656,111.129696969697,80.6645454545455,69.0984848484848,138.545454545455,89.1147474747475,73.4031313131313,164.656464646465,9.287223764534,10.4314743236829,10.5418071017116,8.98134430108018,8.31254984036095,11.7705333161015,9.44006077706852,8.56756274054245,12.8318535156253,2.44349732476471,3.28470667490871,2.92307353661224,3.75751856115955,2.95261887807281,2.79114326952933,3.62242538985543,2.98867150991462,3.43108976516169,0.10909424181121,-0.207910126353803,-0.0941284474299841,-0.73588701767209,-0.266792700067985,-0.0223512399326167,-0.354132324412881,-0.291499874567693,-0.273087804778388,-50,1019,198,-336,916,161,38,1019,9,-47,1022.11111111111,201.211111111111,-333.8,919.022222222222,163.333333333333,36.6333333333333,1016.74444444444,8.23333333333333,0.830081255590645,0.830081255590645,0.830081255590645,0.830081255590645,0.830081255590645,0.830081255590645,0.830081255590645,0.830081255590645,0.830081255590645,40,59,49,45,37,60,49,48,67,446.824279621739,424.901976211534,435.976120633297,503.995714285714,320.588571428571,454.662857142857,124.307578398356,139.620215371826,168.497643669091,465898.821428571,421293.54,443539.465714286,0,61.7630096960195,0,77.0676013568036,0,78.7774547077234,0,69.7578098455619,0,57.8561477930711,0,93.8102081522134,0,86.0861867166887,0,67.4968096336053,0,144.574243081064,1
940906,-60,1000,148,-345,907,90,19,1000,0,20,1049,227,-281,962,191,77,1047,135,-20,1029,198,-327,925,141,48,1019,38,-21.1,1024.43,191.64,-325.79,926.78,137.77,45.75,1017.18,38.03,0,1024.30755589058,189.486100130308,-325.196940427974,926.664011723857,134.404019873191,42.2649295030105,1017.09336279568,0,26.6645832519468,1024.4911761455,192.653575103085,326.074577359229,926.838292260306,139.323974964828,47.2864674087629,1017.2233678008,42.2074637949261,268.474747474747,126.611212121212,393.444848484848,187.379696969697,109.14303030303,434.946565656566,144.391414141414,89.1187878787878,338.574848484848,16.3851990367754,11.2521647748872,19.8354442472269,13.6886703872106,10.4471541724543,20.8553725849376,12.0162978550556,9.44027477771637,18.4004034870121,2.68621761362426,2.61828826721708,2.29171099844489,3.81226736483549,3.11774977017197,2.89754007703955,2.59042814660882,3.29139980855449,9.56630928630953,0.0942579923336518,-0.0482741007410235,-0.430008703267747,0.86372656021182,0.482066893521958,-0.18839383967955,0.101069156332899,0.146094672163841,1.12079194540995,-30,1029,207,-336,925,141,38,1019,38,-21.2222222222222,1024.33333333333,192.1,-326.7,926.622222222222,138,45.7222222222222,1016.98888888889,37.6666666666667,0.758133450749372,0.758133450749372,0.758133450749372,0.758133450749372,0.758133450749372,0.758133450749372,0.758133450749372,0.758133450749372,0.758133450749372,80,49,79,64,55,101,58,47,135,446.887153030085,425.275749826287,436.779918154168,512.13,316.611428571429,471.84,570.797139840874,508.891487939191,339.526093981905,466032.244285714,422042.151428571,445183.225714286,0,231.053353896375,0,114.345702411692,0,292.651558797758,0,170.478500875981,0,90.3669780850593,0,368.641770598205,0,111.711526759629,0,63.3157707451849,0,242.562211596175,1
942468,-575,735,-782,-663,861,-272,-58,904,-97,616,1284,702,172,1148,313,203,1180,87,80,1039,148,-276.5,944,136,67,1019,38,77.38,1028.04,137.11,-269.27,950.32,124.9,72.02,1015.23,25.38,0,1023.04247604805,184.941828988489,0,948.228027320436,0,84.9221474940134,1012.86588926745,0,154.917203692811,1030.2612775408,205.268239140886,293.974301597946,951.444112914679,161.060858063032,94.3161704057157,1016.42180712537,46.9831884826903,18193.6117171717,4618.24080808081,23571.6140404041,14055.1081818182,2159.39151515152,10445.0404040404,3746.12080808081,2445.79505050505,1579.06626262626,134.883697002906,67.9576398065796,153.530498730396,118.55424151762,46.4692534387149,102.200980445593,61.2055619047878,49.4549800374548,39.737466736397,11.0525083026032,10.9251026141104,19.6276323344759,7.26305653261855,9.14209042558127,5.11118572639738,2.27752688681748,4.25667430721044,3.46067285545543,-0.139397684161394,-1.1066921730947,-2.34106032863756,0.0392035665781224,1.77721922619115,-1.12184689251846,-0.0290765484062115,0.329624881658823,-0.811711618603408,80,1039,148,-336,944,121,106,1019,58,75.3,1031.74444444444,146.188888888889,-270.511111111111,946.688888888889,131.144444444444,72.1444444444444,1013.92222222222,27.5555555555556,0.710676853856123,0.710676853856123,0.710676853856123,0.710676853856123,0.710676853856123,0.710676853856123,0.710676853856123,0.710676853856123,0.710676853856123,1191,549,1484,835,287,585,261,276,184,453.901628861359,431.555971976811,437.48209861439,532.512857142857,345.407142857143,476.841428571429,37335.4643228322,17276.2076176578,4761.81962552585,483245.438571429,436117.452857143,447521.25,1.7852598190581,19457.9074137967,1.06341230952911,4829.0640255991,1.23695311570667,27297.6890158859,0.947587535041853,15848.1294242626,0,2458.55629290507,0.424214616593268,12071.7478741031,0,4015.87076932905,0,2863.6338299588,0,1508.98309837082,1
944031,-171,735,-485,-445,870,-343,-58,914,-165,545,1313,534,118,1064,343,174,1161,97,111,1029,168,-240.5,953,151,97,1009,-19,120.14,1025.39,158.56,-225.82,955.92,144.14,87.05,1009.65,-15.16,108.186673401496,1020.44745203905,180.000909694006,-171.694440456895,953.836742828076,213.286949899654,0,1007.04808114671,0,143.571306325463,1027.53471474204,216.956954255908,246.369925112624,956.968578376532,182.260308350447,100.688678608868,1010.9625265063,45.4358888985348,6241.51555555555,4447.41202020202,22150.5519191919,9801.48242424242,2026.07434343434,12568.162020202,2586.37121212121,2678.89646464646,1853.12565656566,79.0032629424605,66.6889197708437,148.83061485861,99.0024364560914,45.0119355664066,112.107814269131,50.8563782835665,51.7580570022336,43.0479460202883,13.1703823600882,12.5439591735656,13.2127637059906,4.55752618661926,2.90794530020023,7.64157237430575,4.28968333032699,2.75094242028718,4.42529794835978,1.55099282338132,-1.46477574355697,-2.45570460864617,0.99852172713626,0.239752185176916,-1.68185164060601,-1.27355861763343,0.269381619355666,-0.202578280794484,121,1039,158,-254,962,141,106,1000,-29,116.333333333333,1031.41111111111,171.788888888889,-231.644444444444,954.788888888889,154.111111111111,90.6777777777778,1008.26666666667,-14.5777777777778,0.751968636868419,0.751968636868419,0.751968636868419,0.751968636868419,0.751968636868419,0.751968636868419,0.751968636868419,0.751968636868419,0.751968636868419,716,578,1019,563,194,686,232,247,262,453.533844919862,430.426456999545,435.321947394543,558.895714285714,374.674285714286,463.517142857143,24299.9775488221,20920.3430656437,4261.59566156986,481504.555714286,432731.065714286,443249.082857143,0.584720221620951,6480.31648518201,1.30464104554492,4891.70316107935,0.48924388742866,25571.5936762952,0.522614588068573,11299.1285429432,0,2327.32064895741,0.279100820776395,14633.8162146168,0,2588.08270023641,0,3054.81082371149,0,2102.43846678102,2
945593,-121,656,-584,-590,879,-171,-87,866,-165,757,1578,415,163,1240,404,194,1228,77,141,1029,168,-227,944,191,87,1000,-4.5,165.74,1025.09,143.42,-205.58,961.5,146,83.77,1014.15,-10.27,0,1010.36030114763,211.132732272445,0,957.790343950956,435.277476275506,0,1008.00125214324,0,207.926429296518,1032.18295374415,192.884991640096,253.498757393404,963.572768398941,204.64261530776,102.09774728171,1017.32421085906,50.3691373759766,15922.8812121212,14739.5372727273,16803.3571717172,22220.6905050505,4030.53535353535,20770.303030303,3440.94656565657,6513.46212121212,2456.13848484849,126.185899418759,121.406496007122,129.627763892297,149.066060875876,63.4864974111453,144.119058525592,58.6595820446802,80.7060228310881,49.5594439521721,10.4954708402411,9.34349400514481,14.5202983160252,2.76485173069492,7.2730713721998,2.29720292981176,2.93309411726719,2.75140169366618,3.53984500155541,2.05237462185403,0.585050392324576,-2.85682154218753,0.404281541798019,1.95269398523868,-0.631047644661737,-0.518656997071801,0.543618802201495,-0.778500114386597,121,1058,158,-227,944,222,106,1000,19,155.433333333333,1024.01111111111,158.255555555556,-209.333333333333,954.4,150.544444444444,86.0666666666667,1011.64444444444,-7.62222222222222,0.73935351681318,0.73935351681318,0.73935351681318,0.73935351681318,0.73935351681318,0.73935351681318,0.73935351681318,0.73935351681318,0.73935351681318,878,922,999,753,361,575,281,362,242,454.968064324718,435.102319132241,437.443284917965,571.821428571429,386.537142857143,466.135714285714,36145.0111662306,33830.9405453778,7479.29815893668,491074.144285714,443405.442857143,449104.092857143,1.29371867434812,15117.0851908121,1.15818469435433,15488.1716972858,1.97188258487713,18061.5232241318,0.550318762072751,24274.7928643833,0.231434616408499,4408.94596689671,0.22874200292186,24354.8022206123,0,3817.50012970191,0.214469455701352,7691.51765103283,0,2632.42105692192,2
947156,-404,411,-801,-718,833,-303,9,876,-135,1828,2117,435,418,1148,424,203,1171,87,151,1019,168,-209,953,156,97,1009,-48,159.05,1019.83,156.28,-203.43,959.11,150.51,101.33,1009.37,-41.26,151.146903376904,994.399144679735,163.144126169737,0,956.500229095391,136.073609416566,74.4072855395338,1005.34018862517,0,247.739762654282,1030.5597265564,193.280159354239,250.246978003731,960.464424119915,191.305436409946,106.633156194497,1011.39759244325,58.6440107768901,36442.5126262627,22222.3445454546,13064.4258585859,21454.3283838384,2626.1796969697,14085.3635353535,1114.00111111111,4138.6798989899,1754.27515151515,190.899221125343,149.071608784015,114.299719416042,146.472961272169,51.2462652002046,118.681774234099,33.3766551815953,64.3325726128677,41.8840679914828,60.7000324740452,35.6333827416866,52.193865392865,7.92538473535652,5.51240312941819,7.28414724584497,4.40096123964924,2.91083700703586,3.6706323256544,6.39045480823946,2.56851193788204,-6.22530134762153,0.972719499905649,0.916126870144406,-1.42849056649672,0.0529366696776299,0.233080473601964,0.335192076137018,141,1019,168,-254,916,131,97,990,-48,150.5,1022.95555555556,166.188888888889,-210.677777777778,956.666666666667,159.255555555556,101.322222222222,1008.66666666667,-42.2,0.747806158331233,0.747806158331233,0.747806158331233,0.747806158331233,0.747806158331233,0.747806158331233,0.747806158331233,0.747806158331233,0.747806158331233,2232,1706,1236,1136,315,727,194,295,222,453.681804466085,432.568904669493,435.770221823403,572.211428571429,388.367142857143,458.331428571429,61894.9507422584,31754.973693633,4488.5830840018,497479.525714286,437877.098571429,444743.502857143,7.12149359615047,23467.476632451,5.49841498770247,16574.585773283,2.34528730418692,14659.4086246402,0.710931969040912,22439.8385235187,0,2874.67332886822,0.262579279125408,16055.4580747301,0,1201.80662920489,0.311821730914066,4829.26380873282,0,1822.57178645608,2
948718,50,882,79,-418,870,-111,48,904,-77,404,1078,217,281,1166,363,203,1228,38,181,1014,168,-190,962,151,106,1009,-19,179.56,1014.23,159.83,-183.58,964.73,145.03,103.96,1011.7,-18.62,170.680607879638,1013.54368764255,153.860532665244,-194.824797610721,963.368408056215,140.134352836652,96.7842215140941,1009.47142616282,0,183.538551808605,1014.56096416135,162.174504778032,202.520221212599,965.45509993992,158.240291961308,107.710909382476,1012.91548512203,28.6520505374397,1459.19838383838,678.239494949495,762.566767676767,7386.69050505052,1413.71424242424,4046.75666666667,801.978181818183,2485.74747474748,479.025858585858,38.199455281959,26.0430316005932,27.6146114887892,85.9458579865867,37.5993915166754,63.6141231698329,28.3192193010009,49.8572710318914,21.8866593747392,16.549081057045,9.39762681415928,3.76893509852353,13.7350126372598,13.8750390865187,7.99639163299384,5.03210414843963,10.7028232224316,3.38240810650749,2.01023208681468,-1.19667441261836,-0.785166019387931,2.1403810724548,2.01572489420716,-0.689307783222819,0.986267258692944,2.11239728382741,-0.0184057318534016,181,1009,178,-209,972,141,106,1009,-9,178.111111111111,1015,161.122222222222,-188.233333333333,962.722222222222,147.011111111111,102.288888888889,1007.55555555556,-18.8444444444444,0.741482739931274,0.741482739931274,0.741482739931274,0.741482739931274,0.741482739931274,0.741482739931274,0.741482739931274,0.741482739931274,0.741482739931274,354,196,138,699,296,474,155,324,115,447.200386252169,427.996325665757,436.242213275305,580.122857142857,396.934285714286,470.16,2256.30576117679,11761.8065156421,2815.71324430681,466851.822857143,427781.991428572,445037.297142857,0,1319.24590527812,0,634.154018670089,0,738.583017040887,1.18395196403784,8600.75269410384,0,1636.88315848011,0.316757519183496,4759.60542408689,0,853.256679723209,0,2940.74308508615,0,440.399251445522,2
950281,101,862,0,-418,888,30,-29,914,-38,313,1147,227,9,1037,262,155,1104,58,181,1019,138,-200,962,141,82,1009,0,188.62,1016,135.57,-185.22,964.69,139.34,80.04,1011.1,-0.27,181.782789960499,1014.05295633059,0,-119.290326384557,963.946718892135,112.224764496975,0,1009.72127321067,0,192.209260963149,1016.94782560365,140.413496502295,200.578662873198,965.063143011896,148.289648998168,85.9054131006888,1011.79200431709,20.3649208198804,1380.70262626263,1946.34343434343,1350.22737373737,5985.20363636363,727.347373737374,2600.18626262626,983.170101010101,1413.9898989899,418.845555555555,37.1578070701518,44.1173824511772,36.7454401761276,77.3640978514171,26.9693784455144,50.9920215585366,31.3555433856615,37.6030570431434,20.4657165903263,4.24258479112382,6.16163390416536,5.58270442796383,3.63748043769947,3.53571753335271,2.84197389038138,4.45277841959601,3.01944723632739,2.90212845172058,0.817614193530445,-0.380490170834732,-0.963191712102641,0.220971854722418,0.221974688401526,-0.0574247001225051,-0.51907538415048,0.186690294128637,0.259234408785497,181,1029,148,-200,962,141,97,990,0,187.388888888889,1016.62222222222,137.455555555556,-186.233333333333,964.222222222222,139.377777777778,81,1010.82222222222,-0.522222222222222,0.701471459883897,0.701471459883897,0.701471459883897,0.701471459883897,0.701471459883897,0.701471459883897,0.701471459883897,0.701471459883897,0.701471459883897,212,285,227,427,149,232,184,190,96,447.291814201154,427.030710087283,434.994036815634,574.367142857143,393.775714285714,467.515714285714,2698.74220465998,7382.31858764194,1727.62644901386,467504.241428571,425815.067142857,442078.941428572,0,1408.36735437372,0,2245.75121926561,0,1280.91938967016,0.256955677797098,7042.10504324213,0,829.877714090728,0,2958.97963503596,0,1039.90035538403,0,1607.55464320665,0,436.229297230436,2
951843,121,970,108,-263,898,10,19,933,-67,232,1058,227,-45,1046,222,165,1114,38,181,1009,168,-172,962,141,97,1009,-19,177.09,1010.49,166.85,-173.44,966.84,139.58,99.55,1012.87,-16.36,173.952194253206,1010.27514813094,163.583198270206,-156.865873295658,966.108991365448,115.226498218714,87.6999622482725,1011.38426315541,0,178.606186902918,1010.59770927902,168.356318562744,179.372907653302,967.209584319759,144.520932739863,103.296805371705,1013.62204494575,29.4285575589426,544.749393939394,219.888787878788,510.027777777778,2114.3498989899,722.014545454546,1417.90262626263,767.704545454546,1539.40717171717,604.434747474747,23.3398670505938,14.8286475404464,22.5837945832355,45.9820606213978,26.8703283466084,37.655047819152,27.7074817595274,39.2352796819033,24.5852546758163,3.14178450921715,3.81388579565287,3.40157180255653,3.00601846718146,3.41024625225743,4.25916234903077,3.47142252829692,3.36820822134334,2.43982382151676,0.0696317459137664,0.224576054906696,-0.214465450925327,0.334452322082794,0.471205484556315,-0.445081910034843,-0.111700180980789,0.413732767510325,0.283897689344039,181,1009,168,-181,962,131,87,1000,-19,176.933333333333,1010.5,167,-174.088888888889,966.111111111111,140.755555555556,99.5333333333333,1011.51111111111,-16.8777777777778,0.71970029895822,0.71970029895822,0.71970029895822,0.71970029895822,0.71970029895822,0.71970029895822,0.71970029895822,0.71970029895822,0.71970029895822,111,88,119,218,148,212,146,181,105,445.656905481245,426.043591694014,436.538336768772,580.47,399.848571428571,469.74,698.020363245544,3331.39538116834,1720.44832484148,463522.178571429,423666.565714286,445271.108571428,0,494.994762163787,0,221.980416539983,0,506.988690621446,0,2472.54792988919,0,834.640084461465,0,1528.00765669402,0,854.778038816998,0,1776.79742550025,0,536.478587305587,2
953406,-565,137,-1198,-900,814,-646,-19,857,-213,2989,2588,574,681,1240,474,233,1171,106,171,1019,178,-176.5,962,161,121,1009,-38,181.68,1012.98,172.5,-193.18,959.38,167.66,123.99,1003.99,-36.54,185.666289111989,914.688451156611,178.843130672977,-254.18377246155,956.379808768469,269.217404874569,122.211841707248,999.993466629768,0,359.890983493613,1036.96955596584,242.526493398144,261.380565459638,960.932255676746,224.878144780679,129.895996859026,1005.97771844112,56.2473110468403,97488.7854545455,49674.1208080808,29356.4141414141,31314.4319191919,3010.92484848485,22687.1761616162,1514.59585858586,4035.60595959596,1847.05898989899,312.23194175892,222.876918518004,171.337135908752,176.958842444202,54.8718948869533,150.622628318643,38.9178090157432,63.526419382773,42.9774241887411,67.3124514610974,30.1763376436591,45.8401170189722,10.7117943531347,9.55615381834613,10.9647861054675,4.90243747302447,3.55615775439722,7.29692742879409,7.10093598751137,2.28704465788422,-5.7327402596917,0.802038681945676,1.01129242680912,-1.69140288800741,0.0361311144379078,0.0897013181724623,-0.649381405496358,181,1019,178,-172,972,141,116,1019,-29,169.211111111111,1020.13333333333,184.9,-199.288888888889,957.888888888889,176.522222222222,123.788888888889,1003.31111111111,-35.0888888888889,0.760167502961966,0.760167502961966,0.760167502961966,0.760167502961966,0.760167502961966,0.760167502961966,0.760167502961966,0.760167502961966,0.760167502961966,3554,2451,1772,1581,426,1120,252,314,319,461.200213073099,436.437944472146,434.585386054288,585.925714285714,400.225714285714,467.76,150862.943125159,48885.6171200716,4244.82989010169,541562.777142857,446691.762857143,442297.671428572,3.71949735314309,93787.7266447933,6.00966560897691,40687.558727784,2.73256233266,32208.2134513804,1.30751872915481,31097.1613602228,0,2486.05432586524,0.604912650315323,26205.1654055534,0,1649.61961299979,0.685590202078907,4639.8409204475,0,1772.48474118422,2
954968,-1646,-401,-1099,-890,824,-383,-87,828,-194,3919,2823,564,672,1259,686,320,1247,252,202,1019,178,-209,962,207,126,1000,-38,223.03,997.69,156.99,-156.41,967.76,160.47,137.25,1005.14,-36.56,0,958.189013164584,192.674107766148,0,963.63040769904,227.145822700451,0,999.099222249974,0,517.882872858333,1039.53947015012,229.724900696463,295.103829185594,970.018195705627,237.852159964966,157.279528229201,1008.25387675922,78.3253471106257,220666.958686869,86118.1554545454,28411.7877777778,63254.7291919192,4420.08323232323,31134.3728282828,5958.87626262626,6332.78828282829,4846.69333333333,469.752018289298,293.458950203509,168.557965631345,251.504928762677,66.4837065176365,176.44934918634,77.193757925277,79.5788180537276,69.6181968549411,43.085506540203,21.8645359091617,34.4148995272527,4.92783241509572,8.11906523788349,4.34064167825987,3.40353132393891,3.54789616295086,5.5558265028127,4.59746145264614,0.946075224842351,-4.73186183888268,0.969957645077348,1.66457437876446,-0.940365721047217,0.0410073776775429,0.582973421537789,0.775529016702118,191,1019,188,-245,972,222,116,1000,-77,201.811111111111,1004.23333333333,173.988888888889,-169.455555555556,962.766666666667,171.011111111111,136.911111111111,1002.37777777778,-39.1,0.741482739931274,0.741482739931274,0.741482739931274,0.741482739931274,0.741482739931274,0.741482739931274,0.741482739931274,0.741482739931274,0.741482739931274,5565,3224,1663,1562,435,1069,407,419,446,471.439481887806,444.371572451681,437.353864657532,590.447142857143,416.494285714286,473.927142857143,294115.964460301,85392.5824655552,7598.8777264009,600693.647142857,464826.522857143,448906.110000001,9.00858419339957,110867.501921002,2.09769829731419,53603.258662115,3.48775754164497,30135.0665882387,0.707571128853194,68290.2518378366,0.560336425347,4212.82533853694,0.310774746796602,32701.2209338231,0.436123385671045,6939.23593941464,0.353739469217919,7165.05184894091,1.07559157913708,4296.27722114544,2
956531,-525,176,-742,-890,787,-494,-67,819,-203,2272,1990,544,690,1240,606,291,1285,97,171,1029,188,-218,953,212,116,1004.5,-29,212.26,1018.29,145.22,-185.86,962.14,168.08,105.75,1017.32,-28.42,182.390649758204,895.565457375788,201.731982209396,0,957.862760897585,0,0,1009.13680593129,0,482.977328660466,1059.74179402343,252.761270767497,314.995682510094,964.420541050428,240.019457544592,131.844188343666,1021.49230050941,58.8049317659667,190113.931717172,87008.2281818182,43231.7288888889,65331.656969697,4437.9802020202,29655.0036363636,6262.45202020202,8592.46222222222,2677.09454545455,436.020563410915,294.971571819757,207.922410742298,255.600580925977,66.6181672070029,172.206282220956,79.1356558082513,92.6955350716647,51.7406469369542,14.0639168997753,6.20183281188549,10.7020271304448,5.13917578954553,7.00980376083614,4.51707356213962,2.61472804559095,2.91754215656935,3.7766972968551,2.84107299127038,0.522981607229248,-2.68955929120115,0.504055693713675,1.26968244521822,-0.730906754749299,-0.0694547283084687,0.397925919527412,-0.352066279636092,171,1029,188,-281,925,232,155,971,-29,163.455555555556,1008.92222222222,171.477777777778,-189.644444444444,958.611111111111,173.622222222222,105.311111111111,1015.15555555556,-27.7,0.781865067024603,0.781865067024603,0.781865067024603,0.781865067024603,0.781865067024603,0.781865067024603,0.781865067024603,0.781865067024603,0.781865067024603,2797,1814,1286,1580,453,1100,358,466,300,480.405777574968,444.481851258188,440.44193472864,589.615714285714,404.725714285714,469.135714285714,277332.426852283,86911.4484494032,8881.42150044727,608660.584285714,465830.828571428,456123.184285714,1.35872554500198,204371.513518579,2.2304685109207,82622.1232923146,1.03885737705057,48178.9657552834,1.52709203488754,63620.7062785991,0,3702.128486851,0.814470229425654,31459.1204858385,0.281879905635955,6958.75425942909,1.46674424550695,9959.44564969086,0,2868.63082238357,2
958093,-919,-137,-900,-1172,842,-484,-58,819,-135,2909,2823,425,727,1259,575,359,1190,165,131,1039,188,-258.5,939.5,212,116,1004.5,-9,154.81,1019.76,161.48,-213.51,952.35,180.05,115.82,1007.44,-14.57,172.518339370375,1026.40023915012,212.284161251375,-461.106020840424,948.06971198057,0,0,999.506075901001,0,415.83331997328,1066.07909650269,245.314043625717,350.791034663088,954.655995634029,247.443872423627,139.678201592088,1011.39246586081,54.0802181948261,150455.771616161,97590.0832323232,34447.6662626263,78250.3332323232,4441.96717171717,29101.4823232323,6157.30060606061,8059.96606060606,2739.78292929293,387.88628696586,312.394115233183,185.600825059121,279.732610241143,66.648084531494,170.591565803331,78.4684688652749,89.7773137301738,52.3429358107943,31.0433469336713,15.3053327351831,16.8671649113493,5.29339923509229,6.45507885436675,5.13924420507738,3.63875485309862,2.02181281643932,4.49537478553032,4.28100160579439,1.31984732621332,-3.38486558681693,0.440520804327294,1.35045113367869,-1.12214847567458,0.290256867417523,0.0725014106796694,0.499023813588984,121,1039,198,-290,925,212,145,942,-9,124.766666666667,1016.35555555556,187.9,-219.744444444444,947.822222222222,188.833333333333,113.6,1007.46666666667,-16.0777777777778,0.756088981253439,0.756088981253439,0.756088981253439,0.756088981253439,0.756088981253439,0.756088981253439,0.756088981253439,0.756088981253439,0.756088981253439,3828,2960,1325,1899,417,1059,417,371,300,471.9621513628,446.26569562135,436.724352794046,572.592857142857,393.81,475.152857142857,244531.450047834,99966.9967451149,10542.9693969829,586980.415714286,469564.667142857,448006.881428571,2.75050590102341,112124.256132117,2.12313057861833,80303.7361041883,1.54429560366064,38849.3023389977,0.980327408278873,84573.0257527019,0.845995608003898,4557.93044274229,0.677578052181457,33459.9067697761,0.483069529652535,7175.78855424004,0.98053292078963,9282.39104417987,0,3056.84506186109,2
959656,-1060,-764,-1168,-1654,768,-626,-58,733,-184,1626,2176,376,609,1268,535,300,1266,135,202,1034,163,-236,953,171,116,1009,-29,195.8,987.34,134.36,-172.73,963.57,161.84,117.49,1012.41,-22.34,207.348553871543,1022.23134976024,169.279172785146,-2846.13277709198,957.138431225608,207.091937722089,0,999.658569219183,0,357.260381234751,1039.78459307685,218.60791385492,341.421279360265,966.883069455661,245.922426793491,135.364212404904,1018.54928697633,64.0953976506894,90199.333333333,107385.58020202,30037.1822222222,87608.9263636363,6460.32838383838,34631.9741414141,4565.22212121212,12594.5877777778,3645.6004040404,300.332038472976,327.697391204172,173.312383349322,295.988051048748,80.3761680091704,186.096679555048,67.5664274711348,112.225611059944,60.3788075738533,14.3239806879414,18.9407448629766,35.0044246007885,8.83747520593621,5.46217443400034,6.23140391885201,3.7313105845559,2.82196766595677,3.80487241610355,-0.0197029633360011,-2.6078285792421,-4.98169594370741,-0.777296382344015,0.696179584013635,-1.30521564823239,-0.101477372003611,-0.100537232122501,0.416004072140454,191,1049,168,-263,944,171,145,1019,-19,199.488888888889,1007.43333333333,156.222222222222,-170.322222222222,961.533333333333,175.122222222222,117.944444444444,1013.61111111111,-23.5333333333333,0.73935351681318,0.73935351681318,0.73935351681318,0.73935351681318,0.73935351681318,0.73935351681318,0.73935351681318,0.73935351681318,0.73935351681318,2686,2940,1544,2263,500,1161,358,533,319,467.192339272637,447.885308905021,438.737756127463,564.642857142857,408.291428571429,474.668571428571,176904.443703878,107537.331247456,12842.0823875914,538532.742857143,476532.514285714,454231.86,6.8390887585866,70648.1876500346,3.86893475540024,103186.963314489,1.67989345968733,27988.2962207209,1.51308529438402,92192.4978281891,0.879655650203261,6737.79294976095,1.01671446409158,39651.2323029392,0.771396585883836,5035.75723583592,0.975643240322717,14697.0134417277,0,3738.31555821916,2
961218,171,960,99,-272,870,50,87,914,-67,272,1078,168,-36,1027,222,174,1085,9,212,1019,148,-181,962,156,116,1009,-29,211.14,1014.06,142.91,-176.19,962.46,155.43,122.01,1005.15,-28.45,209.701353251261,1013.6417450322,141.191382812805,-159.693075578321,962.018817016815,147.579130303435,119.921641547858,1004.47971980609,0,211.874302358733,1014.2679921993,143.726719854034,180.48182734004,962.676487715369,158.242756548286,123.060432308683,1005.48231709961,32.650727403842,313.75797979798,426.137777777778,236.466565656566,1546.23626262626,420.978181818182,891.19707070707,260.030202020202,674.916666666667,259.260101010101,17.7132148352009,20.6431048482969,15.3774694165381,39.3222108054247,20.5177528452358,29.8529239892355,16.1254519942916,25.9791583132839,16.101555856814,4.32293522831062,3.73671486039717,2.69462055064134,5.57858348565945,8.08439119656883,4.24792609647485,3.83326209720629,5.09098272881403,2.63873092115148,0.517777589295008,-0.208694671308003,-0.242858224564672,1.02019891657184,-0.728350737851858,-0.678732272374524,0.421320367909241,-0.216929989393477,-0.00573384617512073,212,1019,148,-181,953,151,116,1019,-38,210.766666666667,1014.46666666667,143.333333333333,-178.455555555556,962.666666666667,156.8,121.688888888889,1005.55555555556,-28.4888888888889,0.760167502961966,0.760167502961966,0.760167502961966,0.760167502961966,0.760167502961966,0.760167502961966,0.760167502961966,0.760167502961966,0.760167502961966,101,118,69,236,157,172,87,171,76,448.244032631174,425.158376420072,434.232616149601,586.332857142857,403.585714285714,470.875714285714,564.750021598234,2336.20603377636,761.003629178823,468980.421428571,421868.777142857,440230.555714286,0,295.316703495897,0,421.965067234429,0,213.090882195577,0,1754.04433609682,0,462.329947695838,0,913.76483148685,0,254.081192077009,0,730.052157148841,0,233.555102832255,2
962781,121,833,39,-381,925,10,9,876,-87,323,1098,188,154,1027,252,165,1114,67,222,1009,148,-163,972,141,121,1009,-29,221.12,1005.56,141.27,-155.84,969.65,142.56,115.41,1008.94,-28.32,216.98324309086,1004.19577415478,132.088573312734,0,969.15343754218,119.04511193788,93.4821752477969,1007.71488516043,0,223.1887990021,1006.18982304533,143.806780090509,172.994971025172,969.89956696557,147.894895111359,118.444628413449,1009.54691817666,36.5991803186902,928.470303030303,1279.84484848485,730.48191919192,5698.13575757578,488.936868686868,1565.19838383839,716.830202020203,1237.4307070707,542.906666666666,30.4708106723517,35.7749192659445,27.0274290155745,75.4859970959898,22.1119168930888,39.5625881842731,26.7736848793774,35.1771332980774,23.3003576510462,6.25647833130759,10.2103839106374,6.22959916696612,7.83566273654921,3.21601122054166,3.71826187705255,7.35416872090764,5.17001658263735,6.11550302127061,0.76021958685897,-1.9603122485826,-1.6166257967278,1.22265984445239,0.282049269996451,-0.0436615467198599,-1.73892944800248,-0.107088339120195,1.17698323250644,222,1019,158,-163,972,171,135,1009,-38,219.7,1008.5,143.8,-160.333333333333,969.233333333333,142.177777777778,117.933333333333,1008.91111111111,-29.6222222222222,0.735062694124958,0.735062694124958,0.735062694124958,0.735062694124958,0.735062694124958,0.735062694124958,0.735062694124958,0.735062694124958,0.735062694124958,202,265,149,535,102,242,156,238,154,445.775237548071,426.874363613597,435.670558894617,586.264285714286,409.872857142857,469.727142857143,2038.28957975222,6237.1868535489,1403.76724101978,464104.967142858,425359.427142857,443380.118571428,0,990.120670055239,0,1419.26542229158,0,713.68120389057,1.73199589765128,6750.23253897417,0,554.056731264587,0,1692.4788960724,0,738.639089303781,0,1425.85512367472,0,534.212305053607,2
964343,90,843,19,-327,870,-30,29,904,-87,414,1058,188,236,1037,262,174,1152,87,212,1009,148,-181,962,151,106,1009,-29,210.93,1009.64,151.01,-166.59,966.42,149.3,107.1,1010.52,-30.65,206.583229529445,1008.85404488137,140.479932313305,-182.919860132464,965.866224556621,182.38891862059,101.320925693261,1009.47247775746,0,213.242092467693,1009.99558414876,152.592168868524,178.869309832626,966.693250209186,154.124235602322,109.216756956064,1011.06024548491,38.5765472794028,990.631414141415,725.404444444445,485.201919191919,4284.8504040404,533.559191919192,1478.57575757576,462.515151515151,1103.18141414141,554.270202020203,31.4742976751097,26.9333333333333,22.0272994075969,65.4587687330002,23.0989002318117,38.4522529583868,21.5061654302935,33.2141748977965,23.5429437840769,22.5982663562543,20.6248072408542,14.4143044416119,19.3996556003209,5.98121375546921,10.6177903628773,4.70242316583813,8.77516012524727,8.49195675220196,2.69734416581693,-3.34166077876315,-2.24185286495282,3.19667651441173,-0.428482687871427,-1.4470881148832,-0.238777793228312,1.17485842180002,1.20724115714749,212,1019,148,-181,962,151,97,1000,-29,209.066666666667,1011.95555555556,152.333333333333,-172.4,966.522222222222,150.888888888889,107.633333333333,1009.1,-31.5888888888889,0.749892684113721,0.749892684113721,0.749892684113721,0.749892684113721,0.749892684113721,0.749892684113721,0.749892684113721,0.749892684113721,0.749892684113721,324,215,169,563,167,292,145,248,174,447.107390185837,426.411577389562,435.931115884177,587.82,406.77,465.844285714286,1543.19821405249,5569.53450916608,1271.47534586129,466648.988571429,424390.435714285,443853.972857143,0,919.874775724266,0,815.71111341522,0,451.924027899099,1.96486898648726,5097.09163564563,0,606.608983946398,0,1718.15508684857,0,488.212256055349,0,1285.52775396485,0,524.332372557562,2
965906,181,980,99,-209,935,70,67,961,-77,262,1039,188,-54,1000,212,155,1066,0,212,1009,148,-163,967,141,116,1009,-29,220.29,1008.18,149.81,-157.63,966.68,141.81,116.48,1007.54,-29.39,218.391005978623,1008.03959353634,147.64130870172,-149.680961867615,966.477689459282,137.459917587493,114.530448834223,1007.19495696754,0,221.259282291162,1008.24997892388,150.840213471077,160.310355248811,966.781267919481,143.818948682015,117.370439208516,1007.71414597593,33.5193973692845,432.30898989899,142.532929292929,312.862525252525,860.801111111111,197.775353535354,579.61,210.332929292929,354.493333333333,262.401919191919,20.7920415038781,11.938715562946,17.6879203201655,29.3394122489035,14.063262549471,24.0750908617185,14.5028593488639,18.8279933432465,16.1988246237781,2.07467683973867,3.11914663567191,3.01093911578929,4.61535836109113,2.95653312394247,4.08500667601815,3.66171103036025,4.03619079887555,2.78430106906352,0.335693007300073,-0.243911317841395,-0.142040444707626,1.10512257833958,0.108578661654503,0.148523468019055,-0.296653707703254,0.561117604580987,-0.374184214325751,202,1009,148,-172,972,151,126,1009,-38,219.711111111111,1008.47777777778,150,-159.722222222222,966.4,141.444444444444,116.755555555556,1006.85555555556,-28.8222222222222,0.76420450650862,0.76420450650862,0.76420450650862,0.76420450650862,0.76420450650862,0.76420450650862,0.76420450650862,0.76420450650862,0.76420450650862,81,59,89,155,65,142,88,105,77,447.059432192365,424.470235158823,434.964379445718,590.691428571429,407.511428571429,469.127142857143,580.793491536911,1311.18132388661,421.19543503641,466404.197142857,420449.708571429,441594.501428572,0,359.76361286176,0,139.120998217046,0,261.73625121859,0,907.223583295649,0,197.814313341171,0,580.425524334962,0,210.861699955849,0,402.740148933014,0,209.130310404879,2
967468,151,852,39,-390,916,-60,9,933,-97,414,1107,198,227,1027,222,174,1095,106,227,1009,138,-154,962,141,106,1000,-29,230.47,1003.98,132.34,-151,970.59,131.04,108.24,1010.08,-23.95,226.862484735052,1002.88321139839,124.206011746452,-152.805337868931,969.990834782555,134.983056230655,94.7943003008195,1008.9318519158,0,232.670131301807,1004.49359380735,135.147253024248,168.402850332172,970.892316377053,141.137379882156,110.76416387984,1010.66074426585,34.9927135272474,1029.26171717172,1041.95919191919,758.489292929293,5614.66666666667,592.870606060606,2776.03878787879,558.386262626263,1185.38747474748,657.462121212121,32.0821089888386,32.2793926820068,27.5406843220951,74.9310794441577,24.3489343927123,52.6881275799282,23.6301981080621,34.4294564979971,25.6410241841491,15.7781225808919,12.1185819918891,4.30809363732298,11.8683990971106,2.72109107080763,4.51225792621768,5.73960333741218,2.69977151903063,8.52690970174944,2.57222181861452,-1.70438523057386,-0.603932899067719,1.6533847124357,0.41071382543384,-1.09284374197238,-0.364042734508869,0.403502176822178,1.24200820104156,222,1009,128,-154,962,141,106,1000,-29,228.322222222222,1005.58888888889,133.322222222222,-155.177777777778,970.166666666667,134.266666666667,108.244444444444,1009.44444444444,-24.8888888888889,0.741482739931274,0.741482739931274,0.741482739931274,0.741482739931274,0.741482739931274,0.741482739931274,0.741482739931274,0.741482739931274,0.741482739931274,263,255,159,617,111,282,165,162,203,445.519421149238,426.527339670523,435.755217526866,585.767142857143,407.412857142857,469.015714285714,1949.05304597823,7911.15777171579,1308.77350986182,463460.378571428,424676.215714286,443540.712857143,0,986.059922364394,0,1210.36045708477,0,744.591608177705,0.915662276447403,6649.0758392196,0,679.43083613441,0,3183.30301518066,0,644.996732058722,0,1380.31768904435,0,606.501371859157,2
969031,-272,470,-356,-1063,814,-282,-67,809,-165,636,1666,356,745,1296,353,388,1314,77,232,1009,158,-163,962,171,140,1000,-48,240.09,1002.72,140.25,-143.88,970.04,153.77,137.96,1006.85,-49.46,233.243517549563,977.636604315209,140.401822452715,-179.173742552825,966.065286747579,217.226929730058,0,999.511074298168,0,257.073822082296,1012.49488887599,160.045149879651,281.942831084601,972.215181942763,192.327715111473,153.981037793619,1010.69442958789,63.799216296127,8529.03222222222,19897.4763636364,6004.43181818182,59384.1470707071,4267.43272727273,13479.5324242424,4724.44282828283,7834.65404040403,1640.45292929293,92.3527596892601,141.058414721123,77.4882689068598,243.688627290457,65.3255901410215,116.101388554325,68.7345824769659,88.5135811071049,40.5025052224295,15.8871948255037,11.4997028833084,21.0936294167394,7.76322404622031,10.0797109707963,6.38017356262359,5.15059343710205,5.19851775972334,4.09437243537978,-0.133019863072384,-0.178791961430621,-2.97358173907989,0.374196765299153,1.78623280774327,-1.56786716395776,0.154683196015758,0.852687496940976,0.0708724788351219,222,1009,158,-154,962,161,126,990,-48,235.711111111111,1007.65555555556,145.744444444444,-150.677777777778,965.322222222222,163.322222222222,138.288888888889,1001.74444444444,-49.5555555555556,0.758133450749372,0.758133450749372,0.758133450749372,0.758133450749372,0.758133450749372,0.758133450749372,0.758133450749372,0.758133450749372,0.758133450749372,908,1196,712,1808,482,635,455,505,242,450.136545421993,439.238254148055,437.361754568718,592.74,419.97,469.435714285714,27410.3125338572,66903.2197297695,7935.347725701,478648.842857143,455007.458571428,449693.027142857,2.28826660547689,9035.45850295889,1.79851820060085,23127.409019415,2.49069843036924,5457.6530810684,2.6016255401292,71185.6386335577,0.615549645750461,4753.27732844821,0.440159414765298,15924.528112684,1.97621106525234,5437.75533882376,0.551497291455168,9031.80885656568,0,1510.94117592864,2
970593,-292,539,-633,-854,870,-141,-9,857,-223,2828,2156,415,490,1138,484,252,1152,145,212,1019,163,-185.5,962,181,126,1000,-38,233.16,1006.34,148.52,-155.27,963.41,164.47,124.66,1003.54,-37.71,225.757573381889,983.953719635506,0,0,961.434728292028,0,0,998.950006191369,0,363.710214319037,1018.84683834225,187.577024179402,237.741435176959,964.427151214647,192.553499059352,136.326299737065,1005.83312731288,59.8529030206556,78708.6206060606,25584.5296969697,13259.5450505051,32739.6132323233,1980.70898989899,10127.7465656566,3075.4993939394,4654.29131313131,2182.14737373737,280.550566932346,159.951647997042,115.150097917913,180.940910886188,44.5051568910726,100.636705856544,55.4571852327487,68.2223666632235,46.7134603057553,74.9827321468801,29.1087318231041,29.6065648296467,6.29342678707932,4.97607559742114,4.41028739772346,2.77206998688341,2.63550572397488,7.14138614920102,7.88311170294181,3.05870522940509,-4.36704909949881,0.557934314204342,0.807838195512183,-0.784590065872333,-0.241284622741232,0.116151603817763,0.115064738841747,202,1029,168,-172,944,171,116,1019,-29,213.722222222222,1005.77777777778,159.522222222222,-162.922222222222,961.555555555556,169.522222222222,125.6,1003.46666666667,-38.2222222222222,0.743601226993446,0.743601226993446,0.743601226993446,0.743601226993446,0.743601226993446,0.743601226993446,0.743601226993446,0.743601226993446,0.743601226993446,3120,1617,1048,1344,268,625,261,295,368,456.146056636892,432.699320590761,434.881954030362,594.865714285714,416.832857142857,467.352857142857,101320.606204902,39957.1084344053,5969.46471605807,516651.06,438736.101428571,443086.075714286,3.42855970356225,65625.5410589342,2.81664893408373,20816.2975123188,2.1067424549585,15289.2700575338,1.40612240512413,36074.1074335428,0,2098.55886189374,0.512249560106847,11693.3236874151,0,3332.45542827409,0.613381350636179,5379.0855239003,0,2015.06319781962,2
972156,-424,0,-544,-1100,824,-404,-97,838,-126,3242,2715,366,881,1212,787,233,1228,116,212,1019,128,-176.5,967,166,126,1009,-29,227.04,1000.79,126.17,-158.09,967.67,157.79,112.76,1006.46,-26.19,240.085792723363,0,126.39808544328,0,962.497005697564,0,0,999.391555798631,0,401.195887316907,1035.24771431769,163.954841343585,279.933795744637,970.319911163323,240.0241862813,127.238123217847,1010.03876163244,50.7912394020859,110516.13979798,70865.8645454545,11073.0516161616,53909.5776767677,5187.37484848485,33044.3695959596,3509.82060606061,7289.46303030303,1912.96353535353,332.43967843502,266.206432201505,105.228568441092,232.184361395783,72.0234326346978,181.781103517279,59.2437389608438,85.3783522346445,43.7374386007404,69.4226867272363,22.5264024925372,21.0444674570315,9.97820764931708,3.29653415237521,4.67365078649217,5.04760945542045,2.45574243805058,3.52918582666483,7.35315955795985,1.39219726621458,-3.25093029932409,1.03689011726779,0.491747832672818,-0.282750797876848,-1.2787972673547,0.282709139196207,0.331436379050467,181,1039,99,-172,898,90,135,952,-29,214.777777777778,1009.84444444444,133.611111111111,-171.122222222222,965.466666666667,163.644444444444,116.977777777778,1004.16666666667,-27.1555555555556,0.760167502961966,0.760167502961966,0.760167502961966,0.760167502961966,0.760167502961966,0.760167502961966,0.760167502961966,0.760167502961966,0.760167502961966,3666,2715,910,1981,388,1191,330,390,242,455.22383314975,442.698828299106,435.406621561931,580.285714285714,414.587142857143,468.441428571429,162737.532416397,78606.6866936921,7892.10192141175,539818.782857142,461783.687142857,445263.252857143,3.20997039058775,90851.1279543749,3.72714596982018,64979.4927618611,0.559730659514488,12039.196580434,2.03998719230599,60965.5767370997,0.573824824774028,5321.84931128797,0.433085086162719,37722.791376663,0,3687.84315990778,0.605979856729014,8476.93238130897,0,2002.82052167695,2
973718,-1666,-68,-693,-1027,842,-282,-48,809,-126,4010,2803,376,427,1370,595,271,1323,97,212,1029,158,-204.5,953,191,116,1004.5,-9,233.61,1003.09,137.67,-163.89,963.48,172.32,113.23,1013.92,-10.9,234.783852693567,1143.70989793152,153.030776432606,0,958.344840650002,0,0,1006.2610043204,0,494.326400266059,1034.90997192993,174.108156041008,280.323259826936,966.434757239204,222.853943200474,130.362839797237,1017.96782856827,41.8107641642676,191701.977676768,65504.1433333333,11475.3748484848,52243.6342424242,5760.0298989899,20171.4117171717,4215.59303030303,8307.81171717172,1645.78787878788,437.837844043623,255.937772384877,107.123176056747,228.568664174301,75.8948608206768,142.026095197931,64.9275983715941,91.1471980763628,40.568311263693,60.1286407231975,29.1281723418557,38.3908915161621,5.4638759929135,11.3737816538525,3.78831393846471,3.18995096793991,4.17376841792589,3.57281077555091,5.65701033275468,2.51590758562177,-5.00702569906197,-0.0121836958241908,2.28871456182134,-0.518002427757278,-0.505618052982328,0.868589013188866,-0.152682526061371,212,1019,168,-236,944,222,116,952,-29,217.588888888889,1004.45555555556,148.911111111111,-164.822222222222,955.977777777778,177.788888888889,114.811111111111,1009.27777777778,-10.2666666666667,0.721928094887362,0.721928094887362,0.721928094887362,0.721928094887362,0.721928094887362,0.721928094887362,0.721928094887362,0.721928094887362,0.721928094887362,5676,2871,1069,1454,528,877,319,514,223,465.078330857658,439.579116737798,438.457566188377,589.015714285714,416.532857142857,478.392857142857,241768.039738096,63243.1418891592,8433.59666658027,576733.238571428,455246.207142857,452143.332857143,10.4765706022697,108923.034188605,2.36126355848784,42814.0035064501,1.90949333692295,12157.5090773369,1.03380084754944,55082.5287631415,0.736030810915578,6248.05035751276,0.341585839510648,21598.6946471109,0.71447996098224,4759.95947543076,0.552431140333134,9745.32616366086,0,1594.33180350714,2
975281,161,862,49,-381,870,30,29,866,-97,353,1078,207,127,1055,323,203,1161,67,222,1009,138,-158.5,962,151,106,1009,-19,225.48,1005.41,139.02,-155.59,966.61,157.16,102.92,1008.56,-21.27,221.795273444765,1004.26847357835,132.992423987962,-269.527048539086,965.645680248217,131.385645025679,91.4118577865336,1006.53771332552,0,227.427131187112,1005.9510176942,141.412163550382,174.296901865753,967.091924276074,166.708608056093,107.79953617711,1009.56533220986,33.8492245110579,890.777373737374,1099.17363636364,677.615757575757,6233.49686868686,941.311010101009,3123.73171717172,1038.5995959596,2049.3802020202,700.360707070707,29.8458937500182,33.1537876624019,26.0310537162013,78.952497545593,30.680792201327,55.8903544198077,32.2273113361881,45.270080649588,26.4643289556094,6.36151139660337,7.06176419852697,4.84625561778369,5.89150496661963,4.19026863937405,3.6377319833798,5.02305917466976,5.05237544432191,3.60943474710572,0.969744543284276,-1.44394762237638,-0.0927481106202656,0.581549984199637,0.0941073247728868,0.440490979311947,0.699072177780551,0.066883961730838,0.123337768656974,222,1019,128,-218,981,131,106,990,-9,224.111111111111,1007.68888888889,138.888888888889,-157.655555555556,966.244444444444,155.811111111111,101.466666666667,1008.42222222222,-21.4777777777778,0.721928094887362,0.721928094887362,0.721928094887362,0.721928094887362,0.721928094887362,0.721928094887362,0.721928094887362,0.721928094887362,0.721928094887362,192,216,158,508,185,293,174,295,164,445.960041510183,427.089420590584,434.965065653981,587.104285714286,414.934285714286,467.232857142857,1772.68347144393,9017.88034398284,2274.72352508329,464424.835714286,425759.125714286,442280.858571428,0,820.680496725306,0,1236.14672777279,0,713.827265606559,1.11428524925263,7301.15379505047,0,1083.36355783696,0,3551.57066897912,0,1208.74253914201,0,2392.90730184975,0,592.672288234514,2
976843,-676,-49,-1039,-1072,805,-656,-145,685,-233,3272,2294,940,1218,1212,515,349,1342,165,202,1039,178,-213.5,962,191,126,1009,-9,283.06,1013.49,108.11,-140.32,972.91,144.77,117.76,1007.67,-16.99,149.744418452715,1763.81776396509,309.81993862589,-450.545114619704,966.509115688699,0,0,996.306005978142,0,639.348387031671,1071.88909407643,321.521834406312,411.379897418432,976.242813033725,274.351581005104,157.023628795159,1013.26784711645,71.9253084803951,331963.026666667,123014.393838384,92614.6645454546,151054.26020202,6561.77969696969,54859.0273737373,10897.9822222222,11427.1728282828,4933.92919191919,576.16232666382,350.734078524434,304.326575483402,388.656995565525,81.0048128012755,234.22004050409,104.393401238882,106.897955210953,70.2419332871696,16.7451952015792,6.74760286687856,8.42466561907119,4.27771866774222,3.48604821147396,4.39023216666856,2.7503276542593,4.29467715671782,3.47721301016695,3.16307590787549,0.00683873941770459,-1.93307053336427,0.547423383276274,0.684365082696438,-1.11683906076889,-0.175772886222293,0.242925555925427,-0.142910564829344,191,1029,178,-190,981,191,58,1009,0,218.433333333333,1017.18888888889,136.955555555556,-149.144444444444,969.866666666667,161.177777777778,118.333333333333,1005.82222222222,-17.0444444444444,0.772155143580481,0.772155143580481,0.772155143580481,0.772155143580481,0.772155143580481,0.772155143580481,0.772155143580481,0.772155143580481,0.772155143580481,3948,2343,1979,2290,407,1171,494,657,398,506.474591171283,464.852476994418,438.190393440027,601.997142857143,418.868571428571,475.045714285714,417714.945772964,181501.460171552,12987.9024185877,711895.234285715,513236.674285714,452803.457142857,2.58105502628608,361226.916104422,1.04836879291625,137873.439061258,0.897982402553664,105147.838551924,0.890752760242493,176056.136046009,1.01763913271211,6668.2867496692,0.563982418550099,63590.6283103338,0.14204777297478,12591.65305983,1.57485367356978,13260.6286820769,1.37758409487347,5191.00191752378,2
978406,-585,245,-762,-809,851,-393,-145,819,-135,2696,2107,336,790,1194,494,359,1200,126,232,1049,128,-231.5,953,222,150,990,-29,286.44,1022.41,91.93,-152.48,968.92,170.93,127.59,1006.08,-27.73,229.245827790579,931.336053184328,0,-2230.26334517431,964.346997644905,0,0,998.511033564565,0,416.304792189569,1054.7117757947,157.600856596657,336.189440643218,971.373048833454,262.093361228399,163.843492394419,1009.93275023637,60.3487365236423,92183.6428282828,67772.4463636364,16552.4293939394,90679.9894949495,4807.7107070707,39874.6112121212,10672.2039393939,7845.6501010101,2902.03747474747,303.617593080972,260.331416397707,128.656245063889,301.131183199199,69.3376572078312,199.686281982817,103.306359627053,88.5756744315848,53.8705622278761,42.1584553037484,5.97705981925691,21.3138199207793,3.56734327971712,4.38517091983348,3.18655717133875,3.30666746504504,2.25755278505576,3.85834099905954,5.16643834007846,0.125690547216051,-3.40168894965141,0.904470510057227,1.1769012746568,-0.936983251257967,-0.547767557236857,0.329893363806078,0.594909572420864,222,1049,148,-245,962,323,165,933,-58,256.355555555556,1022.23333333333,105.355555555556,-167.7,963.877777777778,183.644444444444,130.866666666667,1004.46666666667,-30.0777777777778,0.762191175739667,0.762191175739667,0.762191175739667,0.762191175739667,0.762191175739667,0.762191175739667,0.762191175739667,0.762191175739667,0.762191175739667,3281,1862,1098,1599,343,887,504,381,261,472.155257519495,452.609682316905,437.570611479658,600.334285714286,423.158571428571,473.974285714286,107706.182325512,119238.700290327,11286.118357052,561670.56,482263.658571428,450193.208571429,1.5454445630109,86813.2801442042,0.574093575851184,72218.4357118614,1.10232558647952,16345.5988383586,0.476051683460419,105726.192265162,0.784247104079931,5037.00795203388,0.23294522857588,46771.0197941805,0.433405461732691,12719.3070055246,0.738446254631269,9161.10088536076,0,2839.84706590214,2
979968,-151,382,-475,-509,861,-393,-67,857,-135,898,1519,831,527,1166,525,330,1171,184,232,1039,108,-204.5,967,191,150,1000,-19,263.94,991.3,88.93,-119.39,972.48,148.68,160.56,1003.57,-14.1,301.441361443132,945.710341192715,0,0,969.127162480439,0,90.3069054837277,997.993871271432,0,299.206216512959,1008.47183401422,217.272064472173,270.777934846989,974.217953026939,248.468267591658,184.476448361302,1006.35949342171,56.2209925205879,20060.6428282828,34686.6161616162,39695.5607070707,59663.3514141414,3417.44404040404,40031.0480808081,8335.4004040404,5663.31828282828,2991.90909090909,141.635598732391,186.243432532844,199.237448054001,244.260826605785,58.4589089908804,200.077605145624,91.2984140280673,75.2550216452582,54.698346327006,7.30665501096111,4.07026997837788,6.4926399298556,2.57650395723173,3.62234708092863,2.74871492672179,2.68367349565465,2.08935873783472,4.02787914105995,1.34165998766364,-0.695996690565107,0.401928253773294,0.721785031144992,0.746435509794839,-0.532653733336543,-0.209775557137365,0.105293049262286,0.4918026652494,222,1049,158,-263,944,282,145,923,0,254.255555555556,999.655555555556,83.9555555555555,-131.333333333333,969.255555555556,155.666666666667,163.1,1002.75555555556,-15.6666666666667,0.73935351681318,0.73935351681318,0.73935351681318,0.73935351681318,0.73935351681318,0.73935351681318,0.73935351681318,0.73935351681318,0.73935351681318,1049,1137,1306,1036,305,918,397,314,319,455.426931555462,445.48555719854,438.002791817699,576.072857142857,429.33,492.87,47454.8961920542,93021.1936622655,9733.57318378708,494462.978571429,464639.052857143,449979.338571429,0.707730949602651,20781.8141668124,0.16899610687504,39943.0134093653,0.640182810772953,45077.7399746472,0.166510498174093,70770.2699344794,0,3771.91337217287,0.0765690720437141,46948.0492154527,0.0750026633881867,9822.26398235869,0.179583116929459,6632.37215671859,0,3145.44910476152,2
981531,-1171,313,-1316,-745,824,-505,-48,809,-165,3010,2196,326,418,1240,424,271,1247,126,232,1039,99,-172,972,161,130.5,1009,-14,258.83,994,72.32,-135.14,969.38,131.36,125.52,1004.91,-17.29,304.840605794573,905.69077196021,97.7945444542743,-588.631225923502,964.056486007603,350.839218938748,0,998.912836553389,0,481.351794428981,1027.83450029662,187.595095884727,273.655878796711,972.159174209656,220.254670779078,149.671774226138,1007.91130066093,49.213514404074,166370.283939394,69098.7474747475,30264.3814141414,57196.6872727273,5450.3793939394,31572.3943434344,6713.50464646465,6102.10292929293,2144.47060606061,407.885135717636,262.866406135793,173.966610055325,239.158289157468,73.8266848364424,177.686224405367,81.9359789498158,78.115958224251,46.3084291037885,25.071718625409,7.41293234792848,42.4718929863317,2.77568360226123,5.18657256447286,3.88448401279468,2.12275872011686,3.85967180086487,5.00479037776059,3.00707838831641,0.449808802307144,-5.45547803826044,0.407229882732046,0.850504090955309,-0.858014435949701,-0.311977908969747,0.238917354527927,-0.34952890395451,191,1039,108,-263,972,131,126,1019,0,239.2,992.622222222222,91.3555555555556,-139.555555555556,966.311111111111,140.688888888889,127.177777777778,1003.28888888889,-16.2888888888889,0.758133450749372,0.758133450749372,0.758133450749372,0.758133450749372,0.758133450749372,0.758133450749372,0.758133450749372,0.758133450749372,0.758133450749372,4181,1883,1642,1163,416,929,319,438,291,465.91613437211,441.027462093892,436.013702758349,567.921428571429,413.828571428571,477.06,214058.682125356,81654.4026086786,8379.30236772948,567143.67,457925.622857143,446018.057142857,3.44190730186774,165096.842488478,0.495281175040142,76704.9172504035,1.32768373744803,33217.1310213887,0.382482917629171,65540.6231162123,0.662576626128797,6193.16585502025,0.339311047255969,36758.9874332706,0.103930011150381,7940.41586258595,0.583655441034137,7219.1921656194,0,2410.18843479017,1
983093,-585,-19,-1435,-809,824,-848,-77,733,-184,2535,2352,524,918,1268,404,291,1285,145,186,1039,138,-227,953,217,126,1000,-19,215.93,1004.59,104.82,-179.7,966,154.01,122.1,1006.15,-16.96,224.588139159703,1977.33512028762,0,-199.320664656322,961.296402520399,186.697420827373,0,997.157760351022,0,391.979986734017,1035.69393645034,248.405877547211,340.835532185246,968.56660070436,253.327594233238,151.886734114603,1010.59954977231,59.3172824731545,108103.580909091,64101.8807070707,51230.5531313131,84724.0101010101,5015.41414141414,40864.4342424242,8243.60606060606,9064.2702020202,3263.53373737374,328.791090069501,253.183492169357,226.341673430487,291.073891135928,70.819588684305,202.149534361136,90.7943063226217,95.2064609258227,57.1273466684191,27.6506992163573,12.0709048427905,26.3990024836729,4.27292818452314,6.39439067672661,8.76812915130338,2.20727936889919,3.83776377222739,4.02112227446921,3.48495938583343,0.407122498041691,-3.94187901035107,0.750309184528014,1.48653485793657,-1.99948953662017,-0.301647116876419,0.188496036449168,0.0729147646913631,181,1019,178,-227,972,282,126,961,-38,201.2,1008.21111111111,123.722222222222,-187.344444444444,960.311111111111,174.5,123.988888888889,1005.52222222222,-17.2111111111111,0.758133450749372,0.758133450749372,0.758133450749372,0.758133450749372,0.758133450749372,0.758133450749372,0.758133450749372,0.758133450749372,0.758133450749372,3120,2371,1959,1727,444,1252,368,552,329,465.8989892106,450.504183458332,436.83622301277,568.002857142857,402.99,476.267142857143,160098.815715034,113683.290660173,9521.44389669564,552006.737142857,479342.138571428,449099.815714286,1.93740697462687,116890.470679127,1.13019506425854,68530.4430773841,1.25713864929678,54178.3763265229,0.831117024622955,99943.4904793331,0.424812896652563,5086.17815736045,0.450152787116423,48659.4305585791,0.383916623688745,9668.83845711338,1.15544289004919,10527.003802519,0,3592.67289261537,1
984656,-40,862,-79,-781,833,20,67,771,-145,343,1421,287,163,1157,282,368,1171,38,232,1009,108,-154,972,141,126,1009,-29,231.04,1013.63,108.61,-158.57,972.05,142.37,130.53,1008.5,-26.37,247.527037125661,1010.87054960933,104.535388992756,0,970.762669691805,122.629421984451,123.125826754471,1005.80400258417,0,234.245811061799,1015.27526809235,114.221145152726,193.18413495937,972.706497356731,149.884789088153,136.076632821363,1009.76409126092,39.4774619244956,1506.68525252525,3371.81121212121,1262.96757575757,12298.6516161616,1289.62373737374,2218.41727272727,1493.70616161616,2577.0404040404,871.811212121212,38.8160437515888,58.0672989910949,35.5382551028828,110.899285913668,35.9113316012333,47.1000772051095,38.6484949463257,50.7645585427511,29.526449365293,26.05336620901,28.1818250764272,15.9445815411321,18.9123905987205,10.7425695340146,3.19437374873952,19.8989965928659,8.32234976853998,5.18124397495746,-2.95174604869119,3.98302502628837,-0.123047671721765,-2.79054126423404,0.87221241085161,0.411776492559588,3.34944734016859,-0.872570358452138,-0.782898105825841,242,1000,99,-118,953,131,116,1009,-29,231.744444444444,1008.03333333333,109.066666666667,-152.566666666667,971.366666666667,141.188888888889,126.655555555556,1009.81111111111,-25.5222222222222,0.745709019464098,0.745709019464098,0.745709019464098,0.745709019464098,0.745709019464098,0.745709019464098,0.745709019464098,0.745709019464098,0.745709019464098,383,559,366,944,324,262,301,400,183,448.609300381037,429.212061005199,436.444820718037,579.977142857143,409.65,476.854285714286,4360.50029917641,12895.3855514748,2581.53794444093,470872.045714286,431118.638571429,445585.217142857,0,1403.35237813349,0,3770.95310458948,0,1274.36695942646,1.71090384563483,13404.8803512925,0,1379.45573479475,0,2485.28177279197,0,1686.60155330078,0,2917.04717938105,0,930.303818107574,1
986218,181,960,59,-236,925,50,67,971,-48,282,1058,138,0,1009,202,145,1066,9,222,1009,99,-163,962,131,106,1004.5,-19,223.65,1012.28,97.98,-161.34,967.71,131.62,109.63,1006.92,-14.58,222.262529185937,1011.89973188608,94.9164334082456,0,967.504160030435,123.659534666569,106.930010865162,1006.56969059833,0,224.354741425271,1012.47057241186,99.3894360583659,165.295069496945,967.813055295288,134.801928769584,110.813040748822,1007.0971651236,20.4465155955728,318.916666666667,389.759191919192,280.989494949495,1304.91353535354,201.480707070707,856.298585858586,263.427373737373,360.417777777778,207.559191919192,17.8582380616529,19.742319821115,16.7627412719249,36.1235869668771,14.1943899858609,29.2625799590294,16.2304458884337,18.9846721798871,14.4069147258944,3.98207601113459,2.95866029512191,2.56908313088237,6.60074659664854,4.87215221165594,3.37765180792385,3.14089643563017,3.63015929574958,2.32456401416487,0.435022176590002,0.161487589472562,-0.154823047953114,1.16694784321393,0.150086618700449,-0.186820247613718,-0.475841181429678,0.657361025003182,-0.281802945881664,212,1000,108,-172,962,121,106,1000,-19,223.222222222222,1012.27777777778,98.0333333333333,-162.855555555556,967.677777777778,131.944444444444,110.255555555556,1006.05555555556,-14.2555555555556,0.749892684113721,0.749892684113721,0.749892684113721,0.749892684113721,0.749892684113721,0.749892684113721,0.749892684113721,0.749892684113721,0.749892684113721,101,98,79,236,84,152,78,95,57,446.409785746938,424.695690106407,434.234330545912,571.675714285714,401.995714285714,472.272857142857,524.183808550088,1899.1613374733,421.604960185502,465132.844285714,420924.055714285,440118.124285714,0,291.88320822409,0,426.236145360295,0,255.247336277227,0,1516.01155933515,0,205.264533190948,0,956.888504950874,0,279.463562039453,0,397.871638721426,0,202.936358816334,1
987781,141,960,-89,-272,925,0,48,942,-58,282,1068,168,-36,1018,232,145,1076,38,212,1019,99,-154,972,131,97,1014,-9,209.08,1012.92,93.24,-161.53,969.65,125.63,101.91,1011.32,-5.86,204.341385368573,1012.44825919292,0,-143.395173767381,969.170860097168,0,94.8140052151806,1010.43786843394,0,211.297515366367,1013.15454892134,103.479949748732,168.210195885981,969.888524522277,135.615670186008,105.187023914549,1011.75765873059,19.3101009836821,941.609696969697,480.013737373737,2034.7498989899,2224.97888888889,467.300505050505,2635.06373737374,685.517070707071,894.361212121212,341.96,30.6856594677334,21.9092158091917,45.1082021254439,47.169681882422,21.6171345245041,51.3328718987525,26.1823809212812,29.9058725356946,18.4921605011421,2.76512080263456,2.83647581446539,6.72090803988232,3.25097493843417,2.44979675676489,2.50803834963314,2.15257084738599,2.8374146612952,3.14762130439336,-0.150799966047942,-0.216473443702719,-1.49547935148392,-0.187050053230795,-0.159688454702682,-0.127977763428205,0.114524832333405,-0.202162044140497,0.0685395441780265,212,1019,99,-154,972,101,87,1019,9,209.255555555556,1013.22222222222,97.1,-161.366666666667,969.733333333333,126.144444444444,102.177777777778,1011.68888888889,-5.97777777777778,0.712949649963254,0.712949649963254,0.712949649963254,0.712949649963254,0.712949649963254,0.712949649963254,0.712949649963254,0.712949649963254,0.712949649963254,141,108,257,236,93,232,97,134,96,445.678833701135,425.818751372439,435.841489926157,563.674285714286,400.178571428571,474.587142857143,2279.76707760465,4376.99166304404,918.595485745946,463644.377142857,423158.584285715,443610.321428571,0,755.673459230301,0,465.209771967107,0,1896.72236850989,0,2217.02877028283,0,485.278340018262,0,2661.94809267426,0,691.56261000332,0,1012.18398495744,0,321.686118706763,1
989343,131,823,-79,-281,925,-20,-9,952,-155,444,1137,386,200,1037,242,184,1095,97,212,1019,99,-163,972,121,126,1009,-19,222.23,1010.5,100.27,-149.44,974.68,115.51,116.05,1007.77,-18.08,213.18442956468,1008.31739733939,0,-188.193712768023,973.995854810901,0,0,1006.71716106587,0,227.793963923542,1011.50100345971,113.887444435284,168.141785407435,975.025609920068,127.809193722517,121.085383098044,1008.30192402871,35.8672552615892,2529.20919191919,2044.47474747475,2945.73444444444,5999.3397979798,680.64404040404,3022.85848484849,1206.12878787879,1083.2293939394,969.266262626263,50.2912436903204,45.2158683149483,54.2746206292079,77.4554052211968,26.0891556092573,54.9805282336254,34.7293649219042,32.9124504396041,31.1330413327427,9.39082025598235,8.35559419418095,12.399388866051,9.87072071226411,2.74003873667472,2.71830213095983,4.52568504670085,2.94867105391723,7.59519677525072,1.95100990406423,-1.63722924275888,1.43987912708452,2.12328399458124,0.436041213365608,-0.390238670399287,-0.959649426352589,0.387346692796615,-0.119801450685818,222,1019,89,-181,972,111,126,1009,-19,218.011111111111,1014.13333333333,98.9,-157.166666666667,973.977777777778,117.022222222222,118.066666666667,1006.55555555556,-18.0666666666667,0.732901009176448,0.732901009176448,0.732901009176448,0.732901009176448,0.732901009176448,0.732901009176448,0.732901009176448,0.732901009176448,0.732901009176448,313,314,465,481,112,262,193,143,252,446.724162225123,427.471438437294,435.285831190505,571.285714285714,403.178571428571,473.888571428571,3896.23308772463,8062.43052811738,1545.53665854609,466283.451428571,426549.338571428,442551.814285714,0,2782.5966725764,0,2313.6019413225,0,3299.36261116798,0.212336277512042,7059.69787500567,0,767.369109955981,0,3459.78330274549,0,1293.50877151625,0,1215.92873496925,0,964.568805581209,1
990906,202,931,29,-209,935,0,97,942,-48,313,1078,128,9,1009,212,145,1076,9,262,1004.5,59,-109,981,101,126,1009,-19,261.45,1003.41,61.05,-113.02,980.34,99.9,128.33,1009.65,-21.94,259.762887221608,1003.0238109843,55.3118632179204,0,980.21442172795,0,127.125479171652,1009.36743667161,0,262.252645363207,1003.60129035389,64.0667620533456,117.364049009908,980.402233779585,103.926993606089,128.895500309359,1009.79029010978,25.8982624899818,424.593434343433,387.799898989899,381.2601010101,1010.90868686868,123.25696969697,829.101010101011,146.930404040404,286.169191919192,191.269090909091,20.6056651031563,19.6926356537133,19.5258828484169,31.7947902472824,11.1021155505142,28.7941141572546,12.1214852241961,16.9165360496525,13.83000690199,4.51750985593399,6.89018297160188,4.14805223433093,6.9075256257422,5.21695145564159,7.1997257190879,2.5288280541993,6.71476639228075,2.39876251161636,-0.327021342380146,-0.361543303538012,0.927462634949004,0.47186202662824,-0.740170506208812,0.0340322787110791,-0.502342284791549,-0.323534727678653,0.113934321159013,262,1009,59,-109,981,101,135,1009,-19,261.777777777778,1003.94444444444,60,-113.711111111111,980.666666666667,99.9333333333333,128.744444444444,1010.13333333333,-21.9111111111111,0.762191175739667,0.762191175739667,0.762191175739667,0.762191175739667,0.762191175739667,0.762191175739667,0.762191175739667,0.762191175739667,0.762191175739667,111,147,99,218,74,212,48,134,57,445.342055287825,425.493943362431,436.364195962631,568.247142857143,414.522857142857,478.302857142857,772.466130719792,1674.15632276049,321.852765558902,462898.521428572,422470.148571429,444411.942857143,0,384.483842486759,0,399.050532998702,0,344.908862903131,0,1156.84082640333,0,115.708108180629,0,936.047911268984,0,138.375291689866,0,296.956290009998,0,164.031341754635,2
992468,202,794,-138,-290,944,-50,38,980,-67,444,1127,79,190,1037,232,165,1076,9,252,1009,34,-127,981,101,126,1000,-19,263.99,1002.32,27.93,-119.78,978.74,100.44,127.12,1006.71,-23.16,260.227931412386,999.166645882778,0,-106.430129102537,978.529366152844,0,119.598439799813,1006.37828862398,0,266.457670184215,1003.70612232864,47.0974521603876,136.639598945547,978.846126824845,109.07107774291,128.811878334259,1006.87910396432,27.0233232597325,1322.19181818182,2808.68444444444,1452.61121212121,4366.7995959596,209.850909090909,1826.57212121212,437.379393939394,343.945353535353,195.832727272727,36.3619556429769,52.9970229771866,38.1131370018425,66.0817644737154,14.4862317077599,42.7384150526446,20.9136174283502,18.5457637625241,13.9940246988751,14.3306131161693,9.15496673112281,8.67098366266389,11.3218095348975,6.05663536217194,6.60077758784313,11.451690267854,4.99686047801273,3.0480479142114,2.90440303774806,-2.08346077446774,-1.88547725072785,1.95392432577066,0.593970920319231,-0.566355863039702,-2.62891226668499,1.12219503425035,-0.203696804605526,252,1019,49,-127,981,111,126,1000,-19,259.688888888889,1007.85555555556,31.5666666666667,-124.611111111111,978.377777777778,101.511111111111,129.977777777778,1005.31111111111,-23.0555555555556,0.800539692451618,0.800539692451618,0.800539692451618,0.800539692451618,0.800539692451618,0.800539692451618,0.800539692451618,0.800539692451618,0.800539692451618,242,333,217,480,93,282,127,96,76,445.182095014643,426.084433087282,435.124307852237,554.674285714286,411.171428571429,476.001428571429,4460.06156797025,5842.65361307173,581.111977485453,463133.074285714,423731.408571429,441912.124285715,0,1460.7620316531,0,3250.54279359873,0,1314.3830124329,0.124710764344279,5221.52031105763,0,223.394452209029,0,2105.58818286252,0,492.175296228164,0,371.327635620067,0,170.120120946635,2
994031,212,843,-89,-236,916,0,38,961,-67,383,1088,69,172,1018,202,174,1057,9,277,1000,19,-109,981,101,145,1009,-38,278.35,997.34,19.92,-107.27,979.67,97.38,137.25,1005.49,-33.08,276.552084491303,995.702888688535,0,0,979.432806329764,0,130.861551999941,1005.25527462225,0,279.300823486076,998.106036451038,31.3894886865014,122.40118463479,979.78653287336,104.127806084638,139.157213251775,1005.60804988823,36.9017614755719,535.583333333334,1544.02464646465,594.43797979798,3510.3001010101,230.647575757576,1373.4703030303,532.492424242424,239.80797979798,270.155151515151,23.1426734266665,39.2940790255306,24.3810988226122,59.247785621153,15.1870858217624,37.0603602657921,23.075797369591,15.4857347193467,16.4363971573807,7.79766817718851,7.4972017899547,7.28917495923549,10.689222076512,7.0012843967631,3.83053101699072,6.5201074580987,4.81893911175462,2.61583726164396,1.13682069511556,-1.44895550044223,-1.33702535292647,1.97340161543897,-1.04758889068042,-0.106320018063574,-1.41448915369929,0.441116168059305,0.247335296740836,262,990,19,-100,981,101,145,1009,-38,277.555555555556,1000.15555555556,21.2444444444444,-111.833333333333,980.344444444444,97.4666666666667,139.066666666667,1005.2,-33.4333333333333,0.800539692451618,0.800539692451618,0.800539692451618,0.800539692451618,0.800539692451618,0.800539692451618,0.800539692451618,0.800539692451618,0.800539692451618,171,245,158,408,102,202,136,96,76,444.182912976158,425.470890823421,435.316581613854,555.261428571428,415.62,475.568571428571,2164.48180233874,4350.63625378178,578.462672468666,460804.247142857,422488.414285714,442274.58,0,566.776510804293,0,1821.26656145168,0,613.640765558849,0.351374796798884,4211.49141076066,0,244.324796401124,0,1545.38585433395,0,575.947199218612,0,265.049192140958,0,224.158697558913,2
995593,242,882,-9,-190,944,-30,87,952,-67,343,1068,89,63,1018,191,213,1076,19,272,1000,39,-109,981,101,135,1009,-29,276.02,1000.86,37.1,-106.71,980.02,99.88,145.08,1004.45,-32.68,274.818896233574,1000.09459937307,0,0,979.819553512928,0,139.618264942918,1004.00560300986,0,276.646706107266,1001.22783620912,43.7878978714439,113.387962324049,980.120206913417,105.504407490872,147.891987612582,1004.67253869109,35.8139637571716,349.858181818182,743.879191919192,546.434343434344,1484.65242424243,198.403636363636,1166.83393939394,832.155151515153,451.623737373737,216.825858585858,18.7044962995046,27.2741487845027,23.3759351349704,38.5311876827386,14.0855825709708,34.1589510874374,28.8470995338379,21.2514408305352,14.725007931606,4.34960959967402,7.5449933575029,2.32810834595211,8.22747287760402,3.23442991870908,6.0257988621568,2.52329419326621,4.55672442168301,4.11543596040127,0.831081557327182,-1.289067726239,0.111293551232422,1.48962903568388,0.0239299715194445,-0.570767426673333,0.473504992724745,0.151395817232527,0.503796655240661,282,1000,29,-109,981,101,135,1000,-29,274.966666666667,1002.43333333333,37.0111111111111,-109.311111111111,979.911111111111,100.922222222222,144.433333333333,1004.35555555556,-33.1,0.776069353118086,0.776069353118086,0.776069353118086,0.776069353118086,0.776069353118086,0.776069353118086,0.776069353118086,0.776069353118086,0.776069353118086,101,186,98,253,74,221,126,124,86,445.457350189582,425.219045638488,435.395829910878,563.134285714286,417.081428571429,478.65,1086.91335596769,2289.83989241929,875.467061313537,463246.268571428,421981.555714286,442509.252857143,0,339.439526875771,0,853.054244621686,0,444.572263096586,0,1749.15684227399,0,197.421991038467,0,1283.53047768828,0,763.652139051683,0,499.668135132036,0,187.237141516746,2
997156,202,852,-79,-254,888,-50,19,904,-67,383,1058,99,145,1009,232,155,1066,19,272,1000,29,-118,981,80,126,1009,-19,268.32,1002.57,28.99,-116.24,978.41,86.94,124.44,1007.62,-20.22,266.863085319129,1001.79483405754,0,-131.86798424759,978.176505400457,92.8758975532581,117.248471533517,1007.18709930338,0,269.111686851389,1002.92452856633,37.2041664333445,123.906335592656,978.521103502628,94.3699104587898,125.56090155777,1007.82724710141,24.2499484535535,429.775353535354,718.18696969697,549.222121212121,1859.63878787879,219.618080808081,1360.72363636364,283.05696969697,421.914747474748,181.021818181818,20.7310239384203,26.7990106104119,23.4354884995411,43.1235293996072,14.8195168884846,36.8879876974014,16.8242970045399,20.5405634653665,13.4544348889806,16.0965494501242,18.7817290863837,6.99945463659168,19.0384517082598,17.7740969188592,10.4651421186466,18.9383199993063,13.16133870399,3.76390811056684,1.96312640604474,-2.95010454386493,-0.399581736373359,2.39603913771728,-3.0913424332347,-0.199413337681801,-3.07208821263071,-1.91562764340905,-0.338355280637268,272,1000,19,-109,981,80,126,1009,-9,267.777777777778,1004.23333333333,28.6888888888889,-117.977777777778,980.077777777778,86.7444444444444,125.922222222222,1008.73333333333,-20.0111111111111,0.774117311341292,0.774117311341292,0.774117311341292,0.774117311341292,0.774117311341292,0.774117311341292,0.774117311341292,0.774117311341292,0.774117311341292,181,206,178,399,121,282,136,162,86,445.216541696998,424.616978018409,435.30384305555,557.091428571429,406.761428571429,476.502857142857,1137.31117764313,3097.10105904201,465.872107543867,462712.654285714,420755.147142857,442315.44,0,431.047567504739,0,781.213255509744,0,464.517285542427,0,2017.15485814307,0,222.742823222768,0,1522.48411262587,0,283.994753021471,0,474.296233868689,0,159.734990109256,2
998718,-1575,254,-1366,-636,787,-777,-29,819,-242,2707,2235,564,400,1277,474,262,1219,77,242,1029,118,-172,967,171,116,1000,-19,273.57,1002.09,78.22,-139.34,976.37,135.65,118.7,1009.94,-17.56,0,902.625148450125,197.798017316808,-298.998861629895,970.538020322336,0,0,1004.95182621077,0,576.397180770343,1035.74168111552,283.397318265364,250.555822123534,979.546185741132,240.205724328127,133.910492494054,1012.50270123096,56.0324905746657,259993.096060606,69269.1534343434,74945.1228282828,43800.5903030303,6275.10414141414,39694.8156565656,3881.14141414142,5235.26909090909,2859.88525252525,509.895181444781,263.190336893936,273.761068868973,209.285905648303,79.2155549208243,199.235578290037,62.2988074857089,72.3551593938476,53.4778949896614,12.7631731852346,8.73332204793252,18.9708674333983,3.55485188346537,6.29127811064561,8.22783693488401,2.69823406185307,3.78620833964015,5.75583508562063,1.54653647336714,0.545479767325492,-3.55655676862521,0.589123028927925,1.38779828207644,-1.82737702550171,-0.0519418709330741,0.580923156601268,-1.19415693607572,232,1029,89,-245,953,151,106,980,-19,246.033333333333,998.788888888889,109.677777777778,-145.644444444444,970.3,152.744444444444,118.655555555556,1007.6,-13.7777777777778,0.745709019464098,0.745709019464098,0.745709019464098,0.745709019464098,0.745709019464098,0.745709019464098,0.745709019464098,0.745709019464098,0.745709019464098,4282,1981,1930,1036,490,1251,291,400,319,489.63088421106,443.269017838205,437.303409486048,580.234285714286,416.862857142857,476.177142857143,342098.069467559,63209.0747859274,5696.14471825158,636560.82,462851.888571428,448385.734285714,1.89183871075381,217328.677284433,0.761367046974502,64146.5042857669,1.01293402056272,82703.0584943034,0.523139852712532,45676.1931276925,0.452129607801608,7070.54598976012,0.564339645746788,45254.0706940753,0.245760996973552,4515.30844196277,0.403219019696657,6168.5124193241,0,3145.01235259499,2
1000281,-1292,274,-405,-727,870,-444,-67,847,-155,3121,2264,346,472,1268,393,233,1238,97,252,1019,99,-163,962,181,135,995,-19,292.63,1004.1,83.28,-127.6,974.91,137.37,119.94,1007.68,-25.83,254.744046138618,916.151227582819,105.16529310059,0,971.234962835569,0,0,1003.3281584203,0,543.575100607083,1033.42868162249,134.500334572075,258.484970549547,976.976105132567,200.323113993368,139.074296690654,1009.90980785415,48.2463470119759,211961.184949495,60361.6464646464,11267.4561616162,51043.1515151514,4073.53727272727,21473.5687878788,5006.11757575758,4544.2804040404,1677.29404040404,460.392424947995,245.686072996917,106.148274416573,225.927314672554,63.8242686814919,146.538625583424,70.7539226881279,67.4112780181507,40.9547804340841,20.4739799109146,10.4799189903682,9.47429815590917,3.50561545535148,9.65412599457761,4.81555254487694,3.1241273711466,3.93920324793231,4.45598579029406,2.71478977561229,0.521249213727366,-1.95027829156012,0.535919015272675,2.16846513737375,-1.26065998910833,-0.943469646654336,0.560288029401815,-0.358387355817261,242,1009,118,-172,962,202,135,980,-19,265.644444444444,1005.6,93.4111111111111,-132.488888888889,968.277777777778,147.022222222222,124.211111111111,1005.94444444444,-25.0222222222222,0.77018281481828,0.77018281481828,0.77018281481828,0.77018281481828,0.77018281481828,0.77018281481828,0.77018281481828,0.77018281481828,0.77018281481828,4413,1990,751,1199,398,837,300,391,252,477.055784474789,440.069316882997,436.453650251416,591.432857142857,422.005714285714,472.195714285714,252723.725551459,61583.0420786661,5307.22543388343,592088.172857143,454896.917142857,446394.51,3.62775907034344,159780.176577172,0.865315013592454,53294.3680228402,1.08448041394648,11909.6532139767,0.548375504300168,55606.8171037572,0.675357632313461,4510.2614356934,0.552698377557748,24233.2869898529,0.27401109522762,5905.81474901703,0.536616687635369,5315.22826948537,0,1509.8980465258,2
1001843,222,911,49,-227,944,111,67,961,-67,303,1039,128,-36,990,161,135,1038,0,242,1009,99,-154,972,141,106,1009,-29,240.21,1006.7,93.43,-148.97,970.57,137,110.03,1008.57,-29.64,239.436644072322,1006.38046519303,90.3502559584764,-139.734327602746,970.46076501414,135.66702930356,107.986686042665,1008.41071621678,0,240.617642744667,1006.85303793553,94.8335910951389,151.051746100467,970.624391822089,137.648102057384,110.962651374235,1008.64916100694,33.3820310945874,197.985757575758,311.262626262626,266.914242424243,630.87787878788,106.651616161616,179.79797979798,208.19101010101,161.298080808081,238.212525252525,14.0707411878606,17.6426366017845,16.3375102884204,25.1172824721919,10.3272269347398,13.4088769029319,14.4288256660412,12.7003181380657,15.4341350665506,5.75222510019584,13.0267917085862,2.73751893986983,12.2950898641027,2.88461026779849,2.59487438454741,2.90348964311476,4.92835444253527,2.41487991742267,1.12534897602499,-2.28806233482072,-0.137802397010988,1.39085628024118,-0.369022566921088,-0.10106045244888,-0.367109794539653,-0.431311176547233,-0.257020433723146,232,1009,99,-154,972,131,116,1009,-29,239.222222222222,1008.03333333333,93.4222222222222,-149.6,970.766666666667,137.111111111111,110.477777777778,1008.72222222222,-29.4111111111111,0.76420450650862,0.76420450650862,0.76420450650862,0.76420450650862,0.76420450650862,0.76420450650862,0.76420450650862,0.76420450650862,0.76420450650862,81,128,79,191,46,50,68,77,67,445.466288911215,425.075027829067,435.088509422208,574.431428571429,410.828571428571,466.697142857143,412.969447012922,644.254099317027,250.709615841802,463132.842857143,421660.86,441771.514285714,0,181.527160077608,0,286.563689417817,0,239.035244565203,0,704.261617493564,0,95.5205891102271,0,140.576980054814,0,171.840616949126,0,166.016148439184,0,217.250408843011,2
1003406,161,970,79,-218,925,101,67,961,-58,272,1049,168,-109,1000,191,135,1057,29,222,1009,118,-163,967,151,106,1009,-9,217.89,1011.6,118.57,-160.19,967.1,148.2,104.61,1009.54,-12.64,216.267398774873,1011.38755893312,116.283315834305,-156.398732324278,966.8312569399,144.760349370958,102.658663248831,1009.07920593276,0,218.65422474766,1011.70682512277,119.727565748244,162.043728666061,967.234015117334,149.817889452495,105.576465180456,1009.76997380592,21.0304541082688,336.987777777778,218.323232323232,278.631414141414,603.367575757576,261.848484848485,487.030303030302,205.189797979798,469.079191919192,285.36404040404,18.3572268542331,14.7757650334334,16.6922561129829,24.5635415963899,16.1817330607227,22.0687630607223,14.3244475628136,21.6582361220666,16.8927215215323,4.12673154567066,3.91193588485384,3.1586010197298,2.18274710258748,2.34181616612591,2.3686050899375,2.47055803219815,2.48543020198194,2.56329870223321,-0.412198755201429,0.434988947646415,0.400814370767785,-0.0713978007389937,-0.132980685721829,-0.151870473826321,0.180806569068712,-0.0490622723355771,-0.0376286944375755,222,1009,108,-145,962,161,106,1019,-29,218.488888888889,1011.16666666667,118.244444444444,-160.022222222222,967.3,148.666666666667,104.433333333333,1009.6,-12.5444444444444,0.726350336993578,0.726350336993578,0.726350336993578,0.726350336993578,0.726350336993578,0.726350336993578,0.726350336993578,0.726350336993578,0.726350336993578,111,79,89,109,75,90,68,96,87,446.516122938931,425.140639734287,435.113344878518,577.74,409.332857142857,472.075714285714,415.158519748756,922.896728508805,494.823837852772,465297.882857142,421819.375714286,441953.172857143,0,262.545865937567,0,198.24605975209,0,195.137788135597,0,689.219388732802,0,276.94057608737,0,481.099196067843,0,215.151228755467,0,541.24144258856,0,216.763485358166,2
1004968,50,960,69,-527,907,0,0,933,-97,313,1313,207,-36,1009,424,203,1095,87,222,1009,128,-154,972,151,126,1009,-29,220,1022.17,124.34,-168.34,969.04,163.76,123.13,1005.12,-24.73,210.469885998752,1019.88720471277,120.273078536555,-147.467453701677,968.680837623169,0,0,1004.53711225821,0,222.124649690213,1023.52269637756,126.340808925699,182.717213201165,969.216642448942,173.346185420966,125.363990044989,1005.41090107478,35.6141825681848,948.848484848485,2795.15262626263,506.630707070707,5098.20646464646,345.836767676768,3264.20444444444,560.740505050505,590.773333333333,663.431414141414,30.8033843083594,52.8692030038531,22.5084585671855,71.4017259220424,18.5966870080874,57.1332166470998,23.6799599883637,24.3058292048087,25.7571623852748,14.7888573740114,18.070319195872,4.75069161521001,13.169239034335,5.29003527260451,11.0772867689163,11.5248894410902,5.69016238112521,7.00052589303557,-2.34299969888282,3.75332251761212,0.510764742787932,-2.80817689525718,-0.780981579855911,2.22817142736146,-0.670189412631555,0.0397080957189539,0.968310803146631,232,1009,128,-154,972,151,116,1000,-19,222.177777777778,1013.24444444444,123.777777777778,-159.511111111111,969.955555555556,157.755555555556,123.177777777778,1005.08888888889,-25.7666666666667,0.754034056197133,0.754034056197133,0.754034056197133,0.754034056197133,0.754034056197133,0.754034056197133,0.754034056197133,0.754034056197133,0.754034056197133,263,353,138,491,102,424,203,162,184,451.620168044103,428.946029425308,434.364937241247,585.647142857143,413.34,472.937142857143,3487.14157773891,7929.95398023433,1121.27884034222,476957.172857143,429778.02,440500.962857143,0,939.463620646923,0,3029.04600375191,0,486.740865143817,0.263451341699331,5548.29551280747,0,362.833638258927,0,3441.64463047151,0,583.769060669374,0,684.140966679803,0,607.810248902939,2
1006531,-858,-245,-1306,-1209,814,-666,-58,790,-145,2484,2431,435,1236,1305,575,320,1219,145,191,1034,158,-227,935,212,106,1028,-9,224.5,1003.5,102.7,-164.31,965.05,146.29,102.16,1017.47,-10.4,278.943443926739,1044.04765538392,487.23651061426,-584.944036913894,957.708234849453,405.547071658759,0,1010.47605788886,0,570.09318536534,1068.88438102538,272.020624218091,350.499029955862,969.017755255289,251.205234818067,129.432994247989,1020.90672933427,55.2573976947883,277379.787878788,136870.272727273,64088.8181818182,96819.9938383838,7751.42171717172,42124.5514141414,6380.03474747475,7076.1102020202,2974.9696969697,526.668574986953,369.959825828796,253.157694297089,311.159113378323,88.0421587489296,205.242664702399,79.8751197024126,84.1196184134248,54.5432827850478,9.56664486422278,8.83661567362048,17.415400423305,7.64246555397128,4.34417903184885,5.33806880436329,2.52274725807887,3.00709069040045,3.3106148202135,1.9441489164322,0.681869163043667,-3.52168788961601,0.795022363994108,1.09007026942796,-1.25781542497917,-0.0263756879521132,-0.0230868219655625,-0.067983068495597,171,1019,178,-254,907,252,155,1057,9,175.377777777778,989.322222222222,139.522222222222,-170.733333333333,959.9,160.2,101.955555555556,1016.91111111111,-10.7,0.766207532278821,0.766207532278821,0.766207532278821,0.766207532278821,0.766207532278821,0.766207532278821,0.766207532278821,0.766207532278821,0.766207532278821,3342,2676,1741,2445,491,1241,378,429,290,489.216155313689,450.343296760919,440.264716811698,570.3,405.87,475.384285714286,409729.139939936,122091.550612859,8246.08143947534,660649.405714286,482121.021428571,455167.212857143,1.34919004873147,274199.051481829,1.58053663077347,135321.852389572,1.24341609118616,64099.1373945623,1.73065486441001,100077.398160105,0.997924619962904,7285.29720516302,0.869131524748005,47619.105846943,0.245977234363617,7079.01914847685,0.436651634245064,8009.90045836344,0,2808.39513511986,2
1008093,20,617,-178,-690,861,-232,-67,809,-203,565,1372,316,500,1120,353,310,1133,145,227,1019,99,-190,967,146,126,1009,-24,239.37,1005.21,92.9,-154.94,971.03,137.16,126.76,1006.79,-18.86,203.721637675359,986.744713533949,0,-179.22280197019,969.016142128342,164.520218623225,0,1003.32795745697,0,250.739845257988,1012.94804901337,119.779797962762,250.734919785817,972.041393151547,186.052358222088,144.512421611431,1008.45178863444,56.4613141894519,5628.7607070707,15774.3493939394,5774.53535353535,39254.1377777778,1985.0596969697,15962.2367676768,4864.38626262626,3382.73323232323,2860.78828282828,75.0250671913774,125.595976822267,75.9903635570679,198.126570095426,44.5540087643042,126.341745942015,69.7451522517964,58.1612691773764,53.4863373472916,6.8978930189881,5.1078953139097,5.64442431605738,5.19886122359225,4.13772840772266,3.13719738352665,3.69673181080449,3.52158563035155,5.96235130106419,1.26845179297386,-0.85261884016467,-0.428334468678508,0.833829970122655,0.246200804837131,-0.724002554041239,-0.133618796140681,-0.546842481062006,0.240501369652982,222,1009,99,-209,981,60,116,1009,-29,235.022222222222,1010.96666666667,95,-163.688888888889,970.833333333333,143.522222222222,127.355555555556,1008.23333333333,-19.9777777777778,0.756088981253439,0.756088981253439,0.756088981253439,0.756088981253439,0.756088981253439,0.756088981253439,0.756088981253439,0.756088981253439,0.756088981253439,545,755,494,1190,259,585,377,324,348,448.033500261652,436.805142958423,436.60185585593,573.205714285714,408.535714285714,477.724285714286,22083.9948707147,49389.0744213891,6282.66445868477,472834.894285714,446720.55,446162.884285714,1.92408345780054,6225.62151833636,0.83887076385583,18703.3595578323,1.60764742985029,6661.15479687245,1.42764440648651,46238.9884873493,0,2195.78739331567,0.185401812548774,18865.2140143942,1.45960673880243,5707.4256141241,0,3875.70375936585,0,2993.35478142878,2
1009656,191,911,-9,-254,944,10,58,952,-58,323,1078,148,63,1037,242,165,1085,29,222,1019,99,-172,962,141,116,1009,-19,223.95,1013.27,92.17,-155.75,968.67,130.56,111.12,1007.43,-15.4,222.036955050508,1012.42252428532,90.5103309197304,-167.656419095102,968.395973425837,100.785800122253,107.816976041262,1006.90599877249,0,225.018821435008,1013.67939211567,94.872282569779,165.275255256194,968.809336247334,137.031748146187,112.548123040769,1007.69377789088,22.6234391726811,484.714646464645,838.199090909091,510.546565656566,3088.73484848485,272.68797979798,1749.27919191919,322.652121212121,536.914242424242,277.434343434343,22.0162359740407,28.9516681887088,22.5952775078459,55.5763875084091,16.5132667815299,41.8243851349807,17.9625199015094,23.1714100223582,16.6563604498205,7.11144959014209,5.13034582775219,8.24076861768411,7.18567008620905,4.8337636829327,3.61468462248124,4.31774017177489,3.81180762280003,3.55539796118662,1.54499956041503,-1.09943359264503,-1.68098264969362,1.79049144606877,1.04868197266489,-0.653793686391938,-0.216425028807958,0.362448747359708,-0.0303222543040731,222,1019,99,-172,953,151,116,1000,-19,222.1,1015.12222222222,93.8888888888889,-160.644444444444,967.688888888889,132.211111111111,111.444444444444,1006.84444444444,-15.3888888888889,0.741482739931274,0.741482739931274,0.741482739931274,0.741482739931274,0.741482739931274,0.741482739931274,0.741482739931274,0.741482739931274,0.741482739931274,132,167,157,317,93,232,107,133,87,446.72844582021,425.245439741878,434.557822122215,569.738571428571,404.348571428571,472.778571428571,1292.86099817461,4258.54440967362,668.97169281136,465934.341428571,422007.917142857,440839.564285714,0,468.35699558377,0,968.028257992497,0,558.717982263423,0,3679.6351618698,0,292.629214739014,0,2015.67931407259,0,317.450637332552,0,609.743838925499,0,269.731659192587,2
1011218,191,970,39,-190,935,70,87,980,-38,252,1049,128,-90,1000,181,155,1047,29,222,1009,79,-163,972,121,126,1009,-9,220.98,1012.35,81.19,-158.58,969.88,124.98,125.13,1007.32,-9.66,220.146329855676,1012.18415491848,76.8050904209067,-155.873173685239,969.73289263089,119.793569825739,123.559840297891,1007.12154566538,0,221.400858173585,1012.43229403254,83.1428289150664,159.706543385047,969.953390632766,127.381631328854,125.856068586302,1007.41985289153,18.062115047801,188.060202020202,168.310606060606,324.155454545454,362.185454545454,143.803636363636,612.201616161616,184.073838383838,203.209696969697,235.277171717172,13.7135043668714,12.9734577526813,18.0043176639787,19.0311706036558,11.9918153906586,24.7427083433002,13.56738141219,14.2551638703207,15.3387473972672,2.44582731185181,4.11521963028824,2.71116952777004,4.14070741439074,2.98343529823172,2.72608886860158,3.50680753954247,3.27071723717854,2.60458481181946,0.257816392351717,-0.555140780699311,-0.0391237972351794,1.09578888777512,-0.152865186650823,0.0420246456357315,-0.404418637386426,0.47990305129492,0.0633492796365444,212,1019,89,-172,962,111,126,1009,-19,220.777777777778,1012.88888888889,81.2666666666667,-159.9,970.088888888889,125.033333333333,125.477777777778,1006.82222222222,-9.78888888888889,0.728544874833431,0.728544874833431,0.728544874833431,0.728544874833431,0.728544874833431,0.728544874833431,0.728544874833431,0.728544874833431,0.728544874833431,61,79,89,100,65,111,68,67,67,445.550152477814,424.791683690083,435.135453570256,563.365714285714,401.262857142857,481.195714285714,327.071981170623,683.050302261119,246.283823157627,463264.38,421089.360000001,441883.178571428,0,150.154145657995,0,142.303864149925,0,303.176678538395,0,408.180813221297,0,152.191664762323,0,687.786243708173,0,196.529689991438,0,214.500066504955,0,222.391121053137,1
1012781,131,941,49,-309,916,60,67,933,-38,262,1078,158,-81,1009,252,194,1066,38,212,1009,89,-163,972,131,135,1009,-9,213.43,1011.85,96.62,-161.22,969.78,136.59,135.67,1007.02,-4.89,210.043187922043,1011.39435799989,88.1836815906731,-151.432519332922,969.271735901211,121.681623074134,129.874256714136,1006.28654320739,0,214.809892695844,1012.0798140463,100.82926162578,165.90159734011,970.0314530983,143.834244879305,138.258489793575,1007.38469315351,17.7378127174689,596.89404040404,469.825757575757,839.510707070707,1546.92080808081,492.698585858586,2051.98171717172,716.223333333333,742.060202020202,293.654444444445,24.4314150307353,21.675464414304,28.9743111578292,39.3309141526206,22.1968147683082,45.298804809528,26.7623491744154,27.2407819641838,17.1363486322041,5.44427257245048,4.64914104407146,2.0131496655604,4.17157683728395,2.38697331552536,2.51319070140525,2.85393080671785,2.60850937087994,2.56844879647801,-1.21737860881429,0.488920841211828,0.354030150515504,-0.457665268809186,-0.429719380087618,0.415175442185872,-0.0875494771977346,-0.156414354811504,0.132057440656334,222,1009,79,-172,981,151,135,1019,9,215.422222222222,1010.92222222222,96.1888888888889,-160.2,970.388888888889,134.988888888889,135.911111111111,1007.42222222222,-5.12222222222222,0.692080881944536,0.692080881944536,0.692080881944536,0.692080881944536,0.692080881944536,0.692080881944536,0.692080881944536,0.692080881944536,0.692080881944536,131,137,109,228,93,192,127,133,76,445.435025717323,426.170390471027,435.692356927851,566.528571428571,405.064285714286,487.628571428571,1134.90104986547,2989.03387074376,809.173423142957,463120.877142857,423931.135714286,443251.697142857,0,625.483692650012,0,504.789649284547,0,700.152610913818,0,1757.97409310922,0,539.621757632532,0,2333.02065481376,0,763.772395570731,0,861.346299639988,0,245.441961593507,1
1014343,161,980,69,-209,925,90,126,961,-48,252,1049,158,-90,1009,191,203,1047,19,222,1009,118,-145,972,151,174,1000,-9,222.43,1008.54,116.63,-148.23,969.27,145.89,168,1000.66,-8.95,220.997830489207,1008.33966154954,113.716444819743,-141.945966374383,968.897399837694,142.532677400925,165.629231695278,1000.21776678759,0,223.077094297017,1008.6403521573,118.028428778833,151.305089141112,969.456120719241,147.458434821478,169.118420049384,1000.88126168892,15.2161098839355,291.197070707071,204.473131313131,331.467777777778,930.401111111111,364.481919191919,464.745353535353,380.848484848485,447.337777777778,152.957070707071,17.0644973763387,14.2994101736097,18.2062565558595,30.5024771307366,19.0914095653495,21.5579533707482,19.5153397318234,21.1503611736958,12.3675814412953,4.81983837766504,2.74724925274105,2.87856805432142,2.23432654814376,2.28911964615059,2.50543889065979,2.40350545230002,2.07358283542738,3.26917063702429,-0.997212532776344,0.157178205127218,0.0838104536114636,-0.194359435717632,-0.0189438217833075,-0.173580664229663,-0.303098642085699,0.0588340461619371,-0.382484999160573,222,1000,118,-163,972,161,174,1000,-9,223.422222222222,1008.54444444444,116.311111111111,-147.855555555556,969.277777777778,146.222222222222,168.488888888889,1000.35555555556,-8.53333333333333,0.730728417399595,0.730728417399595,0.730728417399595,0.730728417399595,0.730728417399595,0.730728417399595,0.730728417399595,0.730728417399595,0.730728417399595,91,69,89,119,84,101,77,86,67,445.563896137991,425.188731752886,434.975644814967,577.542857142857,414.398571428571,497.018571428571,415.282967504169,1347.94915440821,566.337378075854,463306.911428572,421921.024285714,441683.944285715,0,242.620332861346,0,181.091464075572,0,273.893255337221,0,1039.16114532079,0,399.972630575385,0,459.079285487278,0,394.767787932386,0,505.925347326687,0,142.16531869073,1
1015906,-1626,274,-970,-681,842,-404,-58,857,-184,2404,1980,495,609,1231,484,223,1209,233,222,1019,103.5,-167.5,962,161,145,1009,-9,251.63,1009.24,99.62,-152.48,971.18,145.22,128.21,1009.74,-15.41,243.007531611091,957.836302448127,0,-247.686276336839,966.340281052082,209.56689509884,130.972488219558,1005.15712020397,0,475.028136008805,1028.88390987516,219.291130691599,240.790157606161,973.807362880359,210.14880442201,142.504070117313,1012.08917591287,53.2665936586901,163973.811212121,40441.1337373737,38549.9551515151,35080.5551515152,5161.80565656566,23306.738989899,3908.69282828283,4797.60848484849,2626.12313131313,404.936799034271,201.09981038622,196.341424950302,187.2980383013,71.8457072939341,152.665447924208,62.5195395719037,69.2647708784811,51.2457132969494,17.4922187675826,12.137103742734,12.930972464998,5.86340247917549,5.59254526863576,5.65137194275118,3.51279698001786,3.47397288013586,7.90972729573958,1.35041621748317,0.923504892063282,-2.21642309459536,0.879629330553449,1.37294085217851,-1.31407732197665,-1.09215735087905,0.532638834977411,0.583142943815064,222,1019,79,-163,916,151,165,1009,-9,236.266666666667,1007.71111111111,113.977777777778,-158.933333333333,965.777777777778,156.1,132.333333333333,1007.47777777778,-15.6111111111111,0.737213515690948,0.737213515690948,0.737213515690948,0.737213515690948,0.737213515690948,0.737213515690948,0.737213515690948,0.737213515690948,0.737213515690948,4030,1706,1465,1290,389,888,281,352,417,475.527174306658,437.660327719609,437.669300440396,583.067142857143,413.108571428571,481.088571428571,203826.346504757,44568.9827320112,5603.9025698366,571003.898571428,450189.942857143,448915.388571428,2.78120849749902,145547.370701822,1.00990507964184,38154.3419051855,0.81334223481121,40482.2163700203,1.06361885121101,36753.7602444744,0.483477300974965,5556.48158457627,0.306237125705916,26899.8107976178,0.297385502831094,4591.6159196072,0.327408159579111,5682.09949887845,0,2798.91581457733,1
1017468,-525,607,-198,-781,759,-111,-165,857,-126,1757,1666,386,254,1259,545,213,1342,126,202,1029,123,-200,953,181,126,1000,9,192.89,1045.15,119.91,-221.75,958.69,183.87,92.97,1007.15,8.2,269.189863313185,1025.20049327235,0,-338.368200238214,953.84475244847,0,0,1001.91520808498,0,341.059364334129,1054.7173128379,145.349957000338,276.509692416016,961.239704756311,214.682859120145,123.238589735521,1010.02164828285,55.8521261905042,79914.0786868687,20293.0176767677,6816.36555555556,27560.148989899,4944.70090909091,12404.5990909091,6610.43343434344,5851.11868686869,3083.05050505051,282.690782812013,142.453563229453,82.5612836355852,166.012496487159,70.3185673139812,111.375935869958,81.3045720383758,76.4926054391448,55.5252240432266,14.3269745240306,8.13262208369696,7.52668559520398,5.65880161622399,7.44087581471121,3.95048571993552,3.9299661375696,7.23522617405925,2.24548523707284,2.04642155572511,0.62722788929118,-1.25936366849843,-0.47927736259684,1.10847694194638,0.269103017949386,-1.24778785679392,1.56287865287106,0.0379194880653107,212,1019,99,-172,953,181,135,1000,-29,176.4,1043.04444444444,126.1,-217.088888888889,955.288888888889,181.077777777778,98.4555555555555,1001.32222222222,8.25555555555556,0.71970029895822,0.71970029895822,0.71970029895822,0.71970029895822,0.71970029895822,0.71970029895822,0.71970029895822,0.71970029895822,0.71970029895822,2282,1059,584,1035,500,656,378,485,252,473.39182254026,436.479308048168,435.561404901903,581.978571428571,394.632857142857,474.994285714286,84467.4651294304,32262.2907905275,8387.42151649945,535661.447142857,448512.047142857,445050.402857143,0.341075334778511,93035.3487648703,0.50168199598547,21830.6374468908,0.201858422829209,7110.96639890901,1.37204994656224,31396.3104491259,0.447050095303651,5266.46967938998,0.347260282120451,14345.0113720793,0.088911209579779,6489.1760054947,1.23110855278924,6785.66717233296,0,2893.72479442642,1
1019031,-1777,-78,-2019,-1345,620,-424,-184,723,-213,3969,2588,811,809,1351,909,504,1819,300,141,1093,178,-209,972,196.5,101.5,971,19,272.93,1159.36,177.44,-178.01,977.8,201.41,101.32,1007.58,25.55,0,988.014034377798,195.805162565011,0,959.126674460466,0,0,984.397140362483,0,911.434325664773,1245.44860191017,468.869299485475,495.975190911804,987.313050658199,334.22933743165,157.034072735824,1021.88735191312,98.1263980792121,763860.348585858,209117.788282828,190256.026666667,216468.515050505,18883.0505050505,71861.8807070707,14539.3511111111,29329.5995959596,9066.65404040404,873.991046055884,457.293984525085,436.183478213775,465.261770458852,137.415612304609,268.070663645,120.579231674079,171.25886720389,95.2189794127412,7.76521882817732,3.84775990119821,12.4652132631964,2.85977327372942,3.47949027645469,3.39172626448606,3.75604073751747,9.15025668472165,4.41589116229532,1.7868021456875,-0.0665169439599525,-2.51358256107941,-0.014844478108855,0.494977735413393,0.450498701883595,0.546865505764145,2.01181867890757,0.512192846640038,141,1029,168,-327,861,60,48,952,19,203.711111111111,1163.16666666667,225.322222222222,-175.066666666667,972.922222222222,194.733333333333,96.8222222222222,991.011111111111,21.8111111111111,0.751968636868419,0.751968636868419,0.751968636868419,0.751968636868419,0.751968636868419,0.751968636868419,0.751968636868419,0.751968636868419,0.751968636868419,5746,2666,2830,2154,731,1333,688,1096,513,627.778093568911,484.9664922852,439.007061556478,689.884285714286,429.085714285714,486.192857142857,908848.358827877,239962.591449227,33050.3237530962,1115011.35857143,571066.157142857,462232.392857143,0.252545048960948,861865.170715919,0.139386321834743,242600.314335928,0.45135111728476,208505.642231984,0.692725221406539,246382.708826138,0.592084639967037,20932.3478435458,0.545493948485359,83246.1672657421,0.434658679988938,16493.6992320509,1.18162500430526,32540.3703910092,0.874037201750637,9458.39291411999,1
1020593,-1515,9,-2366,-1354,731,-525,-165,800,-155,3818,2656,861,736,1398,1151,359,1561,330,161,1049,188,-204.5,962,146,87,971,48,249.56,1088.51,140.95,-140.94,975.54,154.87,87.56,1021.03,44.02,557.651096161201,439.609202885748,0,-313.988505542596,957.446102916956,0,0,1000.88763845333,0,777.922348309907,1174.77861318633,537.017532302252,457.403170080838,985.114155821547,313.209402796276,123.056734882736,1033.22178161322,99.0547323453049,548366.652929293,197222.99989899,271233.26010101,191266.238787879,18961.2206060606,74864.0536363636,7551.72363636364,25297.9687878788,7953.61575757576,740.517827556699,444.097962052282,520.800595334731,437.339957913611,137.699748024681,273.612963209647,86.9006538316234,159.05335201711,89.1830463573417,9.08456952158914,5.20299170545103,9.77945972277466,3.19176295022747,3.25990203892792,5.79051962553277,4.36348546529259,5.6189657034848,3.75703423447954,1.51089993341754,0.530777832686661,-2.37195594501364,-0.0177543866272927,0.689631934355117,1.06836601196997,0.000710482476135527,1.66176707500994,0.568156615172613,161,1049,158,-263,888,101,87,952,67,207.922222222222,1075.85555555556,201.177777777778,-133.666666666667,970.077777777778,140.1,87.4555555555555,1005.74444444444,40.1666666666667,0.721928094887362,0.721928094887362,0.721928094887362,0.721928094887362,0.721928094887362,0.721928094887362,0.721928094887362,0.721928094887362,0.721928094887362,5333,2647,3227,2090,667,1676,524,761,485,589.504958805312,473.841694220473,442.757195070128,633.865714285714,424.058571428571,493.975714285714,761089.257472891,222021.955253099,29267.8195139506,974423.914285715,547614.724285714,468215.164285714,0.393432501753146,573058.589005834,0.301846767486803,225671.744499707,0.317304796258525,298725.247607487,0.826836131108035,209430.264205476,0.571905186033783,19125.5955211336,0.50987836980733,82802.3705521984,0.623892175574272,8324.16174433675,0.756507948670666,29299.2773642583,0.503036989018196,8874.92839904287,1
1022156,-1525,-147,-1792,-1272,648,-363,-184,685,-368,4656,2764,663,890,1407,1141,368,1600,359,191,1063,227,-154,930,191,77,980,14,186.17,1133.31,110.34,-164.82,957.54,177.71,69.61,1004,14.61,0,1539.40775187413,0,0,927.83741073418,0,0,984.268910425827,0,855.476937152604,1248.22291679011,465.955963584543,497.23354673634,973.142260925914,317.542516838297,118.839934365515,1015.13807927789,84.9897052589312,704223.758686869,276433.226161616,207010.145858586,222298.553131313,30427.2812121212,69951.9251515151,9371.08878787879,22716.4848484848,7080.60393939394,839.180408903156,525.769175743136,454.983676474866,471.485474995055,174.43417443873,264.484262578164,96.8043841356309,150.719888695835,84.1463245744812,12.2165364718024,3.81360457012335,9.62269897198345,3.18204064794952,2.61785131312405,4.12053540677854,3.68289269489403,6.3865763315293,9.18098466698138,2.17258150727306,0.187224506234501,-2.58865506523677,-0.401689831222125,0.558586360237097,0.649247601229999,0.145171107142685,1.37308760235061,-0.507180791142827,202,1029,277,-154,916,262,97,990,-9,119.1,1131.24444444444,170.233333333333,-154.866666666667,951.522222222222,165.8,68.2777777777778,993.177777777778,16.6555555555556,0.791325230456599,0.791325230456599,0.791325230456599,0.791325230456599,0.791325230456599,0.791325230456599,0.791325230456599,0.791325230456599,0.791325230456599,6181,2911,2455,2162,759,1504,552,915,727,607.398697413283,473.100085950219,434.747072894023,612.78,415.898571428571,466.38,920030.035735543,262799.988253565,23808.4936783756,1074435.51428571,555034.418571429,450793.5,0.512774012724347,809284.081413931,0.114951062138918,316417.141680585,0.333187474719555,224105.918861187,0.349708644887639,262247.526278614,0.24342362691521,33622.1892379797,0.577390219891453,81779.9803307537,0.480561711642055,10751.4512566221,0.466036538809763,25533.9562289383,1.87670531002795,7460.87271744041,1
1023718,-1515,-352,-1871,-1681,629,-252,-233,790,-233,1858,2372,752,790,1398,676,427,1809,398,166,1078,207,-190,953,212,111,975.5,19,194.93,1175.45,171.85,-205.97,980.76,213.09,94.14,1016.38,23.27,0,847.17212498599,195.433788444459,-211.331170257598,957.525322868414,204.876456049298,0,991.043100143376,0,557.852408796449,1252.40985703563,331.107943124293,459.972205682039,992.283134997265,286.895608192248,147.733205475276,1032.53983942509,83.0122280149136,275961.217272727,188735.098484848,80909.1388888888,170859.382929293,22965.2953535353,37274.4867676768,13093.6973737374,33444.6622222222,6413.67383838384,525.320109335943,434.436529869264,284.445317924006,413.351403686129,151.543047856163,193.066016604882,114.427694959469,182.87881840777,80.0854158906841,6.77229641232392,4.28723264112572,28.5494747834662,4.07468401821892,3.30011050855997,3.24323815916777,4.09038016958503,8.46421056465637,7.76276850692477,0.423480460972936,-0.285928992544186,-3.9959274107513,-0.330811759922489,0.33310914998119,-0.239141059043051,-0.255630361539313,2.05866034236764,0.408662294692803,191,1009,207,-236,916,212,145,885,9,185.955555555556,1187.9,196.9,-202.8,978.155555555556,216.122222222222,95.5333333333333,994.333333333333,23.7222222222222,0.70609709890515,0.70609709890515,0.70609709890515,0.70609709890515,0.70609709890515,0.70609709890515,0.70609709890515,0.70609709890515,0.70609709890515,3373,2724,2623,2471,769,928,660,1019,631,572.204376199932,474.974277527381,441.226266059109,660.955714285714,423.377142857143,485.91,371393.48426265,185726.85848763,38831.8563119153,852583.812857143,547932.574285714,469223.421428572,0.34323050038981,307022.637475848,0.195775758230167,222575.82105069,0.419366714286423,75920.9937371507,0.35406864338361,193275.01734044,0.484951666516017,26289.4623617122,0.226896205202651,41104.4738528586,0.650419937357604,15016.4607712204,0.859782565230228,39239.8286946042,0.99528835109668,7070.39832429472,1
1025281,-1767,-176,-1920,-1918,472,-252,-330,752,-252,2525,2666,861,772,1435,1181,475,1476,291,217,1019,188,-95,962,191,194,966,19,192.53,1061.99,139.89,-115.94,965.56,169.41,147.56,989.3,15.42,0,883.335706039695,0,-176.378229782296,932.422370835661,614.282607220463,948.428119812075,974.350419823382,0,661.749854552307,1138.55755673571,468.666736605021,433.514359623761,981.240337532044,290.359656288542,220.782517423821,997.404762370824,141.979646428634,404894.009191919,170192.474646465,202100.300909091,176255.168080808,30834.8347474747,56170.6887878788,27243.4004040404,16264.4141414141,20121.6602020202,636.312823375358,412.543906325696,449.555670533796,419.827545643218,175.59850439988,237.003562816846,165.05574938196,127.532012222085,141.850837861537,7.72917195652062,6.87831393713735,8.23442826383171,6.16051766274283,3.39250365803157,5.8002841350142,3.10940264887981,4.97973411239185,1.95142303844258,0.53184026875798,0.715850680051759,-1.75988500462917,-1.0707919388806,0.208551953122914,1.12017699292308,-0.717629674211021,1.01779313958762,0.114288955111293,212,960,178,-200,879,212,262,904,-165,179.555555555556,1053.22222222222,181.944444444444,-96.5888888888889,962.2,152.988888888889,156.3,981.911111111111,14.1111111111111,0.783776947484701,0.783776947484701,0.783776947484701,0.783776947484701,0.783776947484701,0.783776947484701,0.783776947484701,0.783776947484701,0.783776947484701,4292,2842,2781,2690,963,1433,805,724,543,552.755331986022,462.395775924352,438.529156632287,597.604285714286,436.727142857143,493.834285714286,501942.325595866,204121.755463581,28058.2842129545,837374.867142857,529318.298571429,455879.742857143,0.317662711193557,436070.513284062,0.196601005854342,192462.547977424,0.239450440405108,205832.07806845,0.699702561768423,199575.512708878,0.428620835028856,34681.3233917908,0.782587012558464,61393.868707694,0.0866276636073742,31475.9479743396,0.31055455619457,18760.0344892465,0.152354637459344,19855.4937306026,1
1026843,202,901,-39,-636,296,282,-262,790,-203,414,1039,257,-163,935,787,339,1761,242,313,990,118,-554,550.5,616,-106,1000,126,315.16,987.46,115.19,-520.58,593.3,574.96,-42.01,1017.79,60.63,307.54571577459,986.991972286928,94.241457717612,-490.829076576699,557.121331713717,549.834570569291,0,1002.019155957,0,318.712095785522,987.6884022808,123.364784278172,529.06492985266,611.682940746266,585.308363172781,159.359813001898,1028.12986047483,142.366533988856,2274.31757575758,455.685252525252,1969.83222222222,8996.12484848485,22374.8787878788,12128.16,23869.4039393939,21368.207979798,16759.8314141414,47.6898057844397,21.346785531439,44.3827919606487,94.8479037643155,149.58234784853,110.127925613806,154.497261915524,146.178685107638,129.45976755016,2.88387295579631,7.01445683822264,5.00118126326828,6.24515697855281,2.51177724293975,2.5358943383335,2.32439998929658,14.2994892279802,1.88249533782103,-0.103820037931666,-0.997827669697969,-0.0276311377337453,1.89969868507512,0.504250739532112,-0.646093552727652,0.804720332029774,2.86357933436398,-0.642797931977981,292,990,128,-545,490,656,-165,1009,155,315.511111111111,988.1,114.955555555556,-531.488888888889,591.166666666667,577.966666666667,-49.0555555555556,1000.77777777778,65.1,0.76420450650862,0.76420450650862,0.76420450650862,0.76420450650862,0.76420450650862,0.76420450650862,0.76420450650862,0.76420450650862,0.76420450650862,212,138,296,473,639,505,601,971,445,447.814707719152,427.590447570076,446.011290056669,607.632857142857,277.577142857143,444.175714285714,3316.67324193351,37694.4931864245,40615.6072694959,468139.135714286,427136.4,472592.052857143,0,2446.50913705958,0,379.488450363472,0,1960.26955531155,0.214216785074577,9044.44847346601,0.0533111045912368,20088.966306122,0.075937783960526,11421.0253086491,0.119982919200832,20337.4740307834,0.0799695839351823,22773.0894401426,0.0421306293517142,13855.8245659676,1
1028406,272,970,99,-590,453,626,-184,971,135,323,1009,158,-563,500,686,-135,1009,194,303,990,128,-572,481,656,-155,1000,165,298.56,989.76,129.31,-574.52,478.27,652.1,-153.49,994.8,166.14,298.167801418561,989.662427762668,128.29215364875,-574.421386231092,478.114444882369,651.858475032075,-153.038639822505,994.72817602386,165.238284409785,298.755418360906,989.80868858583,129.822070542724,574.569456201772,478.347938220706,652.220974823717,153.71828128105,994.83582565165,166.577789635954,117.905454545454,97.3559595959596,134.034242424242,57.4036363636364,75.3102020202021,159.383838383838,70.8382828282828,72.0000000000001,147.131717171717,10.8584278118637,9.86691236385322,11.5773158557691,7.57651874963934,8.67814507946267,12.6247312202612,8.41654815398111,8.48528137423858,12.1297863613387,2.87535986763174,2.3263027481786,3.02951618722719,2.51354194159887,3.60455249660198,2.72531161643263,3.52700401393299,2.64671121994352,3.38331978985076,-0.0191227814526209,-0.186245301936478,0.269783737138254,-0.253039476408009,0.165584579191813,0.128886400100032,-0.349095588839827,-0.267737188412514,-0.207284226090091,303,990,128,-572,481,656,-155,1000,165,298.455555555556,989.888888888889,129.222222222222,-574.3,478.177777777778,652,-153.444444444444,994.933333333333,166.322222222222,0.76420450650862,0.76420450650862,0.76420450650862,0.76420450650862,0.76420450650862,0.76420450650862,0.76420450650862,0.76420450650862,0.76420450650862,51,39,59,27,47,60,49,38,59,446.566154804831,425.185276082428,437.269084072419,607.555714285714,238.221428571429,431.764285714286,137.542149959239,168.224354592525,147.594915480821,465355.632857143,421859.575714286,446175.338571429,0,93.8905458022397,0,66.0284750287228,0,88.6567282966546,0,56.3390386237635,0,66.7573604932758,0,130.063277989379,0,56.4247385210436,0,61.8826549175225,0,96.4050163918762,1
1029968,272,960,99,-590,453,616,-165,980,135,323,1009,158,-563,490,676,-116,1019,203,303,990,128,-572,481,656,-135,1000,165,298.25,988.66,130.01,-575.69,476.16,651.8,-136.62,998.2,163.74,297.820060122865,988.556793284625,128.959876019069,-575.605469291409,475.983037231927,651.629900486919,-135.858341394001,998.133264897305,162.305995223267,298.463649377944,988.711403797893,130.521913868898,575.732342325842,476.247645663472,651.884652373409,137.014305822421,998.23333945526,164.451755843469,128.775252525253,102.671111111111,134.717070707071,49.2463636363635,84.3175757575758,111.474747474747,108.985454545455,67.2323232323232,235.951919191919,11.3479184225677,10.1326754172386,11.6067683145254,7.01757533884486,9.18246022357711,10.5581602315341,10.4396098847349,8.19953189104861,15.3607265190133,3.08476135185329,3.16119561952562,3.14701470697243,2.65606597549363,2.76996182859298,4.02173295318323,2.82236512366523,2.92293823964497,2.53677672479094,-0.0739727447691033,-0.35581099241929,-0.0689707473685108,-0.172907164076764,-0.457258305112048,-0.237524574924041,-0.593799399175749,-0.0853441083875993,0.0846626989363415,303,990,128,-572,481,656,-135,1000,165,298.222222222222,988.888888888889,130,-575.6,476.477777777778,651.888888888889,-136.188888888889,998.388888888889,163.555555555556,0.76420450650862,0.76420450650862,0.76420450650862,0.76420450650862,0.76420450650862,0.76420450650862,0.76420450650862,0.76420450650862,0.76420450650862,51,49,59,27,37,60,49,39,68,446.120425374951,424.948849400207,437.523213456458,607.251428571429,236.687142857143,439.422857142857,139.164698607835,124.678716691247,238.751879057325,464428.611428571,421385.635714285,446694.471428572,0,95.6711030409681,0,78.9653247528586,0,103.049638570788,0,40.8491201292252,0,81.0252318558492,0,100.937937270389,0,90.4708353721788,0,49.4150191736978,0,196.407660241012,1
1031531,262,960,99,-590,453,626,-155,980,145,323,1019,148,-563,490,676,-116,1009,194,303,990,128,-572,472,646,-135,1000,174,298.25,988.26,123.63,-574.61,474.76,650.2,-135.55,997.42,171.26,297.790176504179,988.164671004244,122.602510977875,-574.555570467752,474.640173497597,649.996207165644,-135.152752892889,997.363908858289,170.400439414663,298.474370759032,988.307664646996,124.143102909505,574.637198587074,474.819586790604,650.301776100912,135.748112325734,997.448033734089,171.684419793993,135.239898989899,95.1640404040404,128.417272727273,31.5736363636364,57.1539393939394,133.69696969697,54.2904040404041,56.4884848484849,147.022626262626,11.6292690651605,9.7552058104399,11.3321345177011,5.61904229950588,7.56002244665579,11.5627405789877,7.36820222580814,7.51588217366963,12.1252887084237,3.14632665734418,3.70075316760339,2.81698288680961,2.68564844159042,3.40923949315792,2.22148036057599,2.4375178103371,2.27328803926116,2.49314626070533,-0.536971563438038,0.0292160539723776,0.173354704065271,0.0422234936819172,-0.302915375750035,-0.0405996194330015,-0.0446664497096098,-0.0448528222998297,-0.0521796635220611,303,990,118,-572,472,646,-135,1000,165,298.888888888889,988.222222222222,123.444444444444,-574.8,474.822222222222,650.444444444444,-135.555555555556,997.522222222222,171.344444444444,0.76420450650862,0.76420450650862,0.76420450650862,0.76420450650862,0.76420450650862,0.76420450650862,0.76420450650862,0.76420450650862,0.76420450650862,61,59,49,27,37,50,39,29,49,445.62723307906,423.932757061132,437.636048209109,604.345714285714,235.864285714286,442.77,168.634599522743,134.080886984092,151.15209428119,463393.071428572,419380.264285713,446916.715714285,0,106.087035658742,0,87.564522526474,0,104.648480727468,0,25.1705476494967,0,42.7746784825938,0,107.22959174643,0,32.7738474507816,0,33.9241065339427,0,125.319742843148,1
1033093,262,970,79,-590,453,626,-145,980,145,313,1009,148,-554,490,676,-116,1019,194,292,990,128,-572,472,656,-135,1000,165,295.45,991.94,124.15,-574.97,475.06,650.2,-134.63,997.88,168.55,295.0618608266,991.861370745588,122.833415789408,-574.893481167604,474.950307902926,650.002195740154,-134.33658901239,997.832816047558,167.894369190388,295.638038824506,991.979263896176,124.755961781391,575.008112986243,475.114554607623,650.298700598425,134.775850952609,997.903562474852,168.874361582805,112.270202020202,78.6832323232323,152.35101010101,44.2718181818182,52.3599999999999,129.656565656566,39.69,47.500606060606,110.55303030303,10.5957633995952,8.87035694452215,12.3430551364324,6.65370710069343,7.23602100605021,11.3866836988021,6.3,6.89206834416244,10.5144201125421,3.96057560391418,2.49472731925614,3.85348343430303,3.15972152798938,3.80722435018356,2.28881211216389,2.91880738897948,3.52286315404371,3.2233283763857,-0.774960317543715,-0.12962580187947,-0.471255580273819,0.305569584129311,-0.305219678967048,-0.0903712144436041,0.021534240865187,-0.16313944890098,-0.0158992248216533,292,990,128,-572,472,656,-135,1000,165,296,991.877777777778,124.444444444444,-575.1,475.155555555556,650.222222222222,-134.644444444444,997.922222222222,168.666666666667,0.76420450650862,0.76420450650862,0.76420450650862,0.76420450650862,0.76420450650862,0.76420450650862,0.76420450650862,0.76420450650862,0.76420450650862,51,39,69,36,37,50,29,39,49,446.807444078415,424.08634354889,437.572681139062,604.945714285714,235.838571428571,442.2,157.657909362374,134.232944060755,112.140849944994,465852.325714286,419681.387142856,446783.4,0,109.386846405911,0,48.5465690594685,0,114.158496254242,0,37.787658923334,0,43.0649457666363,0,114.301505139908,0,23.8547674015295,0,37.4790460265802,0,86.3274776038934,1
1034656,272,970,89,-590,453,626,-145,980,145,313,1019,138,-554,490,676,-116,1019,203,292,990,128,-581,472,656,-135,1000,174,295.88,990.14,122.05,-576.86,474.57,652.7,-134.53,997.09,170.52,295.5337187062,990.043668490069,120.957484344941,-576.793776376577,474.450912242942,652.488252518786,-134.244461589331,997.040625123037,169.592285467048,296.04999577774,990.188194233803,122.553865708104,576.892884338159,474.629171037769,652.805790415496,134.671934715441,997.114692500316,170.972512410621,101.64202020202,96.4044444444443,124.492424242424,38.3236363636364,56.7324242424243,139.50505050505,38.5950505050505,49.7392929292928,156.090505050505,10.0817667202738,9.81857649786589,11.1576173192319,6.19060872319002,7.53209295232237,11.8112256140102,6.21249148933425,7.0526089448723,12.4936185731158,2.83373613541566,3.03381810132958,3.17284129372213,4.00825019088548,3.33764213654717,2.93943535368066,3.00462291927222,3.20529728230345,2.53073369786652,-0.471977103062704,0.0823176482508585,-0.655898917145376,0.612255955596547,-0.357401477323699,-0.00417356810137938,0.021133307093556,0.0463443166000772,-0.210596540356641,303,990,128,-581,472,656,-135,1000,174,296.255555555556,990.1,122.666666666667,-577.1,474.611111111111,652.777777777778,-134.533333333333,997.044444444444,170.755555555556,0.76420450650862,0.76420450650862,0.76420450650862,0.76420450650862,0.76420450650862,0.76420450650862,0.76420450650862,0.76420450650862,0.76420450650862,41,49,49,36,37,50,29,39,58,446.012897743646,425.159757055694,437.385689329412,603.458571428571,235.89,442.748571428571,133.79103635465,139.510579739316,157.205858883423,464201.875714286,421814.421428571,446402.502857143,0,75.996612103768,0,72.5663802860867,0,86.6507797794607,0,31.4190254356269,0,44.1259209387028,0,96.3523742424894,0,35.714998457306,0,39.1006060305101,0,125.405148687634,1
1036218,272,970,99,-590,462,616,-145,980,145,323,1009,148,-563,490,676,-116,1019,213,292,990,118,-572,472,646,-135,1000,174,295.73,989.87,120.29,-576.05,475.25,648.9,-134.22,998.06,170.86,295.363443410147,989.807587194082,119.041846946928,-575.989924576792,475.161721108347,648.704950184465,-133.754697642638,998.0125229724,170.133578170872,295.913416390673,989.901222344937,120.908767258624,576.080055200664,475.294172066101,648.997534664039,134.448949419473,998.083733962236,171.236035927021,109.613232323232,62.4374747474747,150.753434343434,34.9772727272728,42.4116161616162,127.868686868687,62.1329292929294,47.8549494949495,129.939797979798,10.4696338199209,7.90173871673031,12.2781690142885,5.91415866605494,6.51242014627559,11.3079037344986,7.88244437296765,6.91772719142274,11.3991139120459,2.91874150610071,2.98992925770869,2.26525755284281,2.79296193700625,2.99104147247498,3.01378040641314,2.39521369109011,3.18292202288767,4.58488674372678,0.0970671566412194,0.0820591105185823,0.0687560917969781,-0.0778135237689859,0.0846979949982868,0.0451297840615328,0.174259615075612,-0.0110641891514655,0.741867609847152,292,990,118,-572,472,656,-135,1000,165,295.644444444444,989.777777777778,120.266666666667,-576.1,475.166666666667,648.777777777778,-134.522222222222,998.011111111111,170.366666666667,0.76420450650862,0.76420450650862,0.76420450650862,0.76420450650862,0.76420450650862,0.76420450650862,0.76420450650862,0.76420450650862,0.76420450650862,51,39,49,27,28,60,29,39,68,445.802712983701,424.023904007009,437.797660259868,602.524285714286,234.9,443.442857142857,151.300645427537,130.95505584718,134.865421808714,463752.047142857,419558.82,447244.045714286,0,92.3159330925728,0,42.697680461418,0,115.169721609004,0,25.0246792731415,0,31.7284492017117,0,100.599705017402,0,54.2115041830398,0,32.7179812122945,0,104.298323413384,1
1037781,272,970,89,-590,453,616,-145,980,135,313,1009,148,-563,490,676,-116,1019,203,303,990,118,-572,476.5,651,-135,1000,165,298.03,987.49,122.59,-574.7,476.06,650.3,-132.28,998.13,168.81,297.751581971645,987.414879055041,121.142434077108,-574.642124629444,475.961002459822,650.129385741599,-131.962585320637,998.074102736538,167.790424964107,298.168157253587,987.527624930057,123.290429474473,574.728892609376,476.109126146517,650.384962925804,132.437834473386,998.157988496811,169.309214161545,83.2011111111111,75.0605050505052,173.961515151515,33.5454545454546,47.2488888888888,111.626262626263,42.2036363636364,56.4374747474748,170.498888888889,9.12146430739665,8.66374659431503,13.1894471131854,5.79184379498054,6.87378272051778,10.5653330579903,6.49643258747725,7.51248791995533,13.0575223104879,2.62289643804665,2.22737640773487,2.60746241204576,2.58001189767994,3.58012819376266,3.69635759956342,3.0349286448646,3.02812005427712,2.64647582799253,-0.191266394452659,0.209119601502807,-0.0976972904497204,0.137128181170506,-0.486372835840411,-0.202359872979108,-0.000523951533839743,0.20715660057263,-0.123790612001872,303,980,118,-572,481,656,-135,1000,165,298.2,987.555555555556,122.6,-574.9,476.166666666667,650.333333333333,-132.255555555556,997.977777777778,168.966666666667,0.76420450650862,0.76420450650862,0.76420450650862,0.76420450650862,0.76420450650862,0.76420450650862,0.76420450650862,0.76420450650862,0.76420450650862,41,39,59,27,37,60,29,39,68,445.22744522003,424.250127565411,437.577401380843,603.475714285714,236.425714285714,443.425714285714,174.419978259085,117.812566879717,174.082694345039,462563.824285714,419997.342857143,446796.325714286,0,68.0215206655647,0,57.1952416748755,0,130.197905838534,0,29.9410368605595,0,41.3282410984688,0,86.1019219844117,0,33.7667934095172,0,36.8586164394694,0,114.386742031865,1
1039343,262,960,99,-590,462,616,-145,980,135,313,1019,148,-563,490,676,-126,1009,194,292,990,118,-572,472,656,-135,1000,165,293.57,990.25,122.17,-575.33,475.6,651.2,-133.62,997.83,161.19,293.223935847691,990.156224330129,120.976320475541,-575.263323016978,475.502655648001,650.982757487197,-133.331711588985,997.777744214956,160.210968544834,293.74078708957,990.296849434552,122.75337062582,575.363302618441,475.648630819011,651.308221965607,133.765914940989,997.856086818134,161.68336339896,101.318282828283,93.7247474747475,144.324343434344,38.7081818181818,46.7272727272727,142.383838383838,39.4096969696969,52.5869696969696,160.902929292929,10.0656983278997,9.68115424289622,12.0135067084654,6.22158997509333,6.83573498076635,11.9324699196704,6.27771431093331,7.25168736894867,12.6847518419924,2.96684050629309,3.49638614985965,2.45158018458971,2.68438691521418,2.83219697160862,3.3115126887334,2.36267389437542,2.52900405167192,3.18113357898848,-0.305935731728546,-0.0574591363518263,-0.0644559635466983,0.0792664253532561,-0.0296342419378385,-0.155107959186531,-0.331851871495364,-0.204808456812807,0.281239789047609,292,990,118,-572,472,656,-135,1000,165,293.688888888889,990.222222222222,122.244444444444,-575.4,475.555555555556,651.333333333333,-133.411111111111,997.977777777778,160.933333333333,0.76420450650862,0.76420450650862,0.76420450650862,0.76420450650862,0.76420450650862,0.76420450650862,0.76420450650862,0.76420450650862,0.76420450650862,51,59,49,27,28,60,19,29,59,445.787396293545,424.56910751338,436.995081324608,602.567142857143,236.344285714286,439.457142857143,158.834610193939,143.432476332066,162.558073579754,463731.381428572,420637.264285715,445607.828571429,0,78.7151902885182,0,71.9590776634238,0,115.828615809607,0,24.3876913540467,0,41.3646791339077,0,101.37144137848,0,29.7128076534974,0,34.9855269615216,0,153.844361912391,1
1040906,272,960,89,-590,453,616,-165,980,126,313,1019,158,-563,500,686,-106,1009,194,292,990,118,-572,472,656,-135,1000,165,295.29,989.76,122.01,-575.51,473.77,654.9,-136.45,996.96,163.81,294.9276695499,989.658562357803,120.511102221815,-575.448090162849,473.622751621234,654.594343503,-135.782808932356,996.902582029458,162.913284967721,295.471064573166,989.810608146831,122.739032096558,575.540815233811,473.843676754265,655.052516978601,136.780663838132,996.988635842957,164.250449010041,108.046363636364,101.194343434343,180.232222222222,35.8281818181818,70.5223232323231,201.808080808081,91.260101010101,57.6751515151515,145.953434343434,10.3945352775564,10.0595399216039,13.4250594867294,5.98566469309648,8.39775703579968,14.205917105491,9.55301528367358,7.59441581131501,12.0811189193483,2.43715998855066,3.55373879673781,2.80823037887439,2.48769138929958,2.94047243142034,3.3111213969222,3.65787817772612,2.6610091261821,3.18433725831987,0.0439535616710813,-0.187681118377285,-0.0255023354690766,0.419848430245493,0.0785026858980021,-0.0387262837853179,-0.0844116505537494,-0.322416009322206,-0.0495490391398627,292,990,118,-581,472,656,-135,1000,155,295.377777777778,989.888888888889,121.844444444444,-575.8,473.511111111111,654.777777777778,-136.333333333333,997.233333333333,163.944444444444,0.76420450650862,0.76420450650862,0.76420450650862,0.76420450650862,0.76420450650862,0.76420450650862,0.76420450650862,0.76420450650862,0.76420450650862,41,59,69,27,47,70,59,29,68,445.794737391927,425.294527509742,436.977405794266,603.025714285714,237.068571428571,438.994285714286,180.647369195431,204.223099620216,153.096429011345,463754.168571429,422086.654285714,445574.357142857,0,71.4029679820824,0,75.9589945430953,0,150.767012135789,0,33.3309402095867,0,62.3009192710797,0,165.885450505338,0,66.2020380071311,0,37.5079758897897,0,119.02454078025,1
1042468,272,960,89,-590,453,626,-194,961,155,333,1009,138,-563,481,686,-135,1019,233,303,990,118,-572,472,656,-165,990,194,304.05,987.86,115.42,-576.32,470.52,655.4,-166.07,989.03,192.39,303.694829110341,987.753589908955,114.401020912069,-576.231496699569,470.398089448555,655.202342579158,-165.016560372099,988.914040557938,190.609117114601,304.224834620713,987.913073099046,115.918247053689,576.36424247172,470.580641335786,655.498893973132,166.586103862237,989.087837353185,193.250847346137,107.421717171717,105.919595959596,116.427878787879,51.5127272727273,57.6460606060606,130.949494949495,173.419292929293,115.564747474747,335.331212121213,10.364444855935,10.2917246348509,10.7901751045976,7.1772367435335,7.59250028686602,11.4433166061896,13.1688759174537,10.7501045332009,18.3120510080442,3.30358854876273,2.96653979171445,2.41282847072267,2.55101240133103,2.40947800349402,2.98648277750334,2.36383158078579,3.45612707164125,2.18959544168873,-0.374486489893962,-0.216650376318411,-0.076256752780287,-0.00557278325185109,-0.295385330614146,0.0769391606439698,0.126630693660879,-0.198184171316949,-0.219051735080348,303,990,108,-572,472,656,-174,990,203,304.333333333333,988,115.522222222222,-576.3,470.811111111111,655.444444444444,-166.244444444444,989.144444444444,192.544444444444,0.76420450650862,0.76420450650862,0.76420450650862,0.76420450650862,0.76420450650862,0.76420450650862,0.76420450650862,0.76420450650862,0.76420450650862,61,49,49,27,28,60,59,58,78,445.77158342769,424.963604040952,437.750235434996,603.141428571428,235.542857142857,435.15,147.827348859531,132.09693134644,384.679821268357,463698.012857143,421423.148571429,447167.815714286,0,80.275289201738,0,77.3748276290366,0,95.6534271786244,0,40.8207269611547,0,43.8285759862249,0,75.8668558252932,0,144.674509113244,0,91.9280908313687,0,258.893625314986,1
1044031,292,970,89,-590,453,626,-194,971,174,343,1009,148,-563,481,686,-155,1000,242,313,990,118,-572,462,666,-174,990,203,308.9,987.46,118.68,-572.63,464.29,660.6,-175.13,986.37,203.07,308.595703327923,987.35985820897,117.51471571767,-572.564399210721,464.197104598588,660.424615456268,-174.902524994209,986.304049508335,202.173567095267,309.054202365863,987.510121467117,119.260890488039,572.662893856412,464.336634350554,660.686915263198,175.244315171705,986.402995737543,203.519114581407,96.2525252525252,99.9882828282828,139.613737373737,38.0536363636364,43.7433333333333,116,40.4576767676767,65.7506060606061,184.449595959596,9.81083713311587,9.99941412425162,11.8158257169669,6.16876295245946,6.61387430583113,10.770329614269,6.3606349343188,8.10867474132525,13.5812221821011,3.71608519479247,2.40931964059509,2.53603751016499,3.09981572962878,2.82271271406709,3.48942493067453,4.16426194676596,2.30785187275598,3.2975712023805,0.510528751197368,0.116806605385006,0.149973136089915,-0.290002822497892,0.311489249969338,-0.505521897213439,-0.263158752678446,0.0886679274799347,0.192749435861343,303,990,118,-572,462,666,-174,990,213,308.611111111111,987.333333333333,118.7,-572.5,464.188888888889,661.111111111111,-175.088888888889,986.466666666667,202.933333333333,0.76420450650862,0.76420450650862,0.76420450650862,0.76420450650862,0.76420450650862,0.76420450650862,0.76420450650862,0.76420450650862,0.76420450650862,51,39,59,27,28,60,39,29,68,446.379907547704,424.261123962704,438.121081025783,606.445714285714,236.682857142857,434.704285714286,172.181386062685,116.447835222822,194.013897835408,464963.1,420025.071428571,447909.201428571,0,72.6580553790989,0,87.566300546982,0,105.429079747802,0,26.6532861556691,0,34.4533026658054,0,71.2113376487005,0,27.3232943062694,0,47.1781177728313,0,141.203703694594,1
1045593,282,960,89,-590,453,636,-194,961,184,333,1009,148,-554,472,696,-165,1000,233,313,990,128,-572,462,656,-174,980,203,309.31,986.49,123.25,-572.18,464.05,662.4,-176.84,983.07,207.57,309.013787261041,986.390223183661,122.031295345084,-572.092223647581,463.959420044807,662.185219965885,-176.546171897282,983.030215426121,207.024468046326,309.456216612302,986.539816733212,123.833961416083,572.223854798103,464.095194976203,662.507962216304,176.987739688375,983.089858558209,207.842223814123,91.3877777777778,99.2827272727273,145.74494949495,50.6945454545455,42.3712121212121,144.484848484849,52.8024242424242,39.439494949495,114.227373737374,9.55969548561971,9.96407182193742,12.0724872952905,7.12001021449727,6.50931733142671,12.0201850437025,7.26652766061096,6.28008717690248,10.6877206988849,3.27320739729482,2.40727115287887,2.81761132428689,2.86500547428295,2.04792229250234,3.01746542948516,2.6051438628603,3.50769171949974,2.70462784568277,-0.339660166090813,-0.126402308954942,-0.222413014090597,0.0352336106128971,-0.132295824284321,0.334057220606184,-0.210757899814224,-0.24948943844225,0.0623911131252281,313,980,128,-572,462,656,-174,980,203,309.622222222222,986.666666666667,123.444444444444,-572.2,464.222222222222,662.222222222222,-176.655555555556,983.355555555556,207.688888888889,0.76420450650862,0.76420450650862,0.76420450650862,0.76420450650862,0.76420450650862,0.76420450650862,0.76420450650862,0.76420450650862,0.76420450650862,51,49,59,36,19,60,29,39,49,446.26234721214,424.618576676843,437.25856142564,608.164285714286,237.544285714286,434.485714285714,147.222139333116,145.339772040724,118.100369398573,464725.204285714,420746.267142857,446138.022857143,0,68.6304647478929,0,76.7000544075903,0,94.0513514155296,0,43.6307516151624,0,31.4579400186889,0,101.155412872486,0,35.5185734237232,0,31.5808773122215,0,91.3986582466558,1
1047156,282,960,99,-590,453,636,-194,971,184,333,1009,158,-554,490,686,-155,1000,242,313,990,128,-572,462,661,-174,980,213,308.51,986.29,123.02,-572.09,465.08,660.9,-174.95,983.51,208.55,308.23911719606,986.201532104091,122.062379845967,-572.017776251221,464.965114211406,660.701285984133,-174.710942643035,983.459620429999,208.010831415834,308.645670632199,986.334025571459,123.498744932894,572.12609624103,465.137743039629,660.999092283794,175.070128805573,983.535210350906,208.814439155917,84.5756565656565,87.7231313131314,119.211717171717,41.7190909090909,54.2561616161616,132.313131313131,42.4722222222222,50.0908080808081,111.482323232323,9.19650240937589,9.3660627433907,10.9184118429246,6.45903173154389,7.3658781972119,11.502744512208,6.51707159867239,7.07748600004324,10.5585189885856,3.66969682793264,3.54627750084994,3.02460714326235,2.88427580657252,3.24959826848914,2.97509784737779,3.92103003095379,2.59480963878234,3.45875241917589,0.143012233383628,-0.474159845365418,0.186361200654376,0.0145507184038323,0.368303918149865,-0.115530243685213,-0.251811833553055,0.127099674419204,-0.248838889842312,313,990,128,-572,462,656,-174,980,213,308.4,986.666666666667,122.888888888889,-572.1,464.866666666667,661,-174.888888888889,983.4,208.9,0.76420450650862,0.76420450650862,0.76420450650862,0.76420450650862,0.76420450650862,0.76420450650862,0.76420450650862,0.76420450650862,0.76420450650862,51,49,59,36,37,50,39,29,58,446.061504998397,424.374482314289,437.382901645542,607.637142857143,237.381428571429,435.904285714286,119.485997349657,132.975679446364,112.616817706269,464300.957142857,420257.652857143,446397.655714286,0,73.8406544377358,0,64.7217924522243,0,92.0477262191113,0,26.31349546534,0,44.833170478649,0,99.7878817820824,0,29.0401656460034,0,33.5694320123643,0,89.6428464413404,1
1048718,282,960,89,-581,453,626,-184,971,184,333,1009,158,-563,472,696,-165,1000,242,308,980,118,-572,462,661,-174,980,213,308.14,983.88,122.93,-573.08,463.47,660.9,-175.66,983.74,211.24,307.782071269882,983.761426048488,121.870227767944,-573.025445118371,463.380154045076,660.698838266914,-175.42454437318,983.677707646336,210.552544424793,308.318666317821,983.93933756101,123.454890547114,573.107249997764,463.514886492333,661.000605143445,175.777245398829,983.771182745256,211.577409002001,111.252929292929,117.94505050505,130.631414141414,31.5490909090909,42.0293939393938,134.333333333333,41.6206060606061,61.9721212121212,144.103434343434,10.5476504157528,10.8602509411639,11.4294100522037,5.61685774335535,6.48300809342344,11.5902257671425,6.45140341790886,7.87223737015858,12.0043089906681,2.53110517300711,2.36216154582157,3.60958944355364,2.53106867994697,2.09872892481666,3.59916067089539,2.10265121829753,2.44895508763227,2.73437072568373,0.0117469478813036,0.0952784658873973,0.167531470375432,0.0857984552177259,-0.0395031843890674,0.0635069944976163,0.0620514051586374,0.160755157773225,-0.215642745119369,303,980,118,-572,462,666,-174,980,213,308.1,983.777777777778,122.777777777778,-573.2,463.577777777778,660.777777777778,-175.788888888889,983.544444444444,211.333333333333,0.76420450650862,0.76420450650862,0.76420450650862,0.76420450650862,0.76420450650862,0.76420450650862,0.76420450650862,0.76420450650862,0.76420450650862,51,49,69,18,19,70,19,29,58,445.039307019014,424.293788245595,437.773730667232,606.407142857143,236.267142857143,436.851428571429,138.405580645024,134.546376130326,145.583355750887,462187.77,420094.187142857,447200.734285715,0,60.9675240214252,0,81.3335702708349,0,87.8468621519393,0,20.1579322106877,0,36.4275759967721,0,113.458643385648,0,34.278222293322,0,47.0894214738327,0,112.169030035541,1
1050281,282,970,108,-581,444,636,-194,961,174,333,1009,148,-554,481,686,-165,990,262,313,990,128,-572,462,666,-174,980,223,308.39,987.78,125.4,-572.36,463.86,661.5,-178.3,979.68,217.02,308.108747964466,987.698583279338,124.38145045038,-572.297782905712,463.757238112875,661.316568053601,-178.009882781878,979.614909729169,215.717518735763,308.530144394352,987.820641614661,125.914256539917,572.391020195111,463.911241510701,661.591263545703,178.444669295555,979.712447608991,217.652796903692,87.331212121212,81.1026262626261,130.545454545455,35.869090909091,48.0206060606061,121.969696969697,52.1313131313131,64.219797979798,277.83797979798,9.34511702019895,9.00569965425375,11.4256489769927,5.9890809736629,6.92969018503757,11.0439891782678,7.22020173757722,8.01372559923273,16.6684726294277,3.27064824059222,2.75607480184088,2.22158396476565,2.95230166764346,2.61768658168915,2.87652225351388,2.53688757373924,2.58681153512821,3.30525650108581,-0.0377219967677765,-0.162812799167889,0.235254870962093,0.250357896706728,-0.154948161708478,-0.262835187782459,-0.00491953489447501,-0.354189622697136,-0.174110290650475,313,990,118,-572,462,666,-174,980,223,308.377777777778,987.888888888889,125.111111111111,-572.5,464.011111111111,661.666666666667,-178.166666666667,980.144444444444,217.244444444444,0.76420450650862,0.76420450650862,0.76420450650862,0.76420450650862,0.76420450650862,0.76420450650862,0.76420450650862,0.76420450650862,0.76420450650862,51,39,40,27,37,50,29,29,88,446.776707437514,424.366000402203,436.848924517735,609.244285714286,237,436.457142857143,132.811063744332,122.045114912683,296.94166922203,465786.372857143,420234.908571429,445307.88,0,55.3542841427388,0,62.5416446183841,0,102.240722446266,0,28.9890002572585,0,32.034848032665,0,98.909945464609,0,38.0153272986446,0,48.3187852520765,0,216.711775356254,1
1051843,292,960,89,-581,444,636,-194,952,194,323,1009,158,-554,481,686,-165,1000,252,313,980,128,-572,462,666,-174,980,218,308.4,983.59,127.43,-571.91,462.77,662.6,-176.71,981.99,218.09,308.153150729055,983.514184334593,126.057965994526,-571.845865510522,462.66632077352,662.402676318318,-176.439908487995,981.923066890016,217.4355891097,308.523094759533,983.627881874035,128.077749824081,571.941858933231,462.821725937752,662.698423115673,176.847363565307,982.023426400817,218.420305832585,76.7070707070707,75.2746464646465,167.176868686868,36.81,48.3607070707071,131.757575757576,49.0564646464647,66.3130303030304,145.638282828283,8.75825728710174,8.67609626875166,12.9296894273168,6.067124524847,6.95418629824562,11.4785702836885,7.00403202780118,8.14328129828697,12.0680687281886,2.44368365610847,3.44760715656962,3.75970353934834,3.9655645983121,3.76991257857282,2.27476601027956,3.10772026573565,3.94205973522142,3.1185209910254,-0.0465298881839546,-0.054372997279602,-0.233454059389171,0.584891945986793,-0.101433536336949,-0.11425199269574,-0.517257073114374,-0.118927292151203,0.294673052585068,303,980,128,-572,462,656,-174,980,223,308.5,983.555555555556,127.555555555556,-572.2,462.9,662.666666666667,-176.4,981.811111111111,217.777777777778,0.76420450650862,0.76420450650862,0.76420450650862,0.76420450650862,0.76420450650862,0.76420450650862,0.76420450650862,0.76420450650862,0.76420450650862,31,49,69,27,37,50,29,48,58,445.188239449559,424.354579747051,437.747734640526,608.322857142857,237.197142857143,438.587142857143,169.031882266215,135.713839980057,145.723293172591,462477.522857142,420210.274285714,447151.041428572,0,55.7239640222098,0,56.1712366039732,0,119.040264247801,0,31.0157802697688,0,39.8037850221669,0,107.727401965653,0,35.5277402231416,0,50.4327040757897,0,116.43908782985,1
1053406,282,960,89,-590,453,626,-194,961,194,343,1009,158,-563,481,686,-165,1000,252,313,990,128,-572,462,656,-184,980,223,309.59,986.56,125.82,-572.54,464.47,660.6,-180.73,980.19,225.29,309.266270780184,986.45389943757,124.776730480941,-572.472794611378,464.375256263236,660.401391593101,-180.500717795434,980.145135308045,224.684426449325,309.75159402334,986.613014307028,126.327115062444,572.573698313152,464.517631527588,660.699023761955,180.843772356142,980.212420855806,225.589161973708,101.092828282828,105.66303030303,129.159191919192,38.9781818181819,44.6960606060606,132.161616161616,41.5526262626263,44.3978787878787,136.248383838384,10.0544929401153,10.2792524194627,11.3648225643514,6.24325090142803,6.68551124492814,11.4961565821633,6.44613265940333,6.66317332716767,11.672548300966,3.62446327572276,2.9628476887504,3.89355515585371,3.02757456744221,2.95200202860759,3.10218795542683,2.81801809584142,3.73952504250333,2.86474376456352,0.0394312068454078,-0.0424291752288516,-0.0141541915616517,-0.28596839911833,0.411812485494317,-0.122227627781635,0.14117806031976,-0.0554918913573581,-0.123572588912235,313,990,128,-572,462,656,-184,980,223,309.6,986.555555555556,125.777777777778,-572.4,464.288888888889,660.777777777778,-180.666666666667,980.266666666667,225.366666666667,0.76420450650862,0.76420450650862,0.76420450650862,0.76420450650862,0.76420450650862,0.76420450650862,0.76420450650862,0.76420450650862,0.76420450650862,61,49,69,27,28,60,29,39,58,446.457046003535,424.277496520432,437.974521857425,609.415714285714,236.798571428571,439.178571428571,132.245882298524,134.280279830375,136.693542082871,465132.784285714,420060.201428571,447604.855714286,0,60.8332190304551,0,91.7997326649665,0,103.646483720763,0,30.5250952778453,0,32.9326328024399,0,104.804443886184,0,31.9992683057081,0,32.3306046732098,0,106.700547235847,1
1054968,282,970,99,-581,444,636,-194,952,203,333,1000,158,-563,472,686,-165,1000,242,308,990,128,-572,462,666,-174,980,223,307.37,985.9,125.12,-571.55,462.8,661.2,-177.21,979.56,221.74,307.090539802459,985.828842638359,123.979483206693,-571.483782437957,462.706511305817,661.046539729084,-176.917352068693,979.498022306945,221.149609943674,307.508292571111,985.935596273915,125.692243197422,571.583126063043,462.846648470095,661.276341630335,177.358366027656,979.59087378354,222.033105639677,85.8920202020202,70.8989898989899,144.975353535354,38.2499999999999,43.6161616161616,101.979797979798,53.1372727272727,61.0973737373736,131.386262626263,9.26779478635669,8.42015379307231,12.0405711465592,6.18465843842649,6.60425329739567,10.0985047398017,7.28953172208426,7.81648090494524,11.4623846832264,3.32760978645523,2.36085870032089,2.65307791043598,2.13689267637051,2.55954747203613,3.59438016279847,2.85721863755666,4.01705740640477,1.92680002906211,-0.2676473523078,0.0718614664026765,0.21295487368439,-0.0633508731062229,-0.118713388560555,-0.291378101367456,-0.41970630099565,-0.443119702618656,-0.0773768436573329,313,980,118,-572,462,666,-174,980,233,307.466666666667,986,124.888888888889,-571.5,462.933333333333,661.333333333333,-176.955555555556,979.888888888889,221.655555555556,0.76420450650862,0.76420450650862,0.76420450650862,0.76420450650862,0.76420450650862,0.76420450650862,0.76420450650862,0.76420450650862,0.76420450650862,51,30,59,18,28,50,29,48,39,445.871750982589,423.86695843871,437.119284661597,607.881428571429,236.764285714286,438.895714285714,151.8989617908,108.694406452248,132.017905783085,463898.095714285,419237.438571428,445865.558571429,0,61.2896946651989,0,55.9983524109651,0,100.235124570097,0,27.4705904982516,0,37.5494894451087,0,83.0865103261522,0,40.6088609770041,0,38.340537274845,0,100.489851384008,1
1056531,282,960,99,-581,444,626,-194,961,203,333,1009,158,-563,481,686,-155,1000,252,313,990,128,-572,462,666,-174,980,223,308.6,986.19,128.01,-571.64,464.89,661.6,-178.47,980.25,222.16,308.305050101717,986.083074373534,126.90477296286,-571.583556881851,464.779722557518,661.42274601476,-178.169404130818,980.194086492417,221.482048110591,308.746012119995,986.243281345936,128.553374129192,571.668225459488,464.945104286517,661.688144067883,178.616432614695,980.277945278787,222.502808971033,91.0505050505051,106.155454545454,140.818080808081,32.5963636363637,51.7554545454546,117.818181818182,52.8172727272727,55.3409090909091,153.974141414141,9.54203883090532,10.3031769151779,11.8666794347905,5.70932251991107,7.19412639209617,10.8544084047995,7.26754929307484,7.43914706743381,12.4086317301361,3.21936790483792,2.35728710378912,2.89022391505031,2.5039434847825,2.92383941921441,3.01901245857959,3.89070945120574,2.73542947886981,2.40449635283135,-0.247331183522946,-0.31083036836476,0.0133214867436638,-0.0313044509295296,-0.00687134059862477,-0.297820454199061,0.513453983623715,-0.0393467265116455,0.289894414105052,313,990,128,-572,462,666,-184,980,223,308.833333333333,986.333333333333,127.888888888889,-571.6,464.855555555556,661.666666666667,-178.688888888889,980.333333333333,221.9,0.76420450650862,0.76420450650862,0.76420450650862,0.76420450650862,0.76420450650862,0.76420450650862,0.76420450650862,0.76420450650862,0.76420450650862,51,49,59,18,37,60,39,39,49,446.296807472141,424.423372676892,437.53886922781,609.771428571429,237.792857142857,438.831428571429,156.209354882133,119.365329041009,157.160548057551,464796.805714286,420347.018571429,446724.077142857,0,91.6188212556558,0,89.4421647982613,0,103.169879728489,0,28.8783246776347,0,45.3283977772791,0,103.295885097725,0,42.381777849609,0,43.6069451824989,0,127.095357221927,1
1058093,282,960,99,-581,444,636,-194,961,194,323,1009,148,-554,472,686,-155,1000,252,313,990,128,-572,462,656,-174,980,223,308.39,985.77,127.41,-571.01,462.21,661.6,-176.61,981.36,223.02,308.120027542552,985.675787046092,126.291092804358,-570.944856269788,462.124271085418,661.406074440563,-176.328278974627,981.306277570828,222.486119769151,308.523661977489,985.817138215805,127.962377283325,571.042476528673,462.252820434878,661.697211721494,176.751209331082,981.386957321117,223.28596014976,83.290808080808,93.8758585858585,142.486767676768,37.4645454545455,39.9857575757576,129.939393939394,50.4019191919192,53.4448484848485,119.898585858586,9.12637979051979,9.68895549509123,11.9367821324161,6.12082882088247,6.32342925759098,11.3990961895842,7.0994309062008,7.31059836708655,10.9498212706229,2.7833934975039,2.93837171828508,2.40033730697905,3.06422180200054,2.8051343329083,2.56916907997326,3.43269948184514,3.76608531601347,2.77286090680122,-0.274643851154969,0.0902157312205404,0.0214845808024741,0.250318549687131,-0.0472905868107326,0.180415828235468,-0.170311487662054,0.50321205495261,0.0244335140164047,313,990,128,-572,462,656,-174,980,223,308.6,985.666666666667,127.444444444444,-571.1,462.277777777778,661.333333333333,-176.511111111111,981.011111111111,223.066666666667,0.76420450650862,0.76420450650862,0.76420450650862,0.76420450650862,0.76420450650862,0.76420450650862,0.76420450650862,0.76420450650862,0.76420450650862,41,49,49,27,28,50,39,39,58,446.065023379679,423.730539661968,437.933518986802,609.244285714286,236.914285714286,440.472857142857,143.451164529801,131.177527523264,127.602845856236,464312.849999999,418975.877142856,447521.987142857,0,58.1721170518048,0,67.4037767964943,0,113.655179931101,0,24.6533406363048,0,31.7971813117785,0,113.821384446311,0,42.1891465458295,0,40.4338249952691,0,99.4079106415504,1
1059656,292,960,99,-590,453,636,-194,961,203,333,1009,158,-563,481,686,-155,1000,242,308,980,128,-572,462,661,-174,980,223,309.19,984.05,129.43,-573.17,463.05,661.5,-176.85,980.89,222.07,308.836249121949,983.920733924815,128.234309583186,-573.097710163676,462.959972639895,661.35108204591,-176.501238410937,980.83876037262,221.617659733726,309.369439343966,984.114856101665,130.001192302225,573.206254327358,463.095227787979,661.574636756882,177.024715788502,980.915587601706,222.292712431155,112.115050505051,128.936868686869,149.681919191919,41.9809090909091,42.310606060606,99.7474747474748,62.4520202020203,50.7049494949495,99.9647474747474,10.5884394744953,11.3550371503958,12.2344562278803,6.47926763538203,6.50466033399178,9.98736575616788,7.902659058951,7.12074079678158,9.99823721836742,2.95316219874461,2.58050898545704,2.94384935733315,2.96912063552922,2.97673742949298,3.38287453933664,2.89649272159295,3.12774949908771,2.37907816081378,0.491940928433128,0.320420344347447,-0.266264503086664,-0.293014077475819,0.369411319285407,0.197949938438729,-0.139001134629911,-0.157015755470756,-0.271516984034757,303,980,128,-572,462,656,-174,980,223,308.822222222222,983.666666666667,129.777777777778,-573,462.911111111111,661.333333333333,-176.666666666667,981.044444444444,222.222222222222,0.76420450650862,0.76420450650862,0.76420450650862,0.76420450650862,0.76420450650862,0.76420450650862,0.76420450650862,0.76420450650862,0.76420450650862,41,49,59,27,28,50,39,39,39,445.586243770131,424.404170958702,437.665533343263,609.715714285714,236.305714285714,439.761428571429,161.830301306748,103.623782134067,100.649803711206,463325.061428571,420301.542857143,446977.367142858,0,92.3928361916623,0,100.106986545,0,118.523709359773,0,28.0720429522969,0,30.3453404841163,0,71.4053811502009,0,55.2881059106364,0,38.5751799995234,0,77.7166101725476,1
1061218,282,970,108,-590,444,626,-194,961,203,333,1009,158,-563,481,686,-155,990,242,308,990,128,-572,462,666,-174,980,223,307.95,986.67,130.2,-571.37,460.81,663.6,-176.6,981.64,221.94,307.624454735003,986.571977797605,129.284907373261,-571.307074511552,460.702533714215,663.378343238449,-176.358672263883,981.597696464819,221.373441762773,308.112073765375,986.719022822607,130.649148485553,571.401548825342,460.864003801555,663.710177713134,176.719268898442,981.661112604549,222.220386103526,100.856060606061,97.718282828283,118.343434343434,36.4172727272728,50.2766666666667,147.717171717172,42.5656565656566,41.869090909091,125.794343434344,10.0427118153445,9.88525583018887,10.8785768528532,6.03467254515709,7.09060411154555,12.153895331011,6.5242360905823,6.4706329604677,11.2158077477435,2.57383999933632,2.47589346005399,2.61630373371569,2.92941407828753,3.30801554321796,3.16922992209683,3.24796568222769,2.88125875872863,2.07407946648572,-0.0731399939338242,0.0411339238328061,-0.0661627611438975,-0.282247547084342,0.36595492597072,-0.278911271398248,0.22104658383841,-0.268700164019908,-0.13760734436916,303,990,128,-572,462,656,-174,980,223,308,986.555555555556,130.333333333333,-571.2,460.622222222222,663.888888888889,-176.833333333333,981.877777777778,221.877777777778,0.76420450650862,0.76420450650862,0.76420450650862,0.76420450650862,0.76420450650862,0.76420450650862,0.76420450650862,0.76420450650862,0.76420450650862,51,39,50,27,37,60,39,29,39,446.524217539058,424.121121921494,437.945046321231,610.637142857143,237.017142857143,440.134285714286,143.579662417978,156.600520238357,128.517469705481,465264.291428571,419745.668571428,447544.345714286,0,80.1223400306517,0,54.4966689080576,0,85.7900838959115,0,21.5293238537152,0,39.49187166233,0,128.408369250774,0,26.5017128120593,0,25.3549364874513,0,94.6738250790212,1
1062781,282,960,108,-581,444,636,-194,961,184,333,1009,158,-563,481,686,-165,990,252,313,990,128,-572,462,666,-174,980,223,309.92,986.38,133,-571.73,462.07,663.9,-177.28,980.89,223.83,309.627493556992,986.302892938067,132.123908151659,-571.657899701725,461.957863824677,663.747915093589,-177.056605500988,980.844682744049,223.165222231083,310.065154443385,986.418582550025,133.431630432967,571.766062301707,462.126162427534,663.975752569324,177.391995309822,980.912631175682,224.147072253911,90.9026262626262,76.8844444444444,116.161616161616,41.6536363636364,52.4293939393939,101.606060606061,40.1228282828283,44.8463636363636,143.475858585859,9.53428687750826,8.76837752634114,10.7778298447144,6.45396284182334,7.24081445276662,10.0799831649691,6.33425830566044,6.69674276319194,11.9781408651701,2.81790809775643,3.25902862095615,2.65595463137996,1.96444960991047,2.39161777137307,2.60042009228759,2.64856033455673,2.61123704383693,4.28987792178196,-0.182050689548958,0.107268651178213,-0.0243262123888778,-0.0436229474541287,0.133251538125211,-0.225027571421378,-0.141931364986489,-0.165829025206773,-0.6931016941318,313,980,128,-572,462,666,-174,980,223,310.188888888889,986.444444444444,133.111111111111,-571.7,462.022222222222,664.111111111111,-177.366666666667,981.044444444444,224.388888888889,0.76420450650862,0.76420450650862,0.76420450650862,0.76420450650862,0.76420450650862,0.76420450650862,0.76420450650862,0.76420450650862,0.76420450650862,51,49,50,18,37,50,29,29,68,446.803770244249,424.536385754617,437.86748097802,612.557142857143,237.531428571429,440.331428571429,121.229054476541,103.095506929453,144.251206321354,465842.58,420574.637142857,447385.465714286,0,70.3731225604991,0,46.9463795986552,0,73.7626274838642,0,35.6344343823535,0,45.450555240512,0,58.4823630633974,0,24.31032638537,0,33.2509013180683,0,88.654623153268,1
1064343,292,960,108,-581,444,636,-203,961,194,333,1000,158,-554,481,696,-165,1000,252,313,980,128,-572,462,666,-174,980,223,309.9,984.7,130.6,-571.1,463.18,662.8,-178.34,980.74,224.31,309.644177661707,984.605586704038,129.779971749936,-571.052912967541,463.072907985259,662.613452843022,-178.094341608219,980.681287963121,223.599877928869,310.026611760991,984.747175675056,131.002290056319,571.123401726807,463.233591182678,662.893354922193,178.465066609687,980.769412247344,224.661589952533,79.2828282828284,93.8484848484848,106.30303030303,27,50.1490909090909,125.010101010101,45.0751515151515,58.2751515151515,159.448383838384,8.90409053653591,9.68754276627901,10.3103360906922,5.19615242270663,7.08160228402379,11.180791609278,6.71380305900847,7.63381631395146,12.6272872715554,2.90085662782587,2.58590157782519,2.66441606891258,4.70247933884299,2.79026961284974,2.90133373223985,3.85188688988443,2.84857176562205,3.28547907462164,-0.296747582003691,-0.0489683558116015,-0.0911875691601924,0.633009658020734,0.0864566698649084,0.0877862529549358,-0.585995209880119,0.26302185961815,-0.0302549635865976,313,980,138,-572,462,656,-174,980,223,310.055555555556,984.888888888889,130.666666666667,-571.2,463.155555555556,662.777777777778,-178.222222222222,980.544444444444,224.355555555556,0.76420450650862,0.76420450650862,0.76420450650862,0.76420450650862,0.76420450650862,0.76420450650862,0.76420450650862,0.76420450650862,0.76420450650862,41,40,50,27,37,60,38,39,58,445.987974592461,424.288378583604,437.934800118853,610.8,237.805714285714,440.018571428571,116.412671388075,125.134965706268,162.289592889985,464145.042857143,420083.528571429,447527.678571429,0,59.8981478576006,0,73.6343487671205,0,80.7228991746125,0,18.0663743716634,0,38.4124482253417,0,101.696897589751,0,31.2899277112689,0,42.5036864769566,0,114.070981842313,1
1065906,292,960,99,-581,444,626,-194,952,194,333,1000,158,-554,481,707,-165,1000,252,313,980,128,-572,462,666,-174,980,223,311.84,984.2,129.51,-569.75,461.67,662.91,-177.72,979.22,222.81,311.537979318356,984.118270563146,128.53596167346,-569.674811445121,461.552152198354,662.639171005765,-177.376764713616,979.130131267428,222.114470032876,311.990865250892,984.240824188877,129.988345631445,569.787495475287,461.728978947607,663.045948634029,177.894013389996,979.26480586203,223.155573535594,95.0650505050505,81.1717171717171,125.383737373737,43.1590909090909,55.0112121212122,182.082727272727,62.5066666666666,88.6379797979798,155.670606060606,9.75013079425351,9.00953479219194,11.1974879939091,6.56955789297049,7.41695436963261,13.4938032916123,7.90611577619925,9.41477454844139,12.4768027178683,2.56458588870932,2.55551288489998,2.83929223468559,2.83742503537656,3.09505095613737,3.45143962505434,2.61768351468674,3.59712529740219,2.65903802661882,0.02564982333145,-0.0924848957554237,-0.0214330548054034,0.205549709107845,0.0957984498030282,0.247803903381604,-0.391220463718831,-0.272312851784538,-0.0052990608827136,313,980,128,-572,462,656,-174,980,213,311.877777777778,984.222222222222,129.666666666667,-569.9,461.677777777778,662.666666666667,-177.522222222222,979.388888888889,222.922222222222,0.76420450650862,0.76420450650862,0.76420450650862,0.76420450650862,0.76420450650862,0.76420450650862,0.76420450650862,0.76420450650862,0.76420450650862,41,40,59,27,37,81,29,48,58,445.980617497787,423.6957376152,437.12659910753,610.95,237.784285714286,438.99,135.119409850311,185.311748360683,171.691802165984,464127.972857143,418920.587142857,445887.535714286,0,71.3929047805799,0,50.521040529235,0,98.279989743639,0,30.877660753758,0,46.773532085639,0,132.746254733759,0,52.4617436569905,0,71.8868331084064,0,133.084118657521,1
1067468,282,950,108,-581,444,636,-223,952,194,333,1009,158,-554,481,686,-165,1000,252,313,990,128,-572,462,666,-184,980,223,310.11,986.37,130.9,-571.28,462.77,662.6,-181.06,980.66,222.37,309.799701730389,986.262446912184,130.005037494593,-571.221255052847,462.677248254446,662.433495477965,-180.557389656853,980.590915262483,221.54370077925,310.264000489905,986.423555071552,131.35219830669,571.309320771156,462.816281044649,662.683333123748,181.320158835139,980.694488615083,222.783325228797,96.5029292929293,106.720303030303,119.787878787879,33.8399999999999,43.269797979798,111.555555555555,95.2286868686869,68.3276767676767,185.851616161616,9.82359044814722,10.3305519228308,10.9447649032713,5.81721582889959,6.57797825929806,10.5619863451699,9.75851868208935,8.26605569589733,13.632740596139,2.89553885204824,3.80157578575284,2.80925716958391,2.98836839525758,3.52010450616672,2.64368583418786,5.21608454860809,3.5883452011394,2.40802063115876,-0.167418460228456,-0.364494917891029,0.289506158886822,0.151221820088749,-0.105290624721898,0.0911513763264458,-0.841163883561607,-0.16177491523761,0.108050183404625,313,990,128,-572,462,666,-184,980,223,310.288888888889,986.555555555556,130.666666666667,-571.3,462.9,662.444444444444,-180.711111111111,980.666666666667,222.322222222222,0.76420450650862,0.76420450650862,0.76420450650862,0.76420450650862,0.76420450650862,0.76420450650862,0.76420450650862,0.76420450650862,0.76420450650862,51,59,50,27,37,50,58,48,58,446.713541795999,424.195103848587,437.939535629525,611.734285714286,237.467142857143,437.987142857143,131.67144090044,115.81061097455,189.908761168621,465663.677142858,419889.621428572,447544.752857143,0,81.717544486473,0,89.1067988499659,0,89.3306393861921,0,23.9840980511681,0,36.2613383818705,0,68.7865860484464,0,72.4547520050927,0,46.9765986654065,0,122.449005009627,1
1069031,282,970,108,-590,444,636,-203,952,194,333,1009,158,-563,481,707,-174,1000,252,313,980,128,-572,462,666,-184,980,223,310.68,984.68,130.2,-572.72,460.52,664.21,-187.58,977.38,224.12,310.313511606157,984.582812055057,129.214507856187,-572.664421429592,460.423898765314,663.983359101674,-187.340950080249,977.322270065822,223.446747377422,310.860097149827,984.728703755506,130.687413318957,572.747832819994,460.568192562187,664.324115172707,187.698321782588,977.408819276765,224.450128090852,113.068282828283,96.8864646464647,128.444444444445,32.2036363636363,44.8379797979797,153.137272727272,44.8521212121212,56.9046464646465,149.581414141414,10.6333570817632,9.84309222990746,11.3333333333333,5.67482478704288,6.69611677003767,12.374864553896,6.69717262821567,7.54351684989478,12.2303480793236,3.07569751373245,2.44361121131058,2.42546779693453,3.16572476700377,3.26668529918576,3.93858079213372,2.51914575113533,4.09336245536695,3.14575499844741,-0.430925004816075,0.243341809660797,0.0209885772126216,-0.182331389284563,0.239635131761054,0.433422465866909,0.221696682652645,-0.180630382887967,-0.227657540081803,313,980,128,-572,462,666,-184,980,223,310.922222222222,984.444444444444,130.333333333333,-572.7,460.4,664,-187.777777777778,977.577777777778,224.266666666667,0.76420450650862,0.76420450650862,0.76420450650862,0.76420450650862,0.76420450650862,0.76420450650862,0.76420450650862,0.76420450650862,0.76420450650862,51,39,50,27,37,71,29,48,58,446.068409680795,424.569835824455,437.244067976364,610.954285714286,236.575714285714,434.537142857143,144.983443603262,156.262665087804,152.683697324566,464315.922857143,420638.429999999,446115.651428572,0,78.7275485361337,0,69.7393172828409,0,111.017748822967,0,24.4604472833841,0,34.2390200438248,0,127.638825008438,0,38.4336547147146,0,50.5527730600194,0,124.366517358109,1
1070593,282,960,108,-581,435,646,-213,961,194,333,1000,168,-554,481,686,-174,1000,271,313,980,128,-572,462,666,-184,980,233,311.25,984,130.9,-572.36,461.98,662.5,-188.33,977.48,231.17,310.981354954453,983.908497870931,130.034012095163,-572.297782905712,461.840115960095,662.353761116636,-187.97673928808,977.422385718628,230.119529039688,311.382321270813,984.045730644669,131.336971184811,572.391020195111,462.049521155471,662.573014844402,188.505994599641,977.508864409935,231.684764281124,83.219696969697,90.9090909090909,115.747474747475,35.8690909090909,64.8884848484848,97.7272727272727,66.9910101010101,56.999595959596,240.667777777778,9.12248304847408,9.53462589245592,10.7586000365974,5.9890809736629,8.05533890339102,9.88571053224161,8.18480360796825,7.5498076769939,15.513470848839,4.35218208689564,2.62814814814815,3.69407379090192,2.95230166764346,3.57073802143278,2.20513590930032,2.84926804728009,3.73431688034915,3.06640617074457,-0.408868220684186,-0.0281091347570523,0.333166387792642,0.250357896706728,-0.298800199402557,-0.0748700991297025,-0.0050660110247636,0.280942664251571,-0.145010164421408,313,980,128,-572,462,666,-194,980,233,311.555555555556,984.111111111111,130.777777777778,-572.5,462.222222222222,662.555555555556,-188.2,977.477777777778,231.222222222222,0.76420450650862,0.76420450650862,0.76420450650862,0.76420450650862,0.76420450650862,0.76420450650862,0.76420450650862,0.76420450650862,0.76420450650862,51,40,60,27,46,40,39,39,77,445.89360157447,424.277210697703,438.039283253815,611.207142857143,236.622857142857,437.28,118.736673259282,102.751306955142,244.066505782607,463951.864285714,420053.245714286,447743.965714286,0,57.7377669325492,0,74.6723405030647,0,81.2546501339263,0,27.266703041234,0,56.4199742702583,0,73.4100226533212,0,53.0582532904665,0,50.8751216778505,0,174.304737997473,1
1072156,282,960,99,-590,444,636,-203,952,213,333,1009,148,-554,481,686,-174,990,271,313,980,128,-572,462,666,-194,971,242,311.73,984.58,128.51,-573.98,461.76,661.6,-189.82,972.75,243.19,311.408174073897,984.464423599129,127.609772219541,-573.90192849412,461.626005964627,661.397041813304,-189.553371828456,972.690704527361,242.55443796253,311.889483631622,984.637811583528,128.945608688315,574.018919548825,461.827500263897,661.701745501703,189.951678065765,972.779569069992,243.505831552347,100.461717171717,114.993535353535,113.282727272727,45.130909090909,62.9721212121212,136,50.5127272727272,58.1085858585859,155.266565656566,10.0230592720844,10.7235038748319,10.643435877231,6.71795423405884,7.93549754030088,11.6619037896906,7.10723063314588,7.62289878317861,12.4606005335443,3.05405338422828,2.43364219927732,2.66028252637416,2.89490866046747,3.1365654324428,2.55717074276369,2.69772440014214,3.07209881148853,2.48093934328402,-0.204251125453501,0.0555676069177478,-0.232059730441059,0.231170246646826,0.476152343508637,0.180780984428437,0.258883656573237,-0.322987970979854,-0.0319313927862598,313,980,128,-572,462,666,-194,971,242,311.866666666667,984.555555555556,128.666666666667,-574.1,461.377777777778,661.333333333333,-189.966666666667,972.866666666667,243.177777777778,0.76420450650862,0.76420450650862,0.76420450650862,0.76420450650862,0.76420450650862,0.76420450650862,0.76420450650862,0.76420450650862,0.76420450650862,51,49,49,36,37,50,29,38,58,446.066333571092,424.387006957914,437.395644766345,610.637142857143,235.448571428571,439.765714285714,134.848030254673,148.239540608036,161.009250283625,464320.131428571,420270.668571429,446432.922857143,0,72.7683465005094,0,88.4639167639819,0,97.416584106427,0,25.4588781443569,0,55.7628115865728,0,124.447556565801,0,33.2906353185044,0,45.2311693544486,0,136.411235274421,1
1073718,282,960,99,-590,444,636,-203,961,194,333,1009,158,-554,481,696,-165,990,271,313,990,128,-572,462,666,-184,980,223,311.93,985.08,129.91,-572.54,461.19,662.2,-186.96,979.28,227.22,311.560960393262,984.967952956218,128.892844650298,-572.458598754289,461.087200233389,661.9956278001,-186.664828345375,979.219420986768,226.123884028775,312.112880221243,985.13583834921,130.404639488018,572.580771594716,461.241487726332,662.302347874443,187.10676096817,979.3102062166,227.773220550617,115.277878787879,111.124848484849,130.062525252525,47.16,47.9736363636364,136.929292929293,55.4529292929293,59.7591919191919,254.254141414142,10.7367536428791,10.541577134606,11.4044958350874,6.86731388535576,6.92630033738333,11.7016790645314,7.4466723637427,7.73040696982972,15.9453485823967,3.24808513655527,3.1272738564728,2.96325565987445,3.09805724203593,3.0048068530227,2.87815525573903,3.07990434737483,2.77184393370647,2.55589546639745,-0.173314420657845,-0.285919680273694,-0.115435713844344,-0.173744256291845,0.147725089344185,0.126878547109708,0.0468877747406808,-0.33503446566022,0.253846750027355,313,980,128,-572,462,666,-184,980,223,312.088888888889,985.444444444444,130.111111111111,-572.4,461.144444444444,661.888888888889,-186.888888888889,979.7,226.855555555556,0.76420450650862,0.76420450650862,0.76420450650862,0.76420450650862,0.76420450650862,0.76420450650862,0.76420450650862,0.76420450650862,0.76420450650862,51,49,59,36,37,60,38,29,77,446.375032780253,424.083870853292,438.293780911593,611.537142857143,236.078571428571,436.945714285714,144.721794288998,142.981710730289,263.469922076159,464962.474285714,419672.935714285,448259.168571429,0,88.1680426714033,0,75.2002769142681,0,87.0219769501007,0,36.0948959498082,0,43.3445730925541,0,125.885579718264,0,42.3278384808367,0,44.9214780732548,0,198.00528216048,1
1075281,292,960,99,-600,453,626,-203,961,203,333,1009,158,-563,481,686,-174,990,262,313,980,128,-572,462,666,-184,980,233,312.41,983.89,129.11,-572.37,460.78,663.2,-185.69,976.18,234.26,312.085302221092,983.778776927834,128.183677169719,-572.299297606557,460.691757199838,662.977542420621,-185.475818968871,976.134486166916,233.576454768325,312.570552035856,983.945532029085,129.562996260506,572.405738964941,460.824521916966,663.310183850663,185.797012893103,976.202786310304,234.589428576822,101.355454545455,110.381717171717,118.361515151515,41.3263636363637,41.4460606060606,147.636363636364,40.1554545454546,44.9369696969697,156.012525252525,10.0675446135319,10.5062703740061,10.8794078493048,6.42855844154532,6.43786149323365,12.1505705066208,6.33683316376994,6.70350428484757,12.4904973981233,2.73321743041594,2.69215914316612,3.11274799474551,5.96202392168451,3.67474796427047,3.44355377241397,2.80393389629689,2.93830991326639,3.28686393586113,-0.284220587520747,-0.114016863916618,-0.0594906143375336,-1.02725289888027,0.686642940185085,-0.469887972387234,-0.0487167943737738,0.203724868710339,-0.562730299425868,313,980,128,-572,462,666,-184,971,242,312.511111111111,984.111111111111,129.222222222222,-572,460.388888888889,663.555555555556,-185.777777777778,976.144444444444,234.677777777778,0.76420450650862,0.76420450650862,0.76420450650862,0.76420450650862,0.76420450650862,0.76420450650862,0.76420450650862,0.76420450650862,0.76420450650862,41,49,59,37,28,60,29,29,59,445.906992680866,424.24022189064,437.579180191895,610.89,236.404285714286,439.178571428571,131.24258015657,148.306340631706,157.035824315865,463986.741428571,419994.844285714,446796.261428572,0,75.8126266939548,0,91.950413221184,0,82.1549955599544,0,34.2354790396697,0,33.06818672394,0,126.34904923216,0,28.7682823744818,0,37.609081421431,0,109.270150018689,1
1076843,292,960,108,-590,425,626,-213,961,213,333,1009,158,-563,481,686,-165,990,281,313,980,128,-572,462,666,-194,975.5,242,310.72,982.78,130.6,-572.36,461.13,661,-189.1,974.6,242.13,310.429119603772,982.656612044734,129.695325391083,-572.284131666003,460.95261136227,660.787988401898,-188.709526909635,974.550663106685,241.387058927706,310.864922434166,982.841604735982,131.063343464143,572.398095734079,461.217833566743,661.105135360481,189.293211711355,974.624594395196,242.495092733853,90.9915151515153,122.314747474747,122.464646464647,44.0509090909092,81.8314141414142,140.40404040404,73.8484848484849,48.4242424242424,178.720303030303,9.53894727690196,11.0595997881816,11.0663745854117,6.63708588846861,9.04607175194925,11.8492210884952,8.59351411521997,6.95875293599668,13.3686313072918,2.5434851824705,2.67798449154495,3.03572824571694,3.0012165262105,4.74504960015402,3.12225040111795,3.00365394509832,2.72209577783661,3.07882617071133,-0.0618373826198923,-0.107773085600821,0.461999680215367,-0.393180683662798,-0.420511571360565,-0.42104342552459,0.12802929295028,-0.409748535303831,-0.187965451109613,313,990,128,-572,462,666,-194,980,242,310.855555555556,982.888888888889,130.222222222222,-572.1,461.288888888889,661.333333333333,-189.155555555556,974.722222222222,242.433333333333,0.76420450650862,0.76420450650862,0.76420450650862,0.76420450650862,0.76420450650862,0.76420450650862,0.76420450650862,0.76420450650862,0.76420450650862,41,49,50,27,56,60,48,29,68,445.319613544525,423.687009242053,437.999021585914,610.328571428571,235.615714285714,440.412857142857,133.637409797436,143.751107181568,183.733992936994,462768.094285714,418894.915714285,447655.238571429,0,70.8072609663444,0,92.5550217342233,0,74.5231628579801,0,36.8339810513948,0,79.7640640369408,0,99.7301583755567,0,58.9377418135552,0,38.4385348829122,0,136.392809454391,1
1078406,282,960,99,-581,444,636,-203,952,194,343,1009,158,-563,490,696,-174,990,271,313,980,128,-572,462,666,-184,971,247,312.12,983.88,131.41,-570.92,460.81,663.6,-185.66,973.52,246.16,311.793517585538,983.793776851211,130.552682546883,-570.865330482245,460.674950560665,663.366858887837,-185.389361028233,973.462575639922,245.511058092981,312.281283460921,983.923076261554,131.834631262047,570.947353089582,460.878649971986,663.716204412699,185.796447759369,973.548683939329,246.46805066783,101.722828282828,85.6218181818181,112.91101010101,31.5490909090909,63.9130303030304,155.79797979798,51.1963636363637,56.4137373737374,153.287272727273,10.0857735589705,9.25320583267324,10.6259592555689,5.61685774335535,7.99456254607032,12.4819060963452,7.15516342485367,7.51090789277418,12.3809237428906,3.53600820310843,3.6319831809488,3.57650928622803,2.53106867994697,5.24741979468012,2.613792591381,2.94065182707153,3.0922921024827,5.39190302224675,-0.286597056215505,-0.0606116443099698,0.120938384656173,-0.0857984552177259,1.02378531016722,-0.133458695236422,-0.297578388100265,-0.110226044667959,-0.791287669982092,313,980,128,-572,462,666,-184,971,252,312.411111111111,983.888888888889,131.333333333333,-570.8,460.322222222222,663.555555555556,-185.444444444444,973.4,246.6,0.76420450650862,0.76420450650862,0.76420450650862,0.76420450650862,0.76420450650862,0.76420450650862,0.76420450650862,0.76420450650862,0.76420450650862,61,49,59,18,46,60,29,38,77,445.985582041296,424.009160594055,437.690430991222,611.747142857143,237.21,443.151428571429,135.13299295078,160.494452940896,158.573095837599,464144.824285714,419532.518571429,447027.368571429,0,72.7121672104748,0,67.6376726832633,0,95.6308962451234,0,21.4402854617471,0,53.3026720580265,0,143.27788745867,0,35.9062197551725,0,30.8288416275179,0,109.804369028143,1
1079968,282,950,99,-581,444,626,-203,952,223,343,1009,158,-554,481,686,-174,990,281,313,985,128,-572,462,666,-184,971,252,311.81,984.29,128.21,-571.46,459.82,662.4,-186.18,973.05,250.81,311.463359660044,984.194176166925,127.22127638448,-571.392247718886,459.696762042169,662.164097888426,-185.840949448962,972.99081784428,250.100623326878,311.982291164098,984.337751993694,128.697979782124,571.493761995702,459.881745669471,662.517018649332,186.347685791909,973.079580507165,251.16160136454,108.559494949495,94.9554545454546,126.632222222222,38.9781818181819,57.3612121212121,156.606060606061,63.0985858585859,58.1489898989898,178.276666666667,10.4191887855771,9.74450894326926,11.2530983387786,6.24325090142803,7.57371851346564,12.5142343196082,7.94346183087613,7.62554849823866,13.3520285599854,3.6217760506642,3.49014065301787,3.17285081173658,3.02757456744221,2.84347961113433,2.8928166345567,1.97057823332627,3.01291374237779,2.27939336071319,-0.083849288107615,-0.312600407334614,0.0620654400891489,0.28596839911833,0.159301644537494,-0.38276047074816,0.206023621003339,-0.02817243509609,-0.0844535782203417,313,990,128,-572,462,666,-194,971,252,311.733333333333,984.333333333333,128.111111111111,-571.6,459.922222222222,662.666666666667,-186.222222222222,972.877777777778,250.788888888889,0.76420450650862,0.76420450650862,0.76420450650862,0.76420450650862,0.76420450650862,0.76420450650862,0.76420450650862,0.76420450650862,0.76420450650862,61,59,59,27,37,60,29,38,58,445.94884178291,423.602173140688,438.029520679116,610.418571428571,236.04,444.72,141.393713850351,160.607219650855,181.38399373559,464064.398571429,418725.06,447724.92,0,71.4475294242298,0,68.111836949782,0,95.7443600471227,0,31.8162438245275,0,42.8746268688042,0,102.718788088173,0,42.4175697672837,0,38.9157188598913,0,115.688815069768,1
1081531,292,960,108,-590,444,636,-203,952,213,333,1000,168,-554,481,686,-155,1000,281,313,990,128,-572,462,666,-184,971,252,313.44,985,131.1,-571.55,460.18,663.5,-184.39,972.41,248.81,313.150862127681,984.905321827139,129.991608210857,-571.475290880309,460.046321767839,663.308046801981,-183.994309043329,972.358338036427,248.205552819193,313.582365575617,985.047206990609,131.653332658159,571.587377397367,460.247172723527,663.595509327783,184.584316776914,972.435874492504,249.108550636063,90.1680808080807,93.9393939393939,146.858585858586,43.1590909090909,62.4521212121212,128.030303030303,72.4221212121212,50.830202020202,150.155454545455,9.49568748475226,9.6922336919512,12.1185224288519,6.56955789297049,7.90266544984167,11.3150476371204,8.51011875429016,7.12953028047444,12.2537934757141,2.62787873852055,2.59278529309747,2.93327203245909,2.75979874665889,3.25177192137402,2.69335807569763,3.37914954199779,4.65635617839056,3.03567748354884,-0.454799875441307,-0.267600437349787,0.175737530836135,-0.0763470348115064,0.332790367921099,-0.254906582209348,0.264628687833088,0.258689325169075,-0.134961683938788,313,990,128,-572,462,666,-184,971,252,313.877777777778,985.222222222222,131.111111111111,-571.5,460.122222222222,663.666666666667,-184.444444444444,972.388888888889,248.9,0.76420450650862,0.76420450650862,0.76420450650862,0.76420450650862,0.76420450650862,0.76420450650862,0.76420450650862,0.76420450650862,0.76420450650862,41,40,60,36,37,50,48,48,68,446.597740045526,424.003437459901,437.415158796796,612.66,236.627142857143,444.355714285714,149.573091615012,130.549881487022,157.823747591796,465421.928571428,419527.967142857,446467.701428571,0,70.0709786507162,0,86.4725749075692,0,120.540695734046,0,33.0633187039894,0,56.3621887799352,0,104.917744373139,0,67.7364870680814,0,35.5859067950727,0,103.260104448661,1
1083093,292,970,108,-581,444,636,-203,952,213,333,1009,158,-554,472,696,-165,990,281,313,980,128,-572,462,666,-184,971,242,312.88,984.29,131.7,-571.91,460.53,665.3,-184.79,973.18,245.59,312.639122603489,984.210966527155,130.756777945949,-571.834678348447,460.433380705568,665.127758843303,-184.484865894188,973.120568934452,245.049640025377,313.001118208865,984.329624668485,132.159751815748,571.947523816652,460.57823439672,665.386053355494,184.942017940759,973.209699910559,245.8617701067,76.571313131313,78.7938383838384,122.535353535354,43.3554545454545,44.8778787878787,115.666666666667,56.7736363636364,58.3915151515151,134.91101010101,8.75050359301184,8.87658934410275,11.0695688053037,6.58448589834123,6.69909537086006,10.7548438699345,7.5348282238971,7.64143410306698,11.6151198918053,2.90014731620948,2.68334824924951,2.69899010242246,2.72483722142078,2.89099976501994,3.32028572404518,2.63205163073823,3.5507835051276,3.89110338834597,0.260709961888046,0.320776123782823,-0.140102866294969,0.295802866063442,-0.0765885276100899,-0.00749654787874913,0.0121292763439734,-0.0453722074863409,0.267796333530291,313,980,138,-572,462,666,-184,971,242,312.555555555556,984.111111111111,131.888888888889,-572.1,460.611111111111,665.333333333333,-184.777777777778,973.122222222222,245.522222222222,0.76420450650862,0.76420450650862,0.76420450650862,0.76420450650862,0.76420450650862,0.76420450650862,0.76420450650862,0.76420450650862,0.76420450650862,41,39,50,27,28,60,38,38,68,446.262745832612,424.682170544212,437.421410238548,612.372857142857,237.394285714286,443.134285714286,126.911617546726,119.090920401453,135.270420117996,464717.447142857,420854.948571429,446480.862857143,0,50.568565207087,0,61.9105942699087,0,85.2171070421734,0,34.3911511166495,0,38.5303413731765,0,86.6818923719446,0,39.3016517310911,0,45.6172050545827,0,116.692432834647,1
1084656,292,960,108,-590,444,626,-194,952,223,333,1019,168,-563,481,686,-174,1000,271,313,980,128,-572,462,666,-184,971,242,313.33,983.28,133.1,-570.92,459.81,663.9,-185.8,974.63,245.61,312.967908495915,983.196080228112,132.144099225783,-570.854302382211,459.698097629315,663.686088693337,-185.556750555675,974.561804008687,245.08937165535,313.509888201313,983.322134399506,133.576195484076,570.953027840294,459.866208804256,664.005873467999,185.920413080436,974.664029294197,245.87258895615,113.900101010101,83.6985858585858,128.272727272727,38.0945454545455,52.2160606060606,142.010101010101,45.2121212121212,67.0031313131314,130.361515151515,10.672399027871,9.14869312298679,11.3257550420591,6.17207788791955,7.22606812907687,11.9167991092449,6.72399592594472,8.18554404503032,11.4175967327417,2.38701874299542,4.97158270249399,3.25078283609184,3.50972473163993,2.90640089323624,3.32954873636921,2.19901194814405,3.72682806977106,2.53605964633432,-0.133572353243439,0.48580966560842,0.163797409171554,-0.533028408982292,0.326423923812319,-0.524912996676935,0.225527869894703,-0.216694912750821,0.268300264598311,313,980,128,-572,462,666,-184,980,242,313.422222222222,983,133.111111111111,-570.6,459.711111111111,664.222222222222,-186,974.622222222222,245.444444444444,0.76420450650862,0.76420450650862,0.76420450650862,0.76420450650862,0.76420450650862,0.76420450650862,0.76420450650862,0.76420450650862,0.76420450650862,41,59,60,27,37,60,20,48,48,445.99938772878,423.894203234287,438.094059656079,612.732857142857,236.91,443.331428571429,142.059856109847,145.596348992723,143.821058785275,464165.772857143,419300.61,447852.728571429,0,71.6327575572607,0,49.3642693230019,0,100.66302509613,0,32.2354930885386,0,43.9386674218961,0,109.361393817995,0,36.8896666032952,0,54.7553618888667,0,99.5330452553794,1
1086218,292,960,108,-590,444,636,-203,952,213,333,1009,168,-554,481,686,-165,1000,281,313,985,138,-572,462,666,-184,971,242,311.28,984.98,134.1,-570.74,460.88,662.4,-184,973.37,246.26,310.906066446879,984.884401472758,132.828481132549,-570.688867319865,460.744685129131,662.259827526588,-183.670526332393,973.317457233668,245.702913611923,311.466210045327,985.02772549812,134.731585012572,570.765573593923,460.947719378239,662.470225746033,184.16416589554,973.39627593288,246.541071629049,117.132929292929,94.9692929292928,171.50505050505,29.4872727272727,63.0561616161616,93.9797979797981,61.0505050505051,51.669797979798,139.911515151515,10.8227967408119,9.74521897800623,13.095993681468,5.43021847877898,7.94079099436332,9.69431781920719,7.81348226148272,7.18817069773653,11.8284198078828,2.57331903733996,3.27366455305161,2.78462862913487,4.50491807721351,2.42396252875064,2.97797598495899,2.68624615164943,5.05938149860909,3.78531565142204,-0.0543506328681126,-0.132045154386066,0.124687729871787,-0.0652245954832072,0.0820620134882937,0.168800480809968,0,0.055102308538564,0.32939058316661,313,980,138,-572,462,656,-184,971,242,311.144444444444,985.111111111111,134,-570.6,461,662.333333333333,-184,973.444444444444,245.955555555556,0.76420450650862,0.76420450650862,0.76420450650862,0.76420450650862,0.76420450650862,0.76420450650862,0.76420450650862,0.76420450650862,0.76420450650862,41,49,60,36,37,50,38,48,68,446.486612050864,423.627526006453,437.506446641327,613.011428571428,236.802857142857,443.841428571429,174.138985284176,104.067117741243,149.841001952479,465190.037142857,418762.688571429,446656.821428572,0,93.4528012453761,0,70.6322536748388,0,138.866182101748,0,23.0290948229393,0,47.0001522842539,0,65.1203295342831,0,57.1028613455182,0,32.4959371684136,0,104.080572708934,1
1087781,292,950,108,-590,444,636,-194,961,223,343,1009,158,-554,472,686,-174,1000,271,313,990,138,-572,462,666,-184,971,252,310.97,983.59,135.1,-571.28,459.55,664.2,-184,974.31,248.28,310.546232890999,983.464703454694,134.17244091455,-571.207121197085,459.438752964572,664.024348734462,-183.803977272727,974.24983647241,247.805649325573,311.182502721474,983.652281042442,135.552941687003,571.316409706565,459.60582024165,664.287889397361,184.097800095493,974.340192130038,248.517041669178,133.544545454546,123.759494949495,123.828282828283,42.0218181818181,51.8257575757575,117.939393939394,36.3636363636364,59.4281818181817,118.951111111111,11.5561475178602,11.1247244887006,11.1278157258414,6.48242378912534,7.19901087481868,10.8599905128593,6.03022689155527,7.70896762337096,10.9064710658907,2.56759853464178,3.23624758501397,2.28249750216393,3.241447579119,2.40503358018115,2.70032888679512,2.77777777777778,3.59247896811049,2.84167401545206,0.144450235142427,-0.495460864408422,-0.161404708554486,0.0440778512614014,0.251818449168008,0.0763567579658392,0,0.486454135398707,0.0790956136336153,313,990,138,-572,462,666,-184,971,252,310.688888888889,983.888888888889,135.111111111111,-571.3,459.522222222222,664.111111111111,-184,974.066666666667,248.2,0.76420450650862,0.76420450650862,0.76420450650862,0.76420450650862,0.76420450650862,0.76420450650862,0.76420450650862,0.76420450650862,0.76420450650862,51,59,50,36,28,50,20,39,48,445.9343687328,424.012905970572,438.094533567369,612.711428571429,236.772857142857,445.11,147.684085346434,121.944624068304,126.42540792824,464048.982857143,419536.435714286,447853.512857143,0,84.1545393340657,0,85.4758616984907,0,96.3744215416898,0,28.8065946131418,0,39.5373639536875,0,96.885455848956,0,25.8131575295011,0,40.1065850014381,0,107.179462707173,1
1089343,282,950,99,-581,444,636,-203,952,213,333,1000,168,-554,481,686,-165,1009,271,313,980,138,-572,462,666,-184,971,242,313.13,982.7,133.21,-571.1,460.45,663.6,-182.31,974.47,243.81,312.788817588346,982.588108600517,131.784818499883,-571.033286778008,460.337729794923,663.412969885956,-182.073616235667,974.408460239617,243.197044669848,313.29770187475,982.755819112764,133.907318694685,571.133329442434,460.50649289668,663.69360400715,182.427821343127,974.500903026775,244.110569209938,106.114242424242,110.818181818182,188.147373737374,38.4545454545455,52.5530303030303,125.49494949495,43.4079797979798,60.8374747474747,148.135252525253,10.3011767494904,10.5270215074437,13.7166823152457,6.20117290958295,7.24934688803276,11.2024528338641,6.58847325242956,7.79983812315837,12.1710826357088,2.97616182032616,2.85853569209122,2.8655900543183,2.55545495699411,3.15575022155335,2.8962484176815,3.6241169716278,6.19665906822203,2.56048519181965,-0.450006649241867,-0.189999320936505,0.00525274159519,0.0558631882332472,0.441334554787521,0.0926852180999267,-0.0146052169797378,0.583504601544131,-0.301381499942951,313,980,138,-572,462,666,-184,971,252,313.422222222222,982.888888888889,133.111111111111,-571.1,460.222222222222,663.555555555556,-182.222222222222,974.244444444444,244.077777777778,0.76420450650862,0.76420450650862,0.76420450650862,0.76420450650862,0.76420450650862,0.76420450650862,0.76420450650862,0.76420450650862,0.76420450650862,51,50,69,27,37,50,38,57,58,445.755709749338,423.977966208156,437.576166886776,612.445714285714,236.978571428571,443.987142857143,194.945716487443,129.827924219789,154.095950304032,463669.551428571,419463.732857143,446795.095714286,0,67.012121765924,0,98.0036423925944,0,124.143004318746,0,35.9866397369763,0,41.7438666321407,0,95.7507088801569,0,29.7005395111735,0,47.3421321389147,0,106.645581782307,1
1090906,272,970,108,-581,444,636,-203,952,213,343,1009,158,-554,472,707,-165,1000,271,313,980,138,-572,462,666,-184,971,242,312.41,983.78,134.6,-571.73,459.58,666.21,-186.02,974.18,245.68,311.962234313123,983.706560783996,133.659153005998,-571.677568850882,459.449470937368,665.981387480141,-185.623886710807,974.105095963183,245.076090388286,312.62653438248,983.816863039052,135.061467487955,571.756145572568,459.645406808335,666.324643098242,186.212298197514,974.217439794628,245.979226765188,136.70898989899,73.2642424242423,125.696969696969,30.1990909090909,60.7309090909091,154.308989898989,72.3026262626262,73.6844444444444,148.603636363636,11.6922619667449,8.55945339517906,11.211465992321,5.49536995197693,7.79300385544041,12.4221169652757,8.50309509899932,8.58396437809736,12.1903091168205,4.37603925168459,3.33016170806325,2.53918391423472,3.53210438653675,2.26634132549292,3.47455291060007,2.76968447901965,3.39147851712918,2.79044564466793,-0.766093057783403,0.471511403962789,-0.0802557900158885,0.253093159894674,0.154548736574553,0.208116611210374,0.560099602583234,-0.0141203200534822,-0.0809979606553336,313,980,138,-572,453,666,-184,971,242,312.955555555556,983.444444444444,134.555555555556,-571.8,459.755555555556,666.111111111111,-186.444444444444,974.122222222222,245.744444444444,0.76420450650862,0.76420450650862,0.76420450650862,0.76420450650862,0.76420450650862,0.76420450650862,0.76420450650862,0.76420450650862,0.76420450650862,71,39,50,27,28,71,38,48,58,446.170753651562,424.716697813256,437.939675752653,613.195714285714,237.454285714286,443.074285714286,150.783502145617,160.953384901963,155.94624620768,464516.815714286,420928.937142857,447548.751428571,0,116.262739380394,0,49.4430050770736,0,81.4752299936285,0,24.299168218536,0,53.0452735776407,0,113.059317831203,0,57.0145848144357,0,52.9102362699328,0,112.043839871709,1
1092468,292,960,108,-581,435,636,-203,952,223,333,1009,158,-563,472,696,-165,990,271,313,980,128,-572,462,666,-184,980,247,313.05,983.79,132.1,-571.73,459.88,663.8,-184.59,975.69,245.94,312.745809171918,983.709639911613,130.921369707591,-571.680536451033,459.776427597062,663.582609434037,-184.309266571628,975.636458990425,245.423070207671,313.201772025638,983.830173353105,132.674790371042,571.754728882936,459.931516641336,663.909331159007,184.729992150706,975.716716060558,246.196750587817,96.0075757575758,79.8443434343435,153.727272727273,28.5627272727273,47.8642424242424,146.626262626263,52.2241414141415,52.6605050505049,127.632727272727,9.7983455622659,8.93556620670137,12.3986802816781,5.34441084430523,6.91839883385183,12.1089331745725,7.22662725025592,7.25675582133676,11.2974655242991,2.68142712481757,2.90374848536422,2.38002318395335,2.85784241525924,3.83631245405809,2.93732965082344,3.65424981277191,3.54995370899944,2.34574611686518,-0.00788574843710533,0.000993452568438294,-0.112308055343873,-0.00701041163925294,-0.302154259997167,0.359480870078696,-0.0453851163076745,-0.254487005678786,-0.0724860180571954,313,980,138,-572,462,666,-184,980,252,313.111111111111,983.666666666667,132.222222222222,-571.7,459.988888888889,663.444444444444,-184.555555555556,975.811111111111,246.122222222222,0.76420450650862,0.76420450650862,0.76420450650862,0.76420450650862,0.76420450650862,0.76420450650862,0.76420450650862,0.76420450650862,0.76420450650862,41,49,50,18,37,60,38,38,48,446.115299151436,424.078693055828,438.464529642017,612.402857142857,236.55,444.445714285714,161.34794649107,150.751414506703,129.255115010501,464408.468571428,419664.03,448611.908571429,0,64.2975851785429,0,53.4024391573179,0,115.238986730673,0,21.1360895771,0,37.4398838113527,0,116.234074711169,0,39.3868433948558,0,45.4332892900743,0,95.5616705493224,1
1094031,282,960,108,-581,444,636,-203,952,194,343,1009,158,-554,472,696,-165,1000,281,313,980,138,-572,462,666,-184,980,242,311.76,983.68,134.2,-570.92,459.36,663.5,-184.97,975.85,243.11,311.412398316385,983.56769485011,133.258646108925,-570.853906629054,459.236549742596,663.247405351367,-184.567713235775,975.780853767514,242.400122183414,311.933967371301,983.736051997689,134.659570770146,570.953027840294,459.421636408213,663.625647485086,185.170813034884,975.884557721865,243.456833956248,109.598383838384,111.391515151515,124.808080808081,38.0945454545455,57.2024242424243,168.434343434343,75.079898989899,68.1287878787878,170.462525252525,10.4689246744059,10.554217884406,11.1717537033396,6.17207788791955,7.56322842722764,12.9782257429259,8.66486578025874,8.25401646950064,13.0561297960968,3.69270537072292,2.77909827789157,2.60709945093864,2.55762213483544,2.57912581936827,2.85447606032066,2.46002002181345,3.87585104916248,4.2673516850924,0.12784844835654,-0.146383413581946,-0.12853935396645,0.0335409032862795,-0.0577421350550917,-0.224658168560971,-0.044567113682938,-0.0267099775357923,-0.230153660765244,313,990,128,-572,462,666,-184,980,252,311.666666666667,983.777777777778,134.333333333333,-570.9,459.511111111111,663.666666666667,-184.777777777778,975.766666666667,243.088888888889,0.76420450650862,0.76420450650862,0.76420450650862,0.76420450650862,0.76420450650862,0.76420450650862,0.76420450650862,0.76420450650862,0.76420450650862,61,49,50,27,28,60,38,48,87,446.016997372987,423.688793130432,438.284399273004,612.702857142857,236.545714285714,443.138571428571,136.58762894739,170.455640637423,184.951930775543,464216.837142857,418909.114285714,448247.198571429,0,94.0025652773655,0,88.8860881011331,0,101.345410856455,0,27.0354234182585,0,50.6013004949013,0,133.20171539586,0,67.5611451784246,0,44.6336395601263,0,132.696828514609,1
1095593,292,960,108,-581,435,626,-203,961,223,333,1009,168,-554,481,686,-165,990,281,313,980,138,-572,462,666,-184,971,242,311.83,984.19,135.9,-570.2,459.47,666.1,-183.41,974.48,244.96,311.525986833463,984.116807144083,134.932820718296,-570.120488237827,459.313632373225,665.919546055285,-183.115651300138,974.438857851182,244.397947817237,311.981489835535,984.226503402545,136.386949522306,570.239774130146,459.548027957906,666.189312433035,183.556340124769,974.500579784332,245.245101887887,95.4556565656566,72.5796969696971,133.929292929293,45.8181818181818,72.4334343434343,120.191919191919,54.2443434343435,40.5147474747474,141.170101010101,9.77014107194244,8.51937186473845,11.5727824195088,6.76891289781319,8.51078341537571,10.9632075229797,7.36507592862039,6.36511959626427,11.8815024727557,2.67905225701006,4.03361957329165,2.95144235774069,2.30612244897959,3.51738352033295,3.74267685167991,3.45792969131704,3.14502637108647,2.8157011164999,-0.048951162987836,-0.267408451967417,0.258444153028637,-0.0572702661240707,-0.0567215134432905,-0.574509588625873,0.0338781145434834,0.0806683240629638,0.391033005295756,313,980,128,-572,462,666,-184,971,242,311.866666666667,984.333333333333,135.555555555556,-570.2,459.633333333333,666.333333333333,-183.444444444444,974.477777777778,244.822222222222,0.76420450650862,0.76420450650862,0.76420450650862,0.76420450650862,0.76420450650862,0.76420450650862,0.76420450650862,0.76420450650862,0.76420450650862,41,49,60,27,46,60,38,29,58,446.325290813461,424.28293123527,437.782658551718,613.68,238.015714285714,444.012857142857,139.343301531454,125.233545427818,143.676140669969,464843.854285714,420071.138571429,447209.772857143,0,73.6758631284435,0,54.5403115401668,0,99.9211823655301,0,32.1892650586196,0,69.4682038586027,0,86.5768589279235,0,43.6896202943604,0,33.7096027789588,0,105.859206977326,1
1097156,292,950,108,-590,444,636,-203,952,213,333,1009,158,-554,472,686,-165,990,281,313,980,138,-572,462,666,-184,971,242,311.73,981.59,135.6,-570.2,457.77,664,-182.41,974.02,242.31,311.417358847076,981.474795774708,134.702280866106,-570.129060004687,457.660391425006,663.836946048668,-182.056791707994,973.962841026343,241.64707451161,311.885956721363,981.647497832088,136.035289539149,570.235512748899,457.824868262964,664.08132032154,182.587376343492,974.048581950613,242.644245759095,98.239494949495,114.022121212121,119.434343434344,40.9090909090909,50.7445454545454,109.090909090909,65.3958585858586,56.2420202020201,163.731212121212,9.91158387693385,10.6781141224526,10.9286020805199,6.39602149066831,7.1235205800605,10.4446593573419,8.08677059065352,7.49946799459936,12.7957497678414,2.55739540020737,3.22753572760997,2.72103068733852,3.26720000000001,2.73926642088267,2.90123456790123,3.10080239385754,3.30307136679866,3.43238914608479,-0.0163397075198489,-0.140559485746048,-0.213769602404184,-0.135764501987796,0.106006232876026,-0.128300059819917,-0.200120614967253,0.0308544142001583,0.295599188617007,313,980,128,-572,462,666,-184,971,242,311.755555555556,981.777777777778,135.888888888889,-570.1,457.744444444444,664.111111111111,-182.333333333333,973.955555555556,242.111111111111,0.76420450650862,0.76420450650862,0.76420450650862,0.76420450650862,0.76420450650862,0.76420450650862,0.76420450650862,0.76420450650862,0.76420450650862,41,59,50,36,28,50,38,38,68,445.243757186917,423.335271604786,437.252861453803,612.394285714286,236.387142857143,443.108571428571,137.0534112591,116.974417071534,165.108841008861,462604.397142858,418189.778571429,446136.437142857,0,65.9447944547649,0,82.3311520648558,0,108.26860922103,0,34.1697209833739,0,37.1445688989717,0,71.0009070475161,0,51.0181788747071,0,34.8281680096913,0,88.4822955140413,1
1098718,292,960,108,-581,444,636,-203,952,213,333,1000,158,-554,472,686,-165,990,281,313,980,138,-572,462,666,-184,971,242,312.64,981.7,137.5,-570.74,458.37,664.2,-183.08,974.01,242.92,312.365781072255,981.585859641422,136.666093340699,-570.680141284066,458.295746386033,664.042011450115,-182.796262630285,973.955069834713,242.276203738577,312.776437731489,981.757098268202,137.902139214734,570.769831017723,458.40723161835,664.278857107465,183.223579268608,974.037396612676,243.241156057111,86.1923232323233,113.242424242424,111.868686868687,34.3963636363636,34.4778787878788,105.818181818182,53.1248484848485,53.90898989899,157.710707070707,9.28398207841459,10.6415423808029,10.5767994624407,5.86484131382628,5.87178667765432,10.2867964798659,7.28867947469557,7.34227416397603,12.5582923628456,3.21327047165346,2.24757941227445,2.7888091149509,3.30997074961911,2.88931981945071,2.70769515396999,3.40137664874065,3.77687850013926,3.31110748675636,-0.0931911412578736,0.0617719719590292,-0.312095423025652,0.296015798231464,0.247879790815418,-0.0825036833589054,-0.401443223229878,-0.310319333912608,0.0853497944217568,313,980,138,-572,462,666,-184,971,252,312.655555555556,981.777777777778,137.555555555556,-570.8,458.111111111111,664.222222222222,-182.777777777778,974.044444444444,242.888888888889,0.76420450650862,0.76420450650862,0.76420450650862,0.76420450650862,0.76420450650862,0.76420450650862,0.76420450650862,0.76420450650862,0.76420450650862,41,40,50,27,28,50,38,38,68,445.506342617289,423.637086265989,437.359092638178,613.645714285714,236.498571428571,443.078571428571,131.377533214752,106.691550871839,159.712014520204,463154.185714285,418792.195714285,446351.138571429,0,69.8359397853677,0,71.125846412652,0,105.710198120285,0,22.5457718031298,0,28.2373092161665,0,79.3801786739202,0,42.1344496591696,0,39.8231512571093,0,130.839759152655,1
1100281,292,960,118,-581,444,626,-203,952,223,333,1000,168,-554,472,696,-165,1000,271,313,980,138,-572,462,666,-184,971,242,312.82,983.3,138,-570.29,460.64,665.8,-184.39,975.06,243.19,312.495374435566,983.197886191512,137.326828999508,-570.222465247377,460.529279467854,665.600964578245,-184.060623023687,974.987472254557,242.636915014972,312.980191066464,983.350903797825,138.332931726325,570.323653726549,460.695126954909,665.899091454554,184.554463506034,975.096302936279,243.46932044921,101.260202020202,101.121212121212,92.9292929292929,38.7736363636364,51.3034343434344,133.29292929293,61.290808080808,71.5115151515152,137.30696969697,10.0628128284393,10.0559043412918,9.63998407308295,6.22684802798626,7.16264157580389,11.5452557049608,7.82884461978957,8.45644814041422,11.7178056690222,2.52569106219102,2.60396449730888,3.07183364839319,3.09623574474462,2.9011786338814,3.63671218215702,2.39742939811776,4.05951422134408,2.66064674889021,-0.355419618775124,-0.276569534797142,0,0.285126074130784,-0.239853406654438,-0.198443771221163,-0.0371041777852201,0.153162177253091,0.296379487535092,313,990,138,-572,462,666,-184,971,242,313.077777777778,983.555555555556,138.111111111111,-570.4,460.933333333333,665.888888888889,-184.333333333333,974.988888888889,242.966666666667,0.76420450650862,0.76420450650862,0.76420450650862,0.76420450650862,0.76420450650862,0.76420450650862,0.76420450650862,0.76420450650862,0.76420450650862,41,40,50,27,28,70,38,48,48,446.204369297711,424.448527510141,437.91472693059,614.622857142857,238.35,443.082857142857,137.174555833167,134.426202966052,143.869078719109,464602.114285714,420398.858571428,447493.054285714,0,62.5442559049859,0,74.5534136487098,0,60.2366354808564,0,31.6103828112861,0,44.1624839568527,0,108.949248834058,0,53.5542052500844,0,50.8886657581002,0,111.109863026859,1
1101843,292,960,118,-581,444,646,-194,952,203,333,1000,158,-554,481,696,-165,990,271,313,980,138,-572,462,666,-184,971,252,313.86,982.3,138.9,-569.48,460.25,666.6,-185.52,974.36,246.68,313.602729589921,982.192271457966,138.047730271701,-569.408602118494,460.143189778975,666.427562083683,-185.233898934741,974.309611473371,246.099862029713,313.987260888081,982.353805917196,139.317622718736,569.515671426169,460.303432531195,666.686733031339,185.659850263863,974.385129196869,246.958134103738,80.7074747474748,106.777777777778,117.363636363636,41.0399999999999,49.6843434343434,116.808080808081,52.4339393939394,49.4650505050505,138.684444444445,8.98373389785532,10.3333333333333,10.8334498828229,6.40624695121878,7.04871218268582,10.8077787175756,7.24112832326146,7.03313944871353,11.7764359822675,2.83608254947434,2.59151800286151,2.37973151208678,2.69946506108683,3.2651003844235,3.53873870661714,2.86530878507097,3.43293937286491,4.10717931104533,-0.318142274832626,-0.0842481035382957,-0.131298457080161,0.0470201694172974,0.0718430721015861,0.411429639416291,0.501068497194153,-0.341109880287055,-0.721781427624653,313,980,138,-572,462,666,-184,971,252,314.111111111111,982.555555555556,139,-569.5,460.3,666.222222222222,-185.888888888889,974.444444444444,247.377777777778,0.76420450650862,0.76420450650862,0.76420450650862,0.76420450650862,0.76420450650862,0.76420450650862,0.76420450650862,0.76420450650862,0.76420450650862,41,40,40,27,37,50,29,38,68,445.98791468909,424.397849342761,438.073138719973,615.025714285714,238.872857142857,443.794285714286,145.908383059258,117.779878740125,143.629207641409,464149.885714286,420299.378571429,447807.548571428,0,70.1627298759172,0,83.4929774953031,0,83.8345300364385,0,29.981589014311,0,36.0614228666966,0,99.8437908769,0,42.2910565598856,0,34.3281385715011,0,105.397748904671,1
1103406,282,970,108,-581,453,636,-194,961,213,333,1000,168,-554,472,696,-165,990,271,313,980,138,-572,462,666,-184,971,242,310.9,983.9,138.5,-570.38,460.61,664.2,-183.63,974.1,243.24,310.565164111741,983.82113547294,137.399364018671,-570.321936971404,460.529603259097,664.048106676172,-183.370882746997,974.055880932965,242.723351099348,311.06414129565,983.939530662327,139.043158767341,570.408941023894,460.650355475821,664.275846316875,183.757095101114,974.122066273011,243.492546087144,103.121212121212,78.5757575757576,152.272727272727,33.3490909090909,37.5534343434343,101.777777777778,47.1647474747475,43.4242424242425,124.16404040404,10.1548615018233,8.86429678969277,12.3398836004529,5.77486717674882,6.12808569974624,10.088497300281,6.86765953398591,6.5897073094518,11.1428919228376,3.29447831534562,2.38646004077052,2.39669810153214,3.28875699299184,2.45840137294458,3.27702663410324,3.33590875197817,3.07895472859443,3.49342098667755,-0.527644222259508,0.292288024571177,0.00202602726959047,0.284613765035637,0.316415814648779,-0.0494986446643854,0.419632483061155,0.0610278086224729,-0.369695642243374,313,980,138,-572,462,666,-184,971,242,311.277777777778,983.777777777778,138.555555555556,-570.4,460.4,664.333333333333,-183.888888888889,974.055555555556,243.555555555556,0.76420450650862,0.76420450650862,0.76420450650862,0.76420450650862,0.76420450650862,0.76420450650862,0.76420450650862,0.76420450650862,0.76420450650862,51,30,60,27,19,60,29,29,58,446.240031990425,423.99818922427,437.464039463273,614.271428571429,237.612857142857,443.018571428571,164.18623959833,107.931334955629,130.750209201654,464670.385714286,419497.504285714,446558.181428571,0,70.6222998448984,0,56.2100537027743,0,123.345405676194,0,23.7695686289963,0,31.5919868051925,0,53.5924775561542,0,38.7505043857961,0,32.1259901669952,0,91.2981835770552,1
1104968,292,960,108,-581,435,636,-203,961,223,333,1000,168,-554,472,707,-155,990,271,313,980,138,-572,462,666,-184,975.5,242,313.05,982.8,139.3,-569.39,459.3,664.91,-183.1,975.3,244.23,312.788790596924,982.698085959033,138.63476892303,-569.323754010835,459.203877006383,664.702779107435,-182.815231537626,975.251967207644,243.753026237692,313.179421418458,982.850955130024,139.627361215487,569.423137921177,459.347711434377,665.014232930394,183.239788255717,975.323997449053,244.472963740369,81.8661616161616,101.171717171717,92.2323232323231,38.1190909090909,44.2727272727273,140.022121212121,51.7272727272727,47.2828282828283,119.936464646465,9.04799213174733,10.0584152415635,9.60376609629384,6.17406599487654,6.65377541496009,11.833094321103,7.19216745684308,6.87625103401761,10.9515507872842,2.93206932515037,2.73523257356919,4.1631645784768,2.62924620758388,4.15921183253761,3.70166866562334,4.46442294481743,2.96885389540347,2.98438991273008,-0.253833272364142,0.0166639904298147,0.0134024925760009,-0.0620171620593177,-0.458602064339071,0.388332316629692,0.317367527013698,-0.0969700358909476,0.508633697877305,313,980,138,-572,462,656,-184,980,242,313.333333333333,983,139.333333333333,-569.3,459.444444444444,664.777777777778,-183.111111111111,975.277777777778,243.911111111111,0.76420450650862,0.76420450650862,0.76420450650862,0.76420450650862,0.76420450650862,0.76420450650862,0.76420450650862,0.76420450650862,0.76420450650862,41,40,60,27,37,71,48,29,48,446.101005300607,423.702621841041,438.013143608934,615.064285714286,237.78,444.184285714286,105.093534999452,141.264581033532,120.680531317379,464388.492857143,418922.982857142,447686.035714286,0,56.7728517611847,0,76.9705580854767,0,66.3735300732389,0,34.260793883377,0,33.0950003522953,0,96.2825336106557,0,37.1885785177381,0,34.205477978582,0,79.696764725027,1
1106531,282,960,108,-590,444,636,-194,952,213,333,1009,168,-554,472,696,-165,990,271,313,980,138,-572,462,666,-184,971,242,311.16,983.78,139.4,-570.56,460.62,664.2,-184.81,975.22,242.29,310.711010930942,983.681878295435,138.342261221739,-570.475742232712,460.528262835945,663.997011692086,-184.563869272629,975.162592347601,241.638190836581,311.381277536078,983.829060355507,139.915688898708,570.602190672276,460.665865894142,664.301437601937,184.931581943161,975.248655472029,242.61568374695,139.145858585858,97.5066666666666,145.494949494949,48.6327272727272,42.6824242424242,136.121212121212,45.4079797979798,56.4561616161616,159.521111111111,11.7960102825429,9.87454640308438,12.0621287298283,6.97371689077835,6.53317872420648,11.6670995590683,6.73854433820687,7.51373153740281,12.6301667095534,2.53690805776571,2.87357255127491,2.92282791020206,3.31850614709927,2.79339938054389,3.06533246532802,2.76106088798026,3.31092407849495,2.18654075410078,-0.315749599546898,0.0201401781044145,-0.0970151297777956,-0.151457690150654,0.0247788913161724,0.0086526441303033,0.259980119449451,-0.200357109802238,0.0618099796455612,313,990,138,-572,462,666,-184,971,233,311.233333333333,983.666666666667,139.555555555556,-570.5,460.611111111111,664.222222222222,-185,975.288888888889,242.277777777778,0.76420450650862,0.76420450650862,0.76420450650862,0.76420450650862,0.76420450650862,0.76420450650862,0.76420450650862,0.76420450650862,0.76420450650862,51,49,60,36,28,60,29,38,58,446.286632442735,424.046842377003,437.922791527739,614.717142857143,237.54,442.585714285714,159.178410218075,136.391798823065,164.344280284214,464766.137142857,419612.7,447502.285714285,0,105.544835518887,0,63.6803506993519,0,113.383972838454,0,42.7512946854292,0,31.9263084379449,0,109.250171305717,0,36.6954378646777,0,43.0144722333471,0,114.602865795829,1
1108093,292,960,118,-581,444,636,-194,952,213,333,1009,168,-554,481,696,-165,990,262,313,980,138,-572,462,666,-184,980,242,314.14,983.18,138,-569.48,459.98,665.1,-183.03,975.59,242.45,313.838329529473,983.095905929169,137.151158953577,-569.3996332188,459.852293082692,664.923095404056,-182.710635164605,975.523057203057,241.957281446353,314.288243496317,983.222060370901,138.434099845378,569.519938193563,460.044193529274,665.188845366487,183.188072755843,975.62335457901,242.689616588761,94.1014141414142,83.5430303030303,121.212121212121,45.9490909090909,59.6561616161615,119.383838383838,58.4738383838384,65.7392929292929,117.421717171717,9.70058833996239,9.14018765141232,11.0096376512636,6.77857587617716,7.7237401313199,10.9262911540851,7.64681884078852,8.107977116969,10.8361301751002,2.69839168620004,3.74713804910627,3.16666666666667,3.10283195753282,3.4854866509609,3.75122317106098,2.41275695603921,3.41322708964507,3.07612989894992,-0.506850369199014,0.0619432263084565,0.456435464587638,0.490192881092789,0.36204632771321,0.318966713204219,0.173459633154534,-0.401286263191251,-0.522974923630481,323,980,138,-572,462,666,-184,980,242,314.544444444444,983.111111111111,137.666666666667,-569.7,459.9,664.777777777778,-183.222222222222,975.8,242.666666666667,0.76420450650862,0.76420450650862,0.76420450650862,0.76420450650862,0.76420450650862,0.76420450650862,0.76420450650862,0.76420450650862,0.76420450650862,41,49,50,27,37,60,29,38,49,446.329088521665,423.914648805477,437.945203480326,615.137142857143,238.114285714286,443.575714285714,128.196950678304,119.969070612664,117.882577372765,464857.165714286,419344.208571429,447555.878571428,0,74.9931973648897,0,64.1196095515091,0,109.148897115174,0,38.6763381965105,0,48.2674024842949,0,89.0702406153221,0,52.0621770832317,0,40.1846358205578,0,94.3732643946768,1
1109656,292,960,108,-581,444,646,-203,952,213,333,1009,158,-554,472,686,-165,990,281,313,980,138,-572,462,666,-184,971,242,314.16,982.39,138.7,-570.02,459.11,663.8,-183,974.34,244.04,313.839845169455,982.290636168298,137.948228116879,-569.949981622662,459.016800888022,663.61453904905,-182.687306950528,974.285715762867,243.387406614833,314.319582590713,982.439723341845,139.069047598666,570.054927178075,459.156367700591,663.892762424776,183.156872652926,974.367056093339,244.369597126975,101.307474747475,98.6847474747475,103.545454545454,40.2218181818181,43.0079797979798,124.404040404041,58.020202020202,53.2569696969696,162.604444444444,10.0651614367319,9.9340197037628,10.1757286984989,6.34206734289523,6.55804694996764,11.1536559209992,7.61709931799514,7.29773729980531,12.7516447740848,2.50105713716601,2.79084366103599,2.91560950947718,2.88735342856822,3.18832186766999,2.30471746446108,2.89768274609911,3.1916003743182,3.66390656586685,-0.0408449042149328,0.103290299894549,-0.082488885905254,0.188278234682017,-0.316893791439804,0.0464618567225586,-0.168422771414633,-0.408311915640518,0.338790455571539,313,980,138,-572,462,666,-184,980,242,314.222222222222,982.333333333333,138.777777777778,-570.1,459.233333333333,663.555555555556,-182.888888888889,974.422222222222,243.711111111111,0.76420450650862,0.76420450650862,0.76420450650862,0.76420450650862,0.76420450650862,0.76420450650862,0.76420450650862,0.76420450650862,0.76420450650862,41,49,50,27,28,40,38,38,68,446.051116581817,423.494927924881,437.603362738571,615.107142857143,236.952857142857,443.734285714286,115.853292299403,128.054596929704,163.013466776059,464282.061428572,418517.481428571,446851.757142857,0,83.0713771342732,0,74.7660874227316,0,77.9721140448058,0,33.5160013420289,0,40.5668769568623,0,85.3364620274801,0,44.4215898610326,0,35.0277739761836,0,138.147979849393,1
1111218,282,960,108,-581,444,646,-194,952,213,343,1000,158,-554,472,686,-165,990,262,313,980,138,-572,462,666,-184,971,242,311.71,982.7,138.1,-569.75,459.7,664.3,-182.51,974.93,242.02,311.337555091621,982.598311533789,137.240795872736,-569.691945156045,459.602279809554,664.128021319904,-182.298469069638,974.880597824951,241.482236552269,311.893491435778,982.750731365792,138.508483494694,569.778965915731,459.748909732258,664.385881848794,182.615141759932,974.954639970496,242.285368935064,115.581717171717,100.717171717172,114.131313131313,33.3409090909091,45.4242424242424,115.262626262626,38.7776767676767,48.530404040404,129.817777777778,10.7508937847845,10.0357945234631,10.6832257830354,5.77415873447458,6.73975091707716,10.7360433243643,6.2271724536644,6.96637667948009,11.3937604757068,3.34340731213322,2.77776243111845,3.06411655548622,3.03831532989574,2.71837692402749,2.3718228442605,2.94871934393435,3.62519305054663,3.03114531320102,-0.34241026811637,-0.198195525172938,-0.46950534556061,0.187405874536996,0.0982864995286209,-0.0517872336815339,0.0995500580799216,-0.328266609417525,-0.170620682571581,313,980,138,-572,462,666,-184,971,242,312.066666666667,983,138.333333333333,-569.7,459.688888888889,664.111111111111,-182.444444444444,974.966666666667,242.3,0.76420450650862,0.76420450650862,0.76420450650862,0.76420450650862,0.76420450650862,0.76420450650862,0.76420450650862,0.76420450650862,0.76420450650862,61,40,50,27,28,40,29,38,49,445.83079215212,423.690293711126,437.592013569522,613.932857142857,237.535714285714,443.331428571429,124.981540827668,115.848105310893,133.643474097915,463826.207142858,418896.741428571,446823.017142857,0,92.4853574666412,0,64.9619590947954,0,78.511913337962,0,28.2642931146722,0,40.0601959414067,0,89.580802580488,0,25.3713345659122,0,30.2552755964163,0,107.3504514416,1
1112781,292,960,108,-590,444,636,-194,961,223,343,1000,168,-554,472,696,-174,990,281,313,980,138,-572,462,666,-184,975.5,242,313.06,982.5,137.2,-570.92,458.77,666.1,-182.2,974.4,245.68,312.721815751214,982.403366511423,136.230040381457,-570.859678864845,458.677674898625,665.905774250991,-181.96664830722,974.343256683854,245.000629303746,313.230266736789,982.54821764634,137.677884934364,570.950190471989,458.816314008122,666.19681776484,182.317305815987,974.428293924186,246.022844467745,107.713535353535,95.7070707070707,132.686868686868,34.8218181818182,42.9263636363637,130.292929292929,43.1919191919192,55.6969696969697,170.280404040404,10.3785131571693,9.78299906506541,11.5189786303677,5.90100145583936,6.55182139838714,11.4145928220383,6.57205593341378,7.46304024489817,13.0491533840477,2.72658267147062,2.39155255115183,2.82123342645329,3.64254621516196,2.76626936299164,2.87141083184935,2.27888158591341,2.53398945329782,2.71347381762039,0.272766761862916,-0.191099828675962,-0.00280562226809361,-0.125854917052199,0.258611570107557,-0.14245714062428,-0.202909401144314,-0.346885430831651,0.274879369621182,313,990,138,-572,462,666,-184,980,242,312.888888888889,982.555555555556,137.111111111111,-570.8,458.655555555556,666.111111111111,-182,974.388888888889,245.422222222222,0.76420450650862,0.76420450650862,0.76420450650862,0.76420450650862,0.76420450650862,0.76420450650862,0.76420450650862,0.76420450650862,0.76420450650862,51,40,60,36,28,60,20,29,58,445.876709676928,424.31735831834,437.73389192305,614.04,237.407142857143,444.805714285714,151.981640096547,131.093194372383,170.617848046008,463915.457142857,420134.884285714,447118.86,0,66.3468846283153,0,64.6539418573458,0,107.441635396402,0,20.1771999255154,0,30.4175295898437,0,84.9846305112562,0,31.4894051285562,0,42.6545545131344,0,134.889242366902,1
1114343,282,950,118,-581,444,646,-203,961,213,333,1000,168,-554,472,686,-174,1000,262,313,980,138,-572,462,666,-184,971,242,313.46,981.7,137.2,-570.38,459.16,665.5,-182.89,975.23,242.44,313.136104965385,981.611854983327,136.401340059896,-570.310672105532,459.054224615442,665.357922740346,-182.654786595295,975.176210021907,241.915570995253,313.620471270611,981.743856614341,137.597965101233,570.414621130981,459.213000687045,665.57118327043,183.008551712755,975.256955883935,242.700020601565,101.644848484848,86.9797979797981,110.464646464646,39.8945454545455,49.1660606060606,95.7070707070707,43.8160606060607,53.1081818181818,127.420606060606,10.0819069865204,9.32629604826043,10.5102162900982,6.31621290446621,7.01185143924631,9.78299906506541,6.6193701064422,7.28753605947729,11.2880736204459,2.99591836720318,3.62487522980824,2.82393592513254,2.70001500712334,2.6265028143613,2.54660577411742,2.89947751511174,3.70840357057349,2.45593139817046,-0.212696504378558,-0.493170849560964,0.107530734038698,0.090647674043759,0.168770333641959,0.165077724345618,-0.29544097658819,0.325623333968978,-0.100760305983789,313,980,138,-572,462,666,-184,971,242,313.555555555556,981.888888888889,137,-570.4,459.188888888889,665.444444444444,-182.666666666667,975.088888888889,242.544444444444,0.76420450650862,0.76420450650862,0.76420450650862,0.76420450650862,0.76420450650862,0.76420450650862,0.76420450650862,0.76420450650862,0.76420450650862,51,50,50,27,28,40,29,39,49,445.596835075271,424.086024923763,437.786492015389,613.868571428571,237.548571428571,443.477142857143,119.059055574167,98.5243419818942,127.695712438606,463333.714285714,419671.894285714,447223.525714286,0,79.0339751674133,0,72.2886009901389,0,76.7603783533759,0,27.7668872140095,0,38.836800474067,0,70.6656662318709,0,38.9961260614329,0,42.8392228557247,0,97.8984799436727,1
1115906,292,950,108,-581,444,646,-203,952,213,343,1009,168,-554,472,696,-165,990,271,313,980,138,-572,462,666,-184,971,242,313.86,982.99,136.1,-570.65,460.06,664,-182.41,974.35,244.76,313.548353683149,982.875391920143,135.021172650078,-570.592094880426,459.969607028643,663.829617996046,-182.070413885296,974.297663471601,244.216325382525,314.015923163142,983.047206394484,136.625766237559,570.678920234487,460.105248829004,664.085837825202,182.580694488766,974.376092687008,245.031344933664,98.889292929293,113.60595959596,144.838383838384,33.3409090909091,42.0569696969697,115.151515151515,62.9312121212122,51.3611111111111,134.244848484848,9.94430957529445,10.6586096464764,12.0348819619631,5.77415873447458,6.48513451648998,10.7308673997732,7.93291952065645,7.16666666666667,11.5864079198364,2.95761614940825,2.82966724264012,3.01900944764402,2.89378599119274,2.75449900054654,2.9196675900277,2.30507340543238,3.30817828088738,2.74504090270897,0.089133289029609,-0.135564054638913,-0.084924469015704,0.0893781863176318,0.110566405352676,0.50279869884912,-0.188323595513439,-0.376917019370012,0.056785538419502,313,990,138,-572,462,656,-184,971,252,313.777777777778,983,136.222222222222,-570.6,459.988888888889,663.666666666667,-182.333333333333,974.433333333333,244.822222222222,0.76420450650862,0.76420450650862,0.76420450650862,0.76420450650862,0.76420450650862,0.76420450650862,0.76420450650862,0.76420450650862,0.76420450650862,51,59,60,27,28,50,38,38,58,446.117564532214,423.899892459737,437.630182950954,614.121428571429,237.175714285714,444.3,157.068822769408,117.253846645142,134.728887376616,464423.318571429,419306.258571428,446907.788571428,0,71.1308050356974,0,79.0414787742473,0,113.670564203928,0,21.048242191077,0,29.3831163606309,0,101.39978901696,0,41.9667782927738,0,43.5982561046488,0,95.6672294331193,1
1117468,292,960,118,-581,435,636,-194,952,223,333,1009,168,-554,472,696,-165,1000,271,313,980,138,-572,462,666,-184,980,242,314.36,983.39,139.9,-569.84,458.66,663.8,-182.84,975.58,243.67,314.059412201156,983.298504654585,139.171123121501,-569.771281324475,458.545430618237,663.580701181996,-182.523406503118,975.52441860035,243.1953423766,314.509141361583,983.4357172688,140.261897891052,569.874284382091,458.716600964038,663.909331159007,182.996065531475,975.607759296737,243.907707955284,94.7377777777778,90.8261616161615,102.414141414141,39.4690909090909,52.4488888888889,146.626262626263,57.671111111111,54.7107070707071,117.071818181818,9.73333333333334,9.53027605141433,10.1199872240108,6.28244306851172,7.24216051250516,12.1089331745725,7.59414979514567,7.39666864681034,10.819973113729,2.57943342481396,3.08918157799745,3.31161756408877,2.89403727630504,4.26039802427426,2.92821778513172,2.6445416436151,4.20077347231086,2.57982581077699,-0.193346850881134,-0.0463653366375058,0.0834715835911496,0.17563892035868,-0.712042670724717,-0.12081499389878,0.264506097760058,-0.123926360787589,0.116487091352083,313,980,138,-572,462,666,-184,980,242,314.444444444444,983.444444444444,139.888888888889,-569.9,458.933333333333,663.777777777778,-183.111111111111,975.577777777778,243.7,0.76420450650862,0.76420450650862,0.76420450650862,0.76420450650862,0.76420450650862,0.76420450650862,0.76420450650862,0.76420450650862,0.76420450650862,41,49,50,27,37,60,29,48,48,446.54990788238,423.366905620429,438.051767323753,616.135714285714,236.837142857143,444.175714285714,127.986055873918,146.875013847064,119.575215434707,465315.09,418265.665714286,447766.727142857,0,70.9187433026061,0,80.511697989926,0,70.4275283362509,0,30.4050864612198,0,43.0177787278041,0,121.392134667301,0,40.380755870718,0,37.4883860758609,0,83.2315499286414,1
1119031,292,960,108,-581,444,646,-194,961,213,343,1000,168,-563,481,686,-165,1000,271,313,980,138,-572,462,666,-184,971,242,312.35,982.5,139.4,-571.37,459.03,666.1,-181.71,975.31,242.58,312.076337299529,982.425931165722,138.289017434913,-571.306945185709,458.936160804396,665.930125527077,-181.503649766586,975.258083456711,242.02583694806,312.48703973125,982.537022203235,139.951420142848,571.401548825342,459.077150378888,666.184809193365,181.812788329094,975.335998515383,242.851847841436,86.4924242424243,73.4848484848485,155.59595959596,36.4172727272728,43.7263636363636,114.131313131313,37.7433333333333,51.2261616161615,133.296565656566,9.30013033470092,8.57233039988826,12.4738109491831,6.03467254515709,6.61259129512505,10.6832257830354,6.14356031412839,7.15724539303785,11.5454131869139,3.51575006839326,3.03167180359231,2.51779439806649,2.2389025894736,3.55715368933542,2.29712357816385,2.80010105904786,3.79313358054001,3.14716069850242,0.131504473977272,-0.0181302179925943,0.0786093201057225,-0.080194753695879,0.380993664036439,-0.0698540507003889,0.0432438255356047,0.234018326118819,-0.287763737322538,313,980,138,-572,462,666,-184,971,242,312.444444444444,982.444444444444,139.444444444444,-571.3,458.844444444444,666.111111111111,-181.555555555556,975.177777777778,242.822222222222,0.76420450650862,0.76420450650862,0.76420450650862,0.76420450650862,0.76420450650862,0.76420450650862,0.76420450650862,0.76420450650862,0.76420450650862,51,40,60,18,37,40,29,39,58,445.90775401448,424.475672465995,437.743631691549,614.678571428571,237.325714285714,444.077142857143,156.177813948756,116.106145413547,134.182424422729,463977.235714286,420451.611428571,447134.237142857,0,58.1612065681016,0,52.1622147645936,0,116.176367782432,0,26.2541234044614,0,29.7110303846166,0,88.9268562285967,0,24.2422482247431,0,34.3583080901914,0,96.3828461773032,1
1120593,282,960,108,-581,444,646,-203,952,213,343,1000,158,-554,472,686,-165,990,271,313,980,138,-572,453,666,-184,971,242,313.16,981.8,139.3,-569.66,457.59,666.8,-181.54,973.81,244.31,312.756415897358,981.703241834839,138.44733248171,-569.578648022596,457.491264969781,666.579520904969,-181.173876231789,973.751799232488,243.701495547641,313.361133518501,981.848257115121,139.720435155349,569.700693346954,457.639650817103,666.910488746428,181.723361183971,973.839026739019,244.612652984264,127.287272727273,95.7171717171717,118.49494949495,46.8327272727272,45.9009090909091,148.848484848485,67.2812121212121,57.1049494949495,149.468585858586,11.2821661363088,9.78351530469349,10.8855385486869,6.84344410897957,6.77502096608631,12.2003477347363,8.20251254928709,7.55678168898305,12.2257345733737,3.23317776215829,2.66314829528233,2.62047996604125,2.40590430230872,2.87826447500421,2.10836542916459,2.4962697710913,3.50778837379935,3.34717993743436,-0.00108229884786047,-0.23582701857252,-0.02337984483375,-0.0555302368196911,0.418352354955604,0.148602039340169,-0.114229062720907,-0.307144533362718,0.0269021694208811,303,980,138,-572,453,666,-184,971,242,313.111111111111,982,139.444444444444,-569.7,457.544444444444,666.888888888889,-181.666666666667,973.822222222222,244.344444444444,0.76420450650862,0.76420450650862,0.76420450650862,0.76420450650862,0.76420450650862,0.76420450650862,0.76420450650862,0.76420450650862,0.76420450650862,61,40,50,27,28,40,38,38,58,445.726127908057,423.973683064926,437.299436582663,614.682857142857,237.741428571429,444.248571428571,156.078712770157,149.390059645689,155.897400067822,463604.142857142,419469.655714286,446237.648571429,0,118.635618920309,0,77.4876885502649,0,86.2527686839352,0,34.8944716030083,0,45.2710513574102,0,112.216831379703,0,46.874299642766,0,42.8998686019936,0,131.878411550099,1
1122156,282,960,108,-590,444,636,-203,961,203,333,1009,168,-554,472,696,-165,990,262,313,980,138,-572,462,666,-184,971,242,313.65,981.89,135.9,-570.38,459.31,665.8,-181.81,975.52,241.54,313.312239190616,981.793311962883,134.914671238925,-570.310800980719,459.217477797982,665.556650503708,-181.536135779278,975.475921617269,240.923496256092,313.817064545572,981.938292358537,136.39428140505,570.414621130981,459.356212540987,665.921617009089,181.947547386603,975.542064700441,241.837755530438,105.886363636364,95.7958585858586,135.949494949495,39.8945454545455,42.8827272727273,163.59595959596,50.5392929292929,43.4844444444444,145.382222222222,10.2901099914609,9.78753587916073,11.6597382024424,6.31621290446621,6.54849045755793,12.7904636192735,7.10909930506621,6.59427361006839,12.0574550474892,3.062974907449,2.82811444374829,2.91676219297877,3.38643948259746,2.96384162712804,2.49227141632073,2.9821927167578,3.05467165879462,3.29833703991271,-0.254396217026144,-0.0872609452768812,0.222347887324896,-0.085572532106632,-0.0425931350102468,0.00833705395003091,-0.199586279509951,0.187362511376855,-0.57058839983276,313,980,128,-572,462,666,-184,971,242,313.888888888889,981.888888888889,135.777777777778,-570.3,459.355555555556,665.666666666667,-181.666666666667,975.522222222222,241.988888888889,0.76420450650862,0.76420450650862,0.76420450650862,0.76420450650862,0.76420450650862,0.76420450650862,0.76420450650862,0.76420450650862,0.76420450650862,51,49,60,36,28,60,38,29,59,445.63173751549,424.208758056474,437.736126126702,613.474285714286,237.741428571429,443.678571428571,145.950229487153,165.317407642101,148.227008306099,463408.868571429,419928.244285715,447116.884285714,0,86.2409476080419,0,77.0213829311147,0,119.951930459201,0,25.8064213103139,0,37.9026214625478,0,131.935282720117,0,33.1399054815237,0,31.1289270273348,0,119.981359724995,1
1123718,303,960,108,-590,444,646,-194,961,213,343,1009,158,-554,472,696,-155,990,262,313,980,138,-572,462,666,-184,980,242,314.8,982.88,135.5,-571.1,459.8,666.2,-180.57,975.66,240,314.528211162479,982.77039417445,134.696484067429,-571.038925041528,459.699168239441,666.023676271968,-180.207612789689,975.615821919194,239.42197071618,314.937771631159,982.934697729203,135.893340528519,571.130492969864,459.850475698351,666.288526090612,180.747973709251,975.682048620348,240.284414808784,87.6363636363636,108.611717171717,107.828282828283,35.1818181818182,46.8888888888889,119.151515151515,64.9546464646465,43.4589898989899,137.979797979798,9.36142957225891,10.4216945441573,10.3840398125336,5.93142631934497,6.84754619472472,10.9156545910685,8.05944455062794,6.59234327830324,11.746480237918,3.1137479139924,3.1347445707229,3.18723296897367,4.12168739859383,2.64965386378161,2.9807849066549,3.07366844903117,3.0820952462407,2.67288189003385,0.526729457162057,-0.157068969622279,-0.0850001027802975,0.106394351394852,0.108135527187153,0.288189641739353,0.297434860718735,-0.256957002005142,-0.234697057166729,313,980,138,-572,462,666,-184,980,242,314.222222222222,983,135.444444444444,-571.1,459.8,666,-180.8,975.677777777778,240.166666666667,0.76420450650862,0.76420450650862,0.76420450650862,0.76420450650862,0.76420450650862,0.76420450650862,0.76420450650862,0.76420450650862,0.76420450650862,40,49,50,36,28,50,39,29,49,446.14930925408,424.592815058809,437.543844878255,614.22,237.814285714286,443.61,119.185213289702,120.751012862679,138.032226757677,464491.465714285,420682.671428572,446726.524285714,0,67.0494098420815,0,81.4351264073096,0,100.560422063198,0,29.4250689284187,0,38.0430231007456,0,78.0217247362483,0,44.0897504361751,0,29.9937717136182,0,99.0309235787829,1
1125281,292,960,108,-609,435,626,-194,961,213,343,1019,168,-545,481,707,-155,990,271,313,980,138,-572,453,666,-184,980,233,314.66,983.18,138.4,-572.64,456.98,666.92,-179.1,977.36,235.92,314.324113479999,983.092533243729,137.133298691283,-572.52041327075,456.808103080594,666.577299726149,-178.759484823661,977.303819812753,235.381821671917,314.828207122551,983.223992791063,139.00503588,572.700392875716,457.065684557482,667.090743452493,179.267119126738,977.388029392626,236.18810300267,106.953939393939,87.3814141414141,169.535353535353,69.8690909090909,79.110707070707,230.074343434344,60.4949494949495,55.3438383838384,127.852121212121,10.3418537697039,9.34780263705937,13.0205742398465,8.35877328972924,8.89441999630707,15.1682017205186,7.77784992751529,7.43934394848352,11.3071712294509,2.87857772538992,4.51912179148842,3.34655003039801,6.40291667908315,3.12334582661068,3.54734436286748,3.03762042622751,2.94212595224026,3.39630416041282,0.117187054600845,0.65826298403636,-0.239821319441254,-0.763227507206353,-0.11279621012413,-0.0933831793924578,0.330473448194204,-0.269257046210326,0.0458409186394363,313,980,138,-572,462,666,-184,980,242,314.666666666667,982.777777777778,138.555555555556,-572.2,457.066666666667,666.888888888889,-179.166666666667,977.566666666667,235.866666666667,0.76420450650862,0.76420450650862,0.76420450650862,0.76420450650862,0.76420450650862,0.76420450650862,0.76420450650862,0.76420450650862,0.76420450650862,51,59,60,64,46,81,39,29,58,446.433830297553,424.650189077807,437.720560069654,615.531428571429,236.254285714286,443.22,171.612095873673,241.387688397341,129.285376615555,465072.265714285,420816.36,447089.52,0,65.7994756349965,0,65.7758528866286,0,109.021058831756,0,57.3652996383819,0,68.4665299527895,0,190.379592304409,0,41.6868582930099,0,45.2162361035308,0,89.0188902868141,1
1126843,292,960,99,-627,388,575,-194,952,213,333,1009,168,-545,509,727,-165,1000,262,313,980,138,-572,453,666,-174,980,233,313.15,982.57,134.51,-576.19,451.71,668.04,-178.85,977.48,234.24,312.79320160826,982.454526432643,133.505289367799,-575.962808744725,451.109524974635,667.298261341623,-178.617798872421,977.422672020851,233.678719801427,313.328820889493,982.627818657705,134.992481272106,576.305847619127,452.012112669561,668.399236983406,178.966058234516,977.508670038276,234.5224935907,113.159090909091,114.772828282828,131.343333333333,134.862525252525,275.783737373738,484.947878787879,41.9469696969697,56.6157575757577,133.76,10.6376261876929,10.7132081228187,11.4605119141046,11.6130325605556,16.6067377101506,22.0215321625876,6.47664802941844,7.52434432862809,11.5654658358408,2.34427317726575,3.08525053826449,3.53962633126683,7.38146904841513,6.89051099026188,5.70399884364687,2.61989017310956,4.57927556191576,2.96871650517817,0.123581134911102,0.155752820818302,-0.228811877796621,-1.09522794230136,0.393866579592495,-0.808569437023391,-0.056951171084024,0.0569034870064795,0.239342507044187,313,980,138,-572,453,676,-174,980,233,313.222222222222,982.555555555556,134.666666666667,-575.7,451.244444444444,668.888888888889,-178.888888888889,977.466666666667,233.988888888889,0.76420450650862,0.76420450650862,0.76420450650862,0.76420450650862,0.76420450650862,0.76420450650862,0.76420450650862,0.76420450650862,0.76420450650862,41,49,69,82,121,152,29,48,49,445.764635822489,424.915920872675,437.583084462086,612.955714285714,232.954285714286,442.658571428571,141.420775840585,620.962929912227,136.737636430743,463695.149999999,421371.822857143,446808.364285714,0,93.0105837521879,0,85.0625385440358,0,111.352109733325,0,112.540762540346,0,255.233432030838,0,447.739781999329,0,37.9566048136554,0,34.7232848205322,0,96.4192982922353,1
1128406,292,960,99,-590,425,626,-194,952,203,343,1009,168,-554,472,707,-165,1000,262,313,980,138,-572,453,666,-174,980,233,313.94,984.29,134.51,-574.52,450.93,664.92,-178.95,978.04,234.16,313.609632115787,984.161673084407,133.106906894197,-574.411866515983,450.77991014051,664.560942173934,-178.65581823366,977.9833308378,233.443057053144,314.10491877715,984.354006442804,135.192344457813,574.573685439909,451.004401308901,665.098534053414,179.099553321609,978.068279825085,234.507995599297,104.622626262626,127.278686868687,185.888787878788,62.3127272727274,67.7829292929293,239.852121212121,54.0883838383839,55.8771717171716,164.741818181818,10.2285202381687,11.2817856241238,13.6341038531613,7.89384109750934,8.23303888566848,15.4871598820481,7.35448052811236,7.47510345862662,12.8351789306506,3.20661614313048,2.44176813364266,2.88682037969996,3.30307269966809,3.31078966713214,3.77888531213492,2.63351295651495,4.19358394732139,2.70456460580249,0.0298105374243741,-0.195666398299251,-0.0536303165020314,0.484011028919352,-0.428658335369689,-0.169708235615009,-0.477445478864447,-0.228219728611212,-0.438614489309301,313,980,138,-572,453,666,-174,980,242,313.988888888889,984.666666666667,134.555555555556,-574.7,451.2,665.222222222222,-178.888888888889,978.2,234.566666666667,0.76420450650862,0.76420450650862,0.76420450650862,0.76420450650862,0.76420450650862,0.76420450650862,0.76420450650862,0.76420450650862,0.76420450650862,51,49,69,36,47,81,29,48,59,446.573997734106,423.345166450392,437.821586070424,614.031428571429,231.998571428571,442.821428571429,191.77054163856,241.115264045911,172.124197705195,465382.148571428,418241.121428571,447294.947142857,0,86.4199722692458,0,91.9730936500392,0,169.22331103394,0,58.4526788939795,0,59.8277423544717,0,200.299137459022,0,43.5261648733617,0,39.2961063294805,0,139.935343096931,1
1129968,292,960,108,-581,435,636,-194,952,194,343,1000,158,-563,472,696,-165,1000,262,313,980,138,-572,453,666,-184,980,242,314.87,981.2,135.7,-573.53,452.02,669.3,-181.07,976.98,236.96,314.576548384352,981.115908238306,134.785656644161,-573.473256992595,451.93346717548,669.14998595415,-180.773465591009,976.907371869521,236.013634219403,315.017221751446,981.242070031651,136.147713899279,573.558323102368,452.063247787298,669.37478291313,181.215424288331,977.016427702216,237.414658351164,93.6697979797979,83.3939393939396,122.939393939394,32.8172727272727,39.4945454545454,101.121212121212,53.2172727272726,71.8985858585858,217.85696969697,9.67831586484952,9.13202821907267,11.0878038375232,5.72863620133734,6.28446858966972,10.0559043412918,7.29501697923128,8.47930338286028,14.7599786482559,3.22572084136832,2.84493870560662,2.35970181061521,2.40212247284813,3.6714452951913,3.64327675277901,2.93798600477761,3.73899659746539,2.84269579148704,0.185215942017288,0.0813905198289229,-0.117695847103688,0.155393247815838,0.00913750878506911,-0.156767262896098,0.397147954679214,0.386944081757105,-0.514924539734603,313,980,128,-572,453,676,-184,971,242,314.777777777778,981.111111111111,135.888888888889,-573.7,452,669.222222222222,-181.244444444444,976.911111111111,237.333333333333,0.76420450650862,0.76420450650862,0.76420450650862,0.76420450650862,0.76420450650862,0.76420450650862,0.76420450650862,0.76420450650862,0.76420450650862,51,40,50,18,37,60,29,48,68,445.493359703229,424.553454450508,437.8332176042,613.615714285714,234.767142857143,442.658571428571,130.754848929077,103.096734554816,218.835206074606,463117.735714286,420596.97,447328.221428571,0,69.8942643580692,0,62.0055456861265,0,82.3448833345502,0,23.8592478495753,0,32.8454539017752,0,77.7786686179601,0,37.4608829078027,0,56.8792131603445,0,175.058159469261,1
1131531,292,960,108,-581,425,636,-203,952,213,333,1009,158,-554,462,696,-165,990,271,313,980,138,-572,453,666,-184,980,233,315.69,983.08,133.8,-569.84,451.1,670.4,-184.62,975.4,235.56,315.398616134846,982.981925209712,133.021715213519,-569.785609847248,450.981950291791,670.216110029817,-184.300192940031,975.338609757931,234.969932461795,315.835954254737,983.128994588197,134.174513228109,569.86717750718,451.158553060895,670.491461541458,184.777163091114,975.430633105194,235.857626546186,93.1049494949495,97.3066666666667,101.373737373737,31.2872727272727,53.3636363636364,123.878787878788,58.6420202020202,60.3636363636363,141.723636363636,9.64909060455697,9.86441415729625,10.0684525808953,5.59350272434659,7.30504184544048,11.1300848100447,7.65780779348896,7.76940386153509,11.9047736796478,2.30440092032251,2.99896690022708,2.97172617794752,2.83191820871483,3.5706149485944,3.82873074168679,2.91930788737751,3.16180787406655,2.80198663604313,0.106314468150603,-0.0651082450471319,-0.339540830336518,0.0458746592202511,-0.453057628568243,-0.268034901898847,0.328702826752725,-0.236196008375081,0.271952485890432,313,990,138,-572,453,666,-184,980,233,315.555555555556,983,134.111111111111,-569.7,451.4,670.555555555556,-184.888888888889,975.488888888889,235.466666666667,0.76420450650862,0.76420450650862,0.76420450650862,0.76420450650862,0.76420450650862,0.76420450650862,0.76420450650862,0.76420450650862,0.76420450650862,41,49,50,27,37,60,38,38,58,446.252299756213,423.784192683422,437.304995912746,613.958571428571,236.425714285714,439.86,129.052663516718,126.033000820259,142.899701251515,464699.044285714,419079.188571428,446244.145714286,0,67.8119984835084,0,76.2480630167071,0,80.4276395834604,0,25.3171807978547,0,37.9895585166285,0,87.0308669556267,0,51.5178202393108,0,44.2719233425449,0,109.430320982362,1
1133093,292,960,108,-581,435,646,-203,961,213,343,1000,168,-563,472,707,-165,990,262,313,980,138,-572,453,676,-184,980,233,316.69,982,133.6,-571.01,450.41,671.21,-185.6,976.63,235.57,316.346240773512,981.900152664223,132.341296095563,-570.953598796274,450.274097514587,670.995663530574,-185.334853143045,976.565764528467,235.187459372139,316.863298600516,982.049896899338,134.237103663629,571.038221137605,450.478001682657,671.317011552664,185.731042101206,976.662085882318,235.759305224629,110.902929292929,98.989898989899,172.363636363637,32.5554545454546,61.880707070707,145.11707070707,49.1515151515151,63.3061616161616,90.1263636363637,10.5310459733556,9.94936676326182,13.1287332352987,5.7057387379247,7.86642911813912,12.0464546945178,7.01081415753657,7.95651692740998,9.49349059284116,2.54656816454347,2.34485630987089,2.77086148086165,2.46915033506204,3.12551990162194,2.82667044765052,2.85054098419644,2.60746535640213,3.19447698031029,0.305731206600292,-0.0371076444937547,0.312971743729302,-0.0901938959635419,0.0835645698874636,-0.0451273189793275,0.228802938494433,-0.107369001955732,-0.159501951820053,313,980,138,-572,453,676,-184,980,233,316.444444444444,982,133.444444444444,-570.9,450.4,671.444444444444,-185.777777777778,976.755555555556,235.688888888889,0.76420450650862,0.76420450650862,0.76420450650862,0.76420450650862,0.76420450650862,0.76420450650862,0.76420450650862,0.76420450650862,0.76420450650862,51,40,60,18,37,61,38,29,49,445.951634795014,424.171949843995,437.873584511981,613.838571428571,235.975714285714,439.971428571429,201.982392793631,146.974170626076,92.9246258421958,464075.978571428,419863.547142857,447405.985714286,0,94.9293645427384,0,72.1590227222355,0,112.084705496802,0,26.3517227428795,0,47.6834413128481,0,129.687093521094,0,38.2631734788876,0,47.1654804022132,0,74.9582238089397,1
1134656,292,970,99,-581,435,656,-203,961,203,333,1000,158,-554,462,686,-165,990,262,323,980,138,-572,453,666,-184,980,233,317.87,983.4,134.42,-571.01,451.29,669.9,-185.7,976.82,230.01,317.516808444444,983.344620988083,133.333170185443,-570.933429233553,451.22276253018,669.787069546166,-185.350601783172,976.766016296814,229.378130664693,318.043786293649,983.427679089825,134.938282188562,571.048150334103,451.323553562187,669.956565756318,185.871622363394,976.846978804767,230.324879246685,111.629393939394,54.989898989899,141.013737373737,44.0100000000001,30.5918181818182,76.5555555555556,64.4141414141415,53.24,146.41404040404,10.5654812450448,7.41551744586303,11.8749205207335,6.6340033162488,5.53098708928326,8.74960316560446,8.02584210000056,7.29657453878188,12.1001669576928,2.50102660746812,2.59433273174573,3.39499058834599,2.84060609585913,3.03928964563326,2.35555977977565,3.02317638838946,2.82185789841124,2.65728201429495,-0.42859355849207,-0.0363276785655858,-0.279577129213119,0.281776023189488,-0.131295111256844,0.157527541519876,0.314467087723283,-0.0496320602125806,0.0359524119358384,323,980,128,-572,453,666,-184,980,223,318.222222222222,983.333333333333,134.555555555556,-571.2,451.2,669.777777777778,-185.888888888889,976.966666666667,229.955555555556,0.76420450650862,0.76420450650862,0.76420450650862,0.76420450650862,0.76420450650862,0.76420450650862,0.76420450650862,0.76420450650862,0.76420450650862,41,30,59,27,27,30,38,29,59,446.711076248585,423.954644963916,437.431886771478,615.295714285714,235.791428571429,437.627142857143,161.450458685838,76.5627316218256,155.443857973316,465638.652857143,419413.174285715,446497.641428572,0,88.6202212126236,0,40.7030877115531,0,94.3169775251072,0,32.946614605157,0,20.2558004005516,0,51.4032186215018,0,53.0258307573371,0,41.2720217007134,0,124.687536192884,1
1136218,292,960,99,-590,435,646,-203,952,203,343,1000,158,-554,462,696,-165,990,262,313,980,138,-572,453,666,-184,980,233,316.38,981.9,134.91,-571.73,451.56,670.4,-184.8,976.82,230.93,316.103742350461,981.782405868274,133.907493829785,-571.652232380499,451.463820324088,670.22861023067,-184.524359127163,976.770208734681,230.31169287837,316.518087950752,981.958756771383,135.393389794332,571.768895621299,451.607927299776,670.485495741705,184.936800015573,976.844839265684,231.238513228225,88.2783838383838,116.555555555556,131.981717171717,44.9263636363637,43.7236363636364,115.79797979798,51.0909090909091,49.0177777777777,144.025353535353,9.39565771185731,10.7960898271344,11.4883296075503,6.70271315486227,6.61238507375639,10.7609469749637,7.14779050412847,7.00126972611238,12.0010563508115,3.15433720979411,2.448577232037,3.33674683947031,2.61804069313468,2.75383663810105,2.81114629783748,2.71499713642037,3.89237830777187,2.94329845586821,0.06116613113123,-0.0440349173015852,-0.189111954591584,-0.047791770071306,-0.203224970129242,-0.112780035599437,0.116489624026,-0.295544267398539,0.0717453372587802,313,980,138,-572,453,676,-184,980,233,316.333333333333,982.111111111111,135,-571.7,451.7,670.555555555556,-184.888888888889,976.955555555556,230.755555555556,0.76420450650862,0.76420450650862,0.76420450650862,0.76420450650862,0.76420450650862,0.76420450650862,0.76420450650862,0.76420450650862,0.76420450650862,51,40,59,36,27,50,38,38,59,445.930917716968,424.338383019762,437.446124993327,614.224285714286,235.812857142857,438.407142857143,133.777579257093,115.828679311533,146.401751009896,464039.172857143,420180.081428571,446528.018571429,0,59.1156017870583,0,99.5619857396687,0,103.771726427435,0,33.9804474470427,0,34.0094814928163,0,87.1646289668004,0,39.2927867560282,0,42.791735875294,0,82.1138803647001,1
1137781,292,960,108,-581,435,636,-203,952,194,343,1009,168,-554,462,696,-174,1000,262,313,980,138,-572,453,666,-184,975.5,233,317.09,983.09,134.4,-571.19,451.2,670.1,-184.49,975.91,233.32,316.755717372461,983.007716965508,133.384565744427,-571.12698016356,451.106399792984,669.866737797225,-184.271823789633,975.843030197718,232.634541246316,317.258175623576,983.131125537179,134.901445507452,571.221331884586,451.24667311793,670.216532174491,184.599377030368,975.943507586377,233.648753474098,107.759494949495,81.6786868686869,136.40404040404,36.1554545454545,42.5454545454546,157.767676767677,40.7776767676767,66.0625252525252,155.068282828283,10.3807270915623,9.03762617442694,11.6792140319475,6.01294059054756,6.52268767805531,12.5605603683783,6.38574011119124,8.12788565695441,12.4526416004108,2.80088153126847,3.11029081161596,2.91013229711821,3.76121303628245,2.75739644970413,2.62316960508661,2.9871861774016,3.4557036690746,3.99535520291511,0.254096625354389,-0.0209086507864322,0.0414769948735459,0.510485766208957,-0.160009671988041,-0.0102756141855395,-0.152548442083548,0.104117456659774,-0.609788767045108,313,980,138,-572,453,666,-184,971,233,316.777777777778,983,134.333333333333,-571.4,451.3,670.222222222222,-184.444444444444,975.944444444444,233.722222222222,0.76420450650862,0.76420450650862,0.76420450650862,0.76420450650862,0.76420450650862,0.76420450650862,0.76420450650862,0.76420450650862,0.76420450650862,51,49,60,27,27,60,29,48,68,446.4794090631,424.050428668228,437.283896482392,614.82,235.761428571429,439.174285714286,139.569179490084,157.896809926982,156.19194551571,465170.554285715,419617.53,446200.457142857,0,78.1169915552205,0,64.3140300180613,0,124.554315779186,0,30.5949307562351,0,35.3898364249126,0,113.337696502332,0,32.1591466632961,0,50.1953464213336,0,105.761976409798,1
1139343,292,960,108,-581,435,646,-203,961,194,343,1009,168,-554,462,696,-165,990,252,313,980,138,-572,453,671,-184,980,233,315.77,981.89,135.9,-570.2,450.48,671.5,-184.88,977.1,231.29,315.453469279188,981.799393501193,134.771146073103,-570.12302821568,450.399887963558,671.34416279607,-184.544712244814,977.044904906149,230.679781259436,315.927602466135,981.935237171984,136.452922284574,570.238353673269,450.519699902235,671.577992492309,185.047291252804,977.127524942369,231.582102071814,100.562727272727,89.7352525252526,152.111111111111,44.1818181818182,36.130909090909,105.808080808081,62.510707070707,54.3333333333333,136.571616161616,10.0280968918697,9.47286928682396,12.3333333333333,6.64694051288397,6.01089919154439,10.286305498481,7.90637129603126,7.37111479583199,11.6863859324265,2.83787791653209,3.34023471351723,2.69533083985248,2.8888888888889,3.57195179584123,2.50418373101087,3.01573132890159,2.81174004336336,3.58361669059758,-0.0668470402202612,-0.127275950905252,-0.0497963450979944,0.272165526975929,-0.637587031696109,0.0888451933614501,-0.0474912542435445,-0.0938847838910193,-0.728177896139993,313,980,138,-572,453,666,-184,980,233,315.777777777778,982,135.888888888889,-570.4,450.7,671.444444444444,-184.777777777778,977.277777777778,231.811111111111,0.76420450650862,0.76420450650862,0.76420450650862,0.76420450650862,0.76420450650862,0.76420450650862,0.76420450650862,0.76420450650862,0.76420450650862,51,49,60,27,27,50,38,29,58,445.906883286061,424.06313021417,437.603979842649,614.382857142857,236.477142857143,438.647142857143,155.181223742563,109.392331061766,140.566505471899,463982.768571428,419638.62,446850.415714286,0,61.4699974069762,0,69.779747862074,0,110.203922430626,0,33.9572593913015,0,27.3864251668082,0,87.8197875249728,0,41.4993036271164,0,39.5972333278411,0,110.660036054574,1
1140906,292,960,99,-581,435,646,-203,961,203,343,1009,158,-554,462,696,-165,1000,262,323,980,133,-572,453,676,-184,971,233,319.38,981.39,133.51,-570.38,451.92,672.5,-184.6,976.12,232.07,319.075679248909,981.305050363208,132.44602423019,-570.313488280281,451.829367590067,672.340868877829,-184.377558551577,976.072520039219,231.416593408232,319.530436734906,981.432529519987,134.033465970257,570.413201109511,451.9653084032,672.57936334681,184.710638567463,976.143903325734,232.390081543942,97.0864646464647,84.321111111111,141.464545454546,38.2581818181818,41.3672727272728,107.828282828283,41.2727272727273,47.1369696969696,150.166767676768,9.85324640138795,9.18265272735014,11.8938868943061,6.18531986385359,6.43173947912015,10.3840398125336,6.42438536147446,6.86563687482594,12.2542550845316,2.98985952963526,3.25991413212132,2.76003858664865,2.82667001326688,2.33893807082198,2.90080568642399,3.5644955052279,4.68861139372845,2.94530267477529,-0.301990435482444,0.161400994374917,0.00832695876845293,0.130301438068006,0.0104141838930578,-0.132600160337264,0.0526983624934021,1.00356217820377,-0.273384540221208,323,980,128,-572,453,676,-184,971,233,319.666666666667,981.222222222222,133.333333333333,-570.4,451.9,672.555555555556,-184.666666666667,975.633333333333,232.355555555556,0.76420450650862,0.76420450650862,0.76420450650862,0.76420450650862,0.76420450650862,0.76420450650862,0.76420450650862,0.76420450650862,0.76420450650862,51,49,59,27,27,50,38,39,59,446.042596781008,424.684017299393,437.255142598613,614.691428571429,237.445714285714,438.681428571429,153.42069936663,115.074297487512,153.48445193088,464260.491428572,420860.082857143,446134.324285714,0,71.4897641349928,0,58.1470432382532,0,124.085046054983,0,24.882926815823,0,36.4914486206452,0,90.5244374211823,0,29.7895564383417,0,39.751309526413,0,105.1833399212,1
1142468,292,960,108,-590,435,646,-203,952,194,343,1009,158,-554,472,696,-174,1000,262,323,980,138,-572,453,671,-184,980,233,320.19,981.48,135.1,-571.46,451.22,672.3,-184.58,977.29,233.64,319.869521708353,981.378729244154,134.190792676219,-571.386990561944,451.110923019593,672.152504832515,-184.349456641014,977.214616880853,233.124206968183,320.350355080184,981.530753466238,135.552941687003,571.496596665282,451.27475001378,672.37385433998,184.696128817038,977.327596049554,233.891898106796,103.751414141414,100.63595959596,123.828282828283,42.2509090909091,49.9107070707071,100.313131313131,43.3167676767677,74.2281818181819,118.96,10.185843810967,10.0317475843424,11.1278157258414,6.50006992969377,7.06475102680251,10.015644328406,6.58154751382741,8.61557785747316,10.9068785635488,3.06463857741983,3.20757047660747,2.56037309349547,3.34194545926904,3.44406682488636,2.5526623785684,3.2238433938913,3.95139467328104,3.86735164816564,0.0962130733330794,0.253590426919181,0.103823635138699,-0.251065721903142,0.289342833225502,0.124278056497128,-0.293304434508772,-0.261365413928608,-0.354316856981479,323,980,138,-572,453,666,-184,980,233,320,981.333333333333,134.888888888889,-571.3,451.1,672.333333333333,-184.444444444444,977.466666666667,233.866666666667,0.76420450650862,0.76420450650862,0.76420450650862,0.76420450650862,0.76420450650862,0.76420450650862,0.76420450650862,0.76420450650862,0.76420450650862,51,49,50,36,37,50,29,48,68,446.274214234212,424.754328603861,437.878411734151,615.758571428571,236.597142857143,439.864285714286,132.126670139215,101.349340982757,120.934672881894,464743.53,421004.511428571,447423.132857142,0,74.7567306006218,0,71.6153812190991,0,87.9328895954468,0,27.6909351711459,0,42.0316433646533,0,91.5418299128041,0,31.2604682124921,0,70.907639325693,0,62.3893337069442,1
1144031,303,960,118,-590,435,646,-203,952,203,343,1009,158,-563,472,686,-165,990,262,323,980,138,-572,453,666,-184,980,233,317.6,982.59,136.4,-572,451.23,669.2,-185.47,976.62,229.59,317.326282458475,982.458992113145,135.53192600405,-571.937813279866,451.105868913633,669.041484514842,-185.152439538816,976.554046921944,228.816113317214,317.73668343457,982.65548896854,136.837129464192,572.031152997807,451.29237751152,669.279015060236,185.628688515542,976.652875898085,229.972280938377,87.7171717171717,130.001919191919,120.646464646465,36,56.8657575757575,106.828282828283,59.4839393939394,64.8642424242424,177.456464646464,9.36574458957598,11.4018384128139,10.9839184559275,6,7.54093877284238,10.3357768371943,7.71258318554422,8.05383402015726,13.3212786415743,2.44635846119476,2.25691696314122,2.54188131351083,2.89256198347107,3.45791386945849,2.48583153476258,2.84159792417477,3.14821328079135,2.43797832523958,0.00527899829637219,-0.00239557810134473,0.227838941543175,-0.205575916757566,0.345054719673145,-0.172911351701662,-0.0727855411260041,-0.353212390075847,-0.112271308409704,323,980,138,-572,453,666,-184,980,223,317.444444444444,982.777777777778,136.222222222222,-571.9,451.1,669.444444444444,-185.333333333333,976.844444444444,229.711111111111,0.76420450650862,0.76420450650862,0.76420450650862,0.76420450650862,0.76420450650862,0.76420450650862,0.76420450650862,0.76420450650862,0.76420450650862,40,49,40,27,37,40,38,38,59,446.449070050344,423.994031256547,437.293064748406,615.681428571429,235.041428571429,437.46,146.08289926444,110.261128361655,182.22760167397,465125.49,419493.792857143,446226.9,0,67.0497826461569,0,72.5716399062839,0,83.0143399297158,0,29.6233218220522,0,45.5743241853591,0,80.0355906208754,0,40.9667485639773,0,42.2212828065537,0,140.214167182212,1
1145593,292,960,99,-581,435,646,-203,961,194,333,1000,158,-554,462,696,-174,1000,262,323,980,128,-572,453,671,-184,980,233,318.66,980.8,133.61,-571.37,449.49,670.8,-184.99,978.58,229.14,318.305853620143,980.702852362889,132.535806541705,-571.303981462913,449.385549615621,670.652207421228,-184.715717511914,978.533950937011,228.491324664828,318.833498867356,980.848612172133,134.1401133144,571.40296639062,449.542066997072,670.873758616329,185.126794386982,978.60302472453,229.458754463629,111.721616161616,96.3232323232325,143.371616161616,38.0536363636364,47.2827272727273,99.9595959595961,51.1413131313132,45.5187878787879,147.65696969697,10.5698446611867,9.81443999030166,11.9737887137537,6.16876295245946,6.87624368916106,9.99797959387776,7.15131548257474,6.74676128811357,12.1514184232529,2.88383465394225,2.56703526868158,3.05119439838331,2.62274033493558,2.70443174550551,2.6778859067201,2.26864304557237,3.8603502249236,3.02737857142504,-0.550049863847381,0.097318154316705,0.071398913259958,0.100841761576955,-0.169667512977107,-0.0971272385859264,0.00763653045699077,0.0225256629148485,-0.206845911900213,323,980,128,-572,453,676,-184,980,223,319.222222222222,980.777777777778,133.555555555556,-571.4,449.6,670.888888888889,-185,978.588888888889,229.311111111111,0.76420450650862,0.76420450650862,0.76420450650862,0.76420450650862,0.76420450650862,0.76420450650862,0.76420450650862,0.76420450650862,0.76420450650862,41,40,59,27,27,50,29,39,68,445.716930031232,423.962150070315,438.011933338821,614.172857142857,235.251428571429,438.312857142857,149.863897347688,106.576449305816,151.988370787643,463591.015714285,419426.151428572,447680.198571429,0,76.1397532960469,0,91.7071503353,0,123.073263515224,0,27.3973983551883,0,32.762013066729,0,69.0107451245206,0,37.0255869753246,0,33.8001494856938,0,113.711472754076,1
1147156,303,960,99,-581,435,646,-203,952,203,343,1009,158,-554,472,696,-174,990,262,323,980,138,-572,453,666,-184,980,223,318.7,983.28,134.31,-570.65,452.02,671,-186.45,976.62,227.16,318.392994300416,983.169196142772,133.154184167286,-570.586319672023,451.929685450361,670.799696031266,-186.111487805379,976.561856597994,226.42266593322,318.854512277935,983.335456494883,134.862040619294,570.681758951519,452.065039568423,671.100588585646,186.618996889384,976.648985050412,227.529778270889,99.5050505050505,110.163232323232,150.094848484848,36.6136363636364,41.130909090909,136.363636363636,63.6843434343434,57.1874747474747,169.832727272727,9.97522182736056,10.495867392609,12.2513202751723,6.05092029063649,6.41333837333639,11.6774841624228,7.98024707852729,7.56224006148143,13.0319886154312,2.60776646028464,2.72338722833532,3.16602675594869,3.04575387784401,3.84132210450971,2.86008230452675,2.30538744919027,3.4857943748875,2.75222439220192,0.266213656590933,0.113547890155312,-0.269419567246979,0.217967105260609,-0.141407203251073,0.286887655274623,-0.0296531669401575,-0.366726048049976,0.16313218200973,313,980,128,-572,453,666,-184,980,223,318.444444444444,983.222222222222,134.555555555556,-570.7,452.1,670.777777777778,-186.222222222222,976.844444444444,227.011111111111,0.76420450650862,0.76420450650862,0.76420450650862,0.76420450650862,0.76420450650862,0.76420450650862,0.76420450650862,0.76420450650862,0.76420450650862,40,49,59,27,37,50,29,38,59,446.764026719379,424.338766056414,437.140322061813,615.552857142857,236.73,435.998571428571,153.821444415304,142.073603354685,179.229223760414,465773.395714285,420178.487142857,445902.724285714,0,83.5920325423426,0,89.4676256587938,0,101.661282269981,0,26.7941823306492,0,26.292081757817,0,106.627630889533,0,46.1287755747881,0,44.0452945623536,0,120.912855377056,1
1148718,292,960,108,-581,435,636,-203,961,213,343,1009,158,-554,462,707,-165,990,262,323,980,128,-572,453,666,-184,980,233,319.19,982.09,132.6,-571.01,450.93,668.41,-187.93,975.49,234.76,318.893605412214,982.000628636466,131.785010216715,-570.944856269789,450.811910857691,668.186444216577,-187.602912604179,975.4360967412,234.250592267271,319.337360795758,982.134822720384,133.002255619971,571.042476528673,450.989013169944,668.521450665571,188.092344341815,975.516934758183,235.015105897472,95.0443434343434,88.9312121212121,107.919191919192,37.4645454545455,53.7627272727273,150.50696969697,61.6617171717172,53.0807070707071,121.052929292929,9.74906884960525,9.43033467705214,10.3884162372901,6.12082882088247,7.33230709072712,12.2681282067384,7.85249751172945,7.28565076507975,11.0024056139069,2.63670239534696,3.09397775978305,2.46799582464344,3.06422180200054,2.25707037056174,3.47630138258535,2.91605572289303,2.84416321263404,2.58992603619109,-0.12830783982454,0.342255162454457,-0.0287304135829821,0.250318549687131,-0.0083243146554824,-0.111100710330663,0.0844739997561708,-0.0687140385632272,0.119700375672467,323,980,128,-572,453,676,-184,980,233,319.333333333333,981.888888888889,132.666666666667,-571.1,451.1,668.555555555556,-187.966666666667,975.488888888889,234.9,0.76420450650862,0.76420450650862,0.76420450650862,0.76420450650862,0.76420450650862,0.76420450650862,0.76420450650862,0.76420450650862,0.76420450650862,51,49,50,27,27,71,38,29,49,446.243354636927,423.466685722057,437.517706438617,614.52,234.998571428571,438.137142857143,123.126618889224,152.26347080281,122.16121775173,464680.611428571,418457.798571429,446676.051428571,0,77.0450308185946,0,63.5434785344125,0,82.4566837373278,0,29.0438356238959,0,36.0816130854124,0,121.903511654678,0,51.669650586867,0,43.647147545814,0,85.9601826917159,1
1150281,282,970,108,-581,425,626,-203,961,203,353,1000,158,-554,472,696,-174,990,262,313,980,138,-572,453,666,-184,980,233,317.17,983.2,134.8,-571.1,451.47,667.2,-187.27,976.98,232.22,316.813994253605,983.110839930087,133.977391916331,-571.033286778007,451.36673973963,667.000481963151,-187.050925253504,976.930311345569,231.665119350525,317.346577104591,983.244628767429,135.20650871907,571.133329442434,451.521350547236,667.29933313319,187.379801472838,977.004800397623,232.493870886955,113.172828282828,88.6464646464648,110.868686868687,38.4545454545455,46.8374747474747,133.89898989899,41.5526262626262,48.9490909090908,128.557171717172,10.6382718654314,9.41522515112967,10.529420063265,6.20117290958295,6.84379096316323,11.5714731084244,6.44613265940333,6.99636269136262,11.3383055046674,4.22914911113459,2.09853674021051,2.50498729270968,2.55545495699411,4.65916719403187,3.71539770742726,2.81801809584142,3.08249537901399,3.8890571125529,-0.124183976619342,0.127394612394964,-0.0117712937660336,0.0558631882332473,-0.300536286716216,-0.195871431877167,-0.14117806031976,-0.231908680538355,-0.114144488159334,313,980,138,-572,453,666,-184,980,233,317.333333333333,983,134.777777777778,-571.1,451.5,667.444444444444,-187.333333333333,977.144444444444,232.188888888889,0.76420450650862,0.76420450650862,0.76420450650862,0.76420450650862,0.76420450650862,0.76420450650862,0.76420450650862,0.76420450650862,0.76420450650862,71,30,50,27,47,70,29,29,59,446.555301295169,423.239635916628,437.824503834594,615.072857142857,234.672857142857,437.97,137.046897651608,134.159752848854,129.461496594621,465325.564285714,418008.518571429,447301.272857143,0,88.7010427433844,0,82.9043413673721,0,81.3196935228728,0,31.6156035101707,0,43.2328333380014,0,96.9426682740413,0,32.9232269509673,0,40.4228670715831,0,105.131782089857,1
1151843,303,960,99,-581,435,636,-203,952,194,333,1000,168,-554,472,707,-174,1000,262,313,980,138,-572,453,666,-194,980,233,317.5,982.8,136.41,-572.09,451.3,668.61,-189.06,977.29,230.41,317.32181173958,982.708042196975,135.297260820565,-572.028979003731,451.192640672445,668.433834858836,-188.825104245764,977.226347295374,229.887558622458,317.589357504309,982.845867875528,136.953897352357,572.120433125754,451.35374153761,668.698235379756,189.17589698479,977.321763801462,230.668311651167,57.3232323232323,91.0707070707071,150.183737373737,35.1736363636363,48.9999999999999,119.189797979798,44.2791919191919,62.7130303030303,120.304949494949,7.57121075675696,9.54309735205018,12.2549474651562,5.93073657850661,7,10.9174080247922,6.65426118507471,7.91915590849368,10.9683612948767,2.69683091074929,2.57472902358736,3.00780182647947,2.98818238941951,2.94723120034544,4.19592302267425,2.68389055081547,4.79714866223485,4.00434703371662,0.170170470198759,-0.232797186698604,-0.0330717751917216,0.223144233620351,0.108308607390506,0.161890381119697,0.312265020929882,-0.21142355275984,-0.0770840987018028,313,990,128,-572,453,666,-194,980,233,317.444444444444,982.888888888889,136.444444444444,-572.2,451.3,668.555555555556,-189.222222222222,977.466666666667,230.388888888889,0.76420450650862,0.76420450650862,0.76420450650862,0.76420450650862,0.76420450650862,0.76420450650862,0.76420450650862,0.76420450650862,0.76420450650862,30,40,69,27,37,71,29,48,68,446.520896478247,423.856463359302,437.918225510609,615.732857142857,234.78,436.56,151.139525738626,119.332199097279,125.987279491108,465259.444285714,419228.28,447494.237142857,0,43.4436205008292,0,67.7381704942175,0,82.7127856979474,0,34.0093753049788,0,40.1446682359468,0,89.9693327255206,0,35.3721095175489,0,49.2950180543575,0,78.8812927846744,1
1153406,292,960,99,-590,435,636,-203,952,203,343,1000,158,-563,472,696,-174,1000,252,323,980,138,-572,453,676,-184,980,233,318.49,982.1,133.83,-572.81,452.11,671.1,-187.88,977.8,231.48,318.21510361673,982.007734395861,132.475773055273,-572.747566407685,451.992599649891,670.867784694731,-187.647715558846,977.736377537158,230.880584487947,318.626976259073,982.146119475101,134.471967338922,572.841243277751,452.168652164212,671.215464660939,187.994840354729,977.831795351327,231.773596425477,88.1514141414144,91.5050505050505,173.980909090909,36.1554545454545,53.5736363636364,156.555555555556,43.6016161616162,62.8080808080809,137.383434343435,9.38889845197052,9.56582722533972,13.1901822993812,6.01294059054756,7.31940136648048,12.512216252749,6.60315198686326,7.92515493905834,11.721067969406,2.82978509156765,2.6280666898181,2.95218369767013,2.75340668504378,2.64930632326693,3.08523886085098,2.53548171020457,3.50528110163987,2.68747350481328,-0.0557053468162077,-0.0115723912997457,-0.306268989687196,-0.101982772403547,-0.0201777108508657,-0.256017512288145,0.259797532657802,-0.0395744774809394,-0.310558882813569,323,980,128,-572,453,676,-184,980,233,318.555555555556,982.111111111111,134.111111111111,-572.8,452.2,671.222222222222,-188.111111111111,977.933333333333,231.7,0.76420450650862,0.76420450650862,0.76420450650862,0.76420450650862,0.76420450650862,0.76420450650862,0.76420450650862,0.76420450650862,0.76420450650862,51,40,59,27,37,60,29,48,49,446.236086472231,424.924893654036,438.139632228059,614.751428571429,235.885714285714,437.742857142857,194.560878455121,159.483726187867,137.507874991198,464664.368571429,421343.048571428,447949.748571428,0,66.148431507823,0,67.5183342782298,0,134.900819945978,0,27.2468483773791,0,37.1422742968885,0,134.675984326038,0,32.2570361699392,0,50.1629444729128,0,100.305235604373,1
1154968,292,960,108,-581,435,646,-203,961,194,333,1019,168,-554,472,696,-165,990,252,323,980,138,-572,453,666,-184,980,233,319.69,980.89,136.2,-571.37,450.94,669.4,-187.76,977.11,230.87,319.47135026703,980.768556056015,134.834159918551,-571.309633477215,450.821035952314,669.21794458208,-187.471640237946,977.056920383243,230.254658100015,319.797357712662,980.950870329396,136.891197671728,571.400131256548,450.99946784891,669.491448787809,187.9024747043,977.136536007123,231.167623165529,69.3473737373738,120.624141414141,190.666666666667,34.7809090909091,54.1781818181817,123.676767676768,54.0630303030304,52.3817171717172,138.902121212121,8.32750705417737,10.9829022309288,13.8082101181387,5.89753415343304,7.36058298086379,11.1210056953842,7.35275664652587,7.23752147987951,11.7856744063342,3.48729377143579,3.41598266303897,2.64866946419278,2.91168137282489,2.8909007535016,3.208562666914,3.11402052505358,2.78536074514046,3.48384458775168,-0.632701124326947,0.248003051988861,0.302747062566009,0.145711618942821,0.0199960369581121,0.318717347774609,0.21076996750948,-0.00440347074212623,-0.514372961087761,323,980,128,-572,453,666,-184,980,233,320,980.777777777778,135.888888888889,-571.4,451.1,669.111111111111,-187.777777777778,977.288888888889,231.233333333333,0.76420450650862,0.76420450650862,0.76420450650862,0.76420450650862,0.76420450650862,0.76420450650862,0.76420450650862,0.76420450650862,0.76420450650862,41,59,60,27,37,50,38,29,58,446.038483283661,423.84296621175,437.789609745305,615.762857142857,235.272857142857,437.237142857143,191.487068599296,128.963155501022,139.164228263765,464260.354285714,419193.184285714,447232.122857143,0,55.8417813641639,0,96.1407085308545,0,156.306888728547,0,26.0321123019017,0,45.1617950487672,0,101.358174616424,0,39.2508802323096,0,41.5531366637625,0,127.664782941512,1
1156531,292,970,108,-590,435,636,-203,961,194,343,1000,158,-554,472,696,-174,1000,271,323,980,138,-572,453,666,-194,980,233,318.18,982.9,137.2,-572.72,452.49,669.2,-189.57,976.38,235.49,317.871074902434,982.828248712962,136.343077650396,-572.653055394699,452.348618537731,669.00171785053,-189.225194623147,976.317272875518,234.851405696944,318.333944152992,982.935908388741,137.605232458653,572.753489731839,452.560747303608,669.298438665443,189.741113098875,976.411429675012,235.799469889141,98.9773737373737,71.3030303030304,112.484848484848,38.7490909090908,64.6766666666667,133.090909090909,65.5607070707071,61.9955555555556,147.323131313131,9.94873729361539,8.44411216783804,10.6058874444739,6.22487677862709,8.04218046717846,11.5365033303384,8.09695665486157,7.87372564644944,12.1376740487266,3.32782734054579,2.37573329330883,3.52202858699961,3.62692887143902,2.77418734570538,3.45250568732906,2.38285844890108,3.07122338525877,4.31809363919159,-0.0277732677988147,0.12051958271882,-0.503955477461016,-0.0792329767451414,0.0808581693371156,-0.368720454353313,0.106526995930083,0.280673628575024,-0.422564395168955,323,980,138,-572,453,666,-194,971,233,318.111111111111,982.666666666667,137.444444444444,-572.7,452.5,669.555555555556,-189.688888888889,976.366666666667,235.822222222222,0.76420450650862,0.76420450650862,0.76420450650862,0.76420450650862,0.76420450650862,0.76420450650862,0.76420450650862,0.76420450650862,0.76420450650862,51,30,50,36,37,60,29,39,77,446.694413016052,424.426406767884,438.092523075123,616.405714285714,235.272857142857,438.128571428571,121.862601641387,138.771961155967,157.227648688146,465614.871428572,420350.652857143,447849.582857143,0,82.9309928894143,0,60.3800252980675,0,83.9576348513623,0,31.5398930757128,0,54.8299981385174,0,86.6584003461856,0,53.626619640673,0,42.9643474920408,0,119.259990963323,1
1158093,292,960,108,-581,435,646,-203,952,213,343,1000,158,-563,472,696,-174,990,262,323,980,138,-572,453,666,-184,971,242,319.29,981.4,135.1,-571.91,452.13,669.6,-189.1,974.72,240.2,318.982663740254,981.31450721255,134.014107057536,-571.854773646079,452.000702442329,669.413693209787,-188.803096046218,974.664983739869,239.606113783663,319.44318743714,981.442815450804,135.634066517229,571.937610233844,452.194880554833,669.693362666825,189.248249661655,974.74742369498,240.494074771085,98.8342424242423,84.8888888888889,146.050505050505,31.9009090909091,59.2657575757576,126.30303030303,56.6565656565657,54.0016161616161,142.787878787879,9.94154124993918,9.2135166407235,12.0851357067476,5.64808897689378,7.69842565566218,11.238462096881,7.5270555768219,7.34857919339624,11.9493882181423,2.73704133331784,2.32202770104941,2.60267377418737,2.56432584992134,3.00066681091054,2.27048235159758,2.50937209927465,3.27210970241705,2.53152470831496,-0.03907610551535,0.187284203373161,-0.0159194228437495,-0.0069744157613248,0.248550821963117,0.159426312448513,-0.0358791978880734,-0.391382118157737,-0.106577118492558,323,980,138,-572,453,666,-184,980,242,319.333333333333,981.111111111111,135.111111111111,-571.9,452,669.444444444444,-189.166666666667,974.733333333333,240.277777777778,0.76420450650862,0.76420450650862,0.76420450650862,0.76420450650862,0.76420450650862,0.76420450650862,0.76420450650862,0.76420450650862,0.76420450650862,51,40,50,18,37,50,29,38,49,446.124539458668,424.266371421169,437.839971019141,615.338571428571,235.637142857143,439.637142857143,147.693866365925,130.595341485482,149.648429268501,464430.235714286,420035.16,447336.360000001,0,72.0856858430515,0,61.872093429451,0,107.957277283438,0,25.4673872516691,0,44.6294595131085,0,98.5481715130412,0,42.6911609913522,0,39.618485366393,0,99.3648573981603,1
1159656,292,960,99,-590,435,626,-213,952,213,343,1009,158,-554,472,686,-174,990,271,318,980,138,-572,453,666,-184,971,242,318.79,981.89,133.11,-572.27,451.76,668,-188.82,972.82,241.74,318.460441096761,981.766733323842,131.921804713621,-572.192219106629,451.636608598093,667.790997102099,-188.534746988427,972.747232870314,241.22655676386,318.954463834573,981.951531390425,133.680851283944,572.308858921474,451.821867554017,668.103285428234,188.964123579054,972.85640255898,241.99735535745,105.945353535354,122.058484848485,153.836262626263,44.9263636363637,56.4670707070707,139.393939393939,54.9975757575758,71.5430303030302,125.749898989899,10.2929759319331,11.0480081846677,12.4030747246908,6.70271315486227,7.51445744595514,11.8065210538049,7.41603504290371,8.458311315093,11.2138262421842,2.3381841845297,2.66681894017424,2.79207290927659,2.61804069313468,2.86000390743692,3.76181474480151,3.26374224104067,3.3101111329129,2.83772812564428,-0.00798995478843246,-0.126484109237169,-0.229875545639402,0.0477917700713059,0.20241510436817,-0.614385148286749,-0.360232636330087,0.0824936622911901,0.149428298416278,313,980,128,-572,453,666,-184,971,242,318.888888888889,982,133.333333333333,-572.3,451.7,668.555555555556,-188.744444444444,972.822222222222,241.666666666667,0.76420450650862,0.76420450650862,0.76420450650862,0.76420450650862,0.76420450650862,0.76420450650862,0.76420450650862,0.76420450650862,0.76420450650862,51,49,59,36,37,60,39,38,58,446.150722865303,423.823849902539,437.194210338297,614.481428571429,234.638571428571,439.602857142857,155.199961323789,150.673770772608,127.328665333442,464499.141428571,419161.041428571,446022.745714285,0,74.8450952039729,0,72.4952123549094,0,108.368089172586,0,33.6866874849617,0,49.7707113428718,0,95.0124151630837,0,44.8923371076872,0,60.0558278013434,0,99.4323450149025,1
1161218,292,960,118,-590,444,636,-203,961,213,333,1009,168,-563,472,696,-174,990,262,313,980,138,-572,453,676,-184,980,242,316.79,980.68,136.1,-572.45,452.74,670.4,-187.58,975.59,238.73,316.593540060966,980.584913281,135.205374237012,-572.389599568389,452.65909054177,670.21047496761,-187.340950080249,975.534176647355,238.053692577336,316.887913938036,980.727597246045,136.552553985636,572.480244200619,452.780587039683,670.494444421428,187.698321782588,975.617901639776,239.062230392005,62.6726262626262,94.3006060606062,124.636363636364,34.9772727272727,37.1236363636363,127.919191919192,44.8521212121212,54.9918181818182,160.340505050505,7.91660446546537,9.71084991443108,11.1640657305645,5.91415866605493,6.09291690109395,11.3101366887935,6.69717262821567,7.41564684851013,12.6625631311558,3.24284520544745,3.40088692752629,3.33079914176676,2.92428439519853,2.99211495684726,2.77364959102338,2.51914575113533,2.79870952727326,2.50128588559527,-0.0665229769106966,0.14081020567303,0.335745098294113,-0.163676722410552,0.272991810869856,-0.166182018501208,0.221696682652644,-0.0320577519925788,-0.242203510900591,313,980,138,-572,453,676,-184,980,242,316.777777777778,980.666666666667,135.666666666667,-572.4,452.6,670.444444444444,-187.777777777778,975.6,238.866666666667,0.76420450650862,0.76420450650862,0.76420450650862,0.76420450650862,0.76420450650862,0.76420450650862,0.76420450650862,0.76420450650862,0.76420450650862,41,49,50,27,28,60,29,29,49,445.551131310122,424.74773370604,437.931090584148,614.387142857143,236.01,440.031428571429,127.913022216459,129.069378214618,163.093416264327,463239.072857143,420988.581428571,447519.3,0,53.2906984849866,0,67.6118702352172,0,79.3712724981231,0,21.5471412239861,0,25.9490577653685,0,109.576205576113,0,42.5627688817414,0,45.8622437808457,0,115.903249167348,1
1162781,292,960,108,-590,435,646,-203,961,194,343,1000,168,-563,472,696,-174,1000,271,323,980,138,-572,453,666,-194,980,233,318.27,981.8,134.7,-572.27,452.56,668.5,-188.09,978.07,227.79,317.878577573266,981.71975771803,133.692849580612,-572.209366417912,452.472001649546,668.307550453311,-187.8293362936,978.00738425519,227.045007454755,318.465461235595,981.840109182753,135.189496633429,572.300366940298,452.604043287287,668.596290746516,188.21724150566,978.101410897664,228.158694771863,125.714242424243,79.5555555555555,133.444444444444,35.1081818181818,40.2690909090909,130.050505050505,48.3655555555556,62.0657575757576,169.80393939394,11.2122362811458,8.91939210683977,11.551815634109,5.92521576131889,6.34579316627094,11.4039688288992,6.95453489138962,7.8781823776654,13.0308840603368,2.98254223022383,2.63392306499859,3.20241086657847,2.94101423904536,3.1732396244997,2.7717032708078,2.41900906028512,3.60132301075844,3.39051831960373,0.0418741500232552,-0.0159320133286763,-0.122607063488178,-0.182699140804225,0.105391988706053,0.0744403504540061,0.59560112918476,0.431903898007116,-0.0348019981121414,323,980,138,-572,453,676,-194,980,233,318.111111111111,981.666666666667,134.777777777778,-572.2,452.5,668.444444444444,-188.444444444444,977.911111111111,227.822222222222,0.76420450650862,0.76420450650862,0.76420450650862,0.76420450650862,0.76420450650862,0.76420450650862,0.76420450650862,0.76420450650862,0.76420450650862,51,40,60,27,37,50,29,39,77,446.133382017665,424.120447578431,437.920362761739,614.901428571429,235.195714285714,436.187142857143,151.666834648432,136.842219843818,172.579885312658,464445.621428571,419742.484285714,447499.067142857,0,106.880448785899,0,56.7729725155412,0,86.287349460983,0,18.9514892526121,0,31.4900035790095,0,110.328617739306,0,39.3599007641826,0,36.5597022224048,0,131.278168213853,1
1164343,292,960,108,-581,416,636,-213,952,184,343,1000,168,-563,472,696,-155,1000,242,318,980,138,-572,453,666,-184,980,213,317.79,981.3,136.3,-569.93,451.34,670.3,-186.79,980.26,216.62,317.489721517071,981.227228854891,135.338373575154,-569.876493454427,451.087671226444,670.087049994693,-186.160691240254,980.186770336334,215.979086613126,317.940167327125,981.336333781645,136.769148567943,569.956796608304,451.465170306636,670.406294719851,187.097006924216,980.296526567344,216.938286155303,96.430202020202,72.0303030303029,129.40404040404,30.8536363636363,114.145858585859,143.949494949495,115.945353535354,72.3357575757576,139.389494949495,9.81988808593062,8.48706680958168,11.3755896728056,5.55460496917975,10.6839065227031,11.9978954383465,10.7677924169884,8.50504306724885,11.8063328324038,2.85485357734188,2.56506467964419,2.8577864900649,2.43654025919451,3.73084347395569,2.51137172247233,3.61414149605406,3.65915484223691,2.92313890701621,0.0703743740955385,-0.149965358984177,-0.118429939457791,-0.182950105081742,-0.264671585497981,-0.0634157424362474,0.262877595906562,-0.254540917445573,-0.00453417198187266,323,980,138,-572,453,666,-184,980,213,317.666666666667,981.333333333333,136.333333333333,-569.7,451.533333333333,670.444444444444,-186.877777777778,980.444444444444,216.677777777778,0.76420450650862,0.76420450650862,0.76420450650862,0.76420450650862,0.76420450650862,0.76420450650862,0.76420450650862,0.76420450650862,0.76420450650862,51,40,60,18,56,60,58,48,58,445.951008045397,423.84252710348,437.680437714833,615.167142857143,236.447142857143,432.895714285714,135.015979343117,190.511446000705,165.009699302656,464062.607142857,419192.635714286,447020.91,0,67.5481438056531,0,60.9977320372266,0,98.4579288200898,0,24.2845113608921,0,112.522060997299,0,130.797570063333,0,112.270990077009,0,54.3180359304993,0,126.609118417479,1
1165906,303,960,108,-590,435,636,-203,961,184,343,1009,158,-554,472,696,-174,990,262,323,980,138,-572,453,666,-184,980,223,319.3,983.77,133.5,-572.27,452.29,669,-188.96,978.42,222.02,319.015099697519,983.662217477649,132.470959963295,-572.177890581632,452.193329884873,668.827237613486,-188.759685076126,978.367169989863,221.209615065352,319.442952653522,983.823881596701,134.003731291334,572.315935476202,452.338203117977,669.085943657465,189.060096265711,978.446380748582,222.420952250457,92.2323232323233,107.08797979798,136.111111111111,53.1081818181819,44.0463636363637,116.161616161616,38.2206060606061,52.1450505050505,179.999595959596,9.60376609629386,10.3483322230193,11.6666666666667,7.2875360594773,6.63674345114859,10.7778298447144,6.18228162255701,7.22115299000447,13.4163928072935,2.76994388052815,3.17976151846913,2.34846018015909,3.55328291799974,3.52011951958179,3.2221550094518,2.54079189361374,2.84888275624803,3.30907549811601,0.176721732535011,0.0082758873642486,-0.102128677013088,0.169126157870291,-0.146870790779234,-0.277318821233206,-0.039959052592698,-0.161331019025657,-0.0197712083231343,323,980,138,-572,453,666,-184,980,223,319.111111111111,983.777777777778,133.555555555556,-572.4,452.4,669.333333333333,-188.888888888889,978.633333333333,222.144444444444,0.76420450650862,0.76420450650862,0.76420450650862,0.76420450650862,0.76420450650862,0.76420450650862,0.76420450650862,0.76420450650862,0.76420450650862,40,49,50,36,37,60,29,29,78,446.992492962309,424.211648285697,437.586721204183,615.672857142857,235.294285714286,433.491428571429,144.642072325276,117.948363121891,180.164814247327,466247.241428571,419927.734285715,446816.622857143,0,67.3279221471866,0,79.38889680751,0,115.203209092725,0,37.8044797718922,0,27.581691250523,0,77.8518238974345,0,23.9659230950541,0,33.9022396730655,0,127.195572838717,1
1167468,303,970,108,-581,435,636,-203,961,203,343,1009,168,-563,472,696,-174,1000,262,313,980,138,-572,453,666,-194,980,233,317.9,981.69,135.5,-572.27,454.39,667.8,-191.59,977.62,231.81,317.697245198259,981.615196003423,134.669843783743,-572.226246841222,454.260973026555,667.543130648981,-191.373145018422,977.549411769454,231.027385340776,318.002201250243,981.727462180823,135.9080571563,572.291874833113,454.454563185364,667.927840413918,191.697235243495,977.655368726629,232.195068853755,65.6464646464647,74.2968686868685,111.868686868687,25.29,59.270606060606,172.484848484849,41.5170707070707,69.8541414141414,180.478686868687,8.10225059143845,8.61956313782018,10.5767994624407,5.02891638427206,7.69874055028522,13.1333487155732,6.44337417096592,8.35787900212377,13.4342356265136,3.101522217451,2.61570949773173,3.54409449220123,3.22443488944903,2.57482933604101,2.60966170501121,2.83768397620341,2.9394553791728,2.62920752663488,0.37600360741209,0.1999683215377,-0.00321747858789332,-0.0125342164853409,0.0762601713891878,-0.200741307389523,0.260507815012916,0.26651552916756,-0.168712650416944,313,980,138,-572,453,666,-194,980,233,317.777777777778,981.444444444444,135.444444444444,-572.3,454.2,668,-191.6,977.633333333333,232.177777777778,0.76420450650862,0.76420450650862,0.76420450650862,0.76420450650862,0.76420450650862,0.76420450650862,0.76420450650862,0.76420450650862,0.76420450650862,40,39,60,18,37,60,29,39,59,446.06692892267,424.281507635696,438.400276850805,615.038571428571,235.68,436.217142857143,113.028616312642,172.79078367064,181.414531526778,464307.947142857,420074.802857143,448488.171428571,0,47.5906646363312,0,63.7495725899486,0,68.9963003700049,0,17.5421361393998,0,56.9776638123689,0,157.335774017988,0,36.5147431090156,0,52.5713013514094,0,155.457290833258,1
1169031,292,960,108,-581,435,636,-203,952,213,333,1000,158,-554,472,686,-174,990,271,313,980,138,-572,453,666,-194,971,242,317.59,983.7,135.6,-572.54,453.3,669,-191.23,973.57,239.16,317.3264652003,983.596971001603,134.793751360387,-572.46942078402,453.15582108074,668.814996032432,-190.894170784922,973.514455071406,238.71960439028,317.721182800266,983.751493010303,135.998529403814,572.575112976455,453.371701807689,669.091921935992,191.394905888323,973.597807105172,239.383625170979,84.1837373737373,102.333333333333,109.333333333333,40.6145454545455,65.6666666666667,124.242424242424,63.7344444444445,54.6920202020202,108.095353535354,9.1751696100801,10.1159939369957,10.4562580942388,6.37295421720143,8.10349718742881,11.1464085804543,7.98338552522954,7.39540534399705,10.3968915323453,2.58833682049306,2.31532628810728,2.81261481834733,3.10519836294322,3.11355024220831,2.70771366250248,2.57506471384632,3.49549640558336,3.44577623891571,-0.101112231807949,-0.0247069224453722,0.0116791201098582,0.427652511752811,-0.261511730026645,-0.347472688481596,0.360091588548439,0.185575756850838,0.466404981358103,313,980,138,-572,453,676,-194,971,233,317.666666666667,983.777777777778,135.444444444444,-572.8,453.5,669.444444444444,-191.533333333333,973.455555555556,238.8,0.76420450650862,0.76420450650862,0.76420450650862,0.76420450650862,0.76420450650862,0.76420450650862,0.76420450650862,0.76420450650862,0.76420450650862,41,40,50,27,37,50,29,38,58,446.850119246488,424.481853833342,437.429840620154,615.81,235.611428571429,437.785714285714,116.513717262839,137.607881217631,111.221390061321,465946.864285714,420459.497142857,446498.237142857,0,71.7336907149431,0,75.8918411120164,0,86.7801821389258,0,32.9266527189196,0,50.7669022551819,0,93.2783270540333,0,57.8165539462874,0,39.5658421902629,0,86.2394041810445,1
1170593,303,950,108,-590,444,626,-203,952,213,343,1009,168,-563,481,696,-174,1000,262,323,980,138,-572,453,666,-184,980,242,320.2,979.98,133.9,-572.36,453.19,668.4,-188.53,975.59,236.17,319.987626153937,979.844445551539,132.678410265697,-572.275494975088,453.114664178794,668.163739299396,-188.29492718738,975.528603425831,235.594485136845,320.306415795875,980.047764142136,134.49684011158,572.402341015478,453.228099305416,668.516865905416,188.648641659568,975.62067936263,236.452426504783,68.8484848484849,134.161212121212,161.808080808081,48.9600000000001,34.8827272727272,157.818181818182,45.2011111111111,60.4665656565656,134.829393939394,8.29749871036356,11.582798112771,12.7203805292169,6.99714227381436,5.90616011235111,12.5625706691816,6.723177158986,7.77602505503716,11.6116060017292,2.6619057065397,3.02400213295627,3.10311368615149,2.29040006863221,6.84047111551852,3.69290146397326,2.69524888620686,3.8035820852926,2.56483906125987,0.132384939610755,0.0102888018895126,-0.025027327626909,-0.190382285861795,0.94874578773543,-0.521651101704492,-0.330819086544472,-0.0535694895156721,-0.294904570221048,323,980,138,-572,453,676,-184,980,242,320.333333333333,979.888888888889,133.888888888889,-572.2,453,668.888888888889,-188.422222222222,975.588888888889,236.355555555556,0.76420450650862,0.76420450650862,0.76420450650862,0.76420450650862,0.76420450650862,0.76420450650862,0.76420450650862,0.76420450650862,0.76420450650862,40,59,60,27,37,70,29,48,49,445.601026270922,424.234561041771,437.746759255185,614.605714285714,235.384285714286,438.527142857143,164.768001905116,159.513978155353,143.169555767054,463362.522857143,419989.264285714,447143.044285715,0,50.9093512328975,0,103.653218576685,0,123.059067843665,0,43.5254791552087,0,28.4126211416262,0,104.573470920478,0,32.2479455202595,0,41.0059831211437,0,113.486881767849,1
1172156,303,950,108,-590,435,636,-213,952,213,343,1000,158,-554,472,686,-174,1000,271,323,980,138,-572,453,666,-194,980,242,318.5,980.6,135.4,-572.54,453.46,667.1,-191.65,975.8,240.09,318.240840692653,980.491667344265,134.443318800664,-572.475225737012,453.346073868561,666.897912259489,-191.334654054486,975.729006724351,239.512160273246,318.629879327096,980.653863501287,135.861694380719,572.572283646353,453.516438511329,667.200269784118,191.809149938161,975.835498431985,240.380885263367,83.5858585858586,106.707070707071,126.505050505051,37.3418181818182,51.7054545454545,135.141414141414,61.6439393939394,69.979797979798,141.173636363636,9.14253020699733,10.3299114568844,11.2474463992966,6.11079521681248,7.19065049529279,11.6250339415167,7.85136544773834,8.3653928765957,11.8816512473493,2.51247250390194,3.52089978309308,2.88687669212002,3.98412527719506,3.59197651915442,2.79957363795649,3.30664980395158,3.2829409325347,2.91213474135201,0.13052104894394,-0.506886338090882,-0.246546489157868,0.267140704693798,-0.543308202911794,-0.408937623435055,-0.328206796910215,0.0275314618368746,0.242086071495685,313,980,138,-572,453,666,-194,971,242,318.444444444444,980.888888888889,135.444444444444,-572.7,453.9,667.444444444444,-191.444444444444,975.822222222222,239.944444444444,0.76420450650862,0.76420450650862,0.76420450650862,0.76420450650862,0.76420450650862,0.76420450650862,0.76420450650862,0.76420450650862,0.76420450650862,40,50,50,36,37,50,39,48,58,445.709698369278,423.961158471289,438.477456638478,614.785714285714,234.865714285714,438.96,128.359103231313,138.831801886857,147.538495293442,463570.885714285,419431.02,448640.845714286,0,67.4458108357809,0,69.9854488146196,0,103.808896916024,0,31.2125361489084,0,46.4652111055791,0,99.6975234594655,0,55.0616149864585,0,52.6353904581582,0,103.328139562859,1
1173718,292,960,99,-590,435,636,-213,961,194,343,1000,158,-554,472,696,-174,990,262,313,980,138,-572,453,666,-194,971,233,316.97,979.6,135.01,-572.54,455.85,663.9,-194.8,974.5,233.6,316.697982407433,979.506309643933,133.997954405469,-572.466713128728,455.696201442354,663.710430198898,-194.535879990824,974.431657263607,232.729955867479,317.104793404326,979.646875154512,135.498966785729,572.576527636263,455.926145334965,663.995331308888,194.929474426009,974.534247730679,234.032946398579,86.3324242424242,92.7676767676768,133.60595959596,42.2509090909091,70.1287878787879,127.868686868687,50.969696969697,67.4242424242424,204.505050505051,9.29152432286674,9.63159783045767,11.5588044189682,6.50006992969377,8.37429327637789,11.3079037344986,7.1393064768013,8.21122660899347,14.3005262317528,3.55040724221919,2.2317923005014,3.38885191682099,3.34194545926904,3.33743588820787,3.06020778210055,3.27109310161026,2.59700374531835,2.82064251902527,-0.225698980108346,0.0798425688589119,-0.157767034426892,0.251065721903142,-0.49335910241631,0.376873506160405,0.450882609042385,0.281377902370082,0.0517069775685041,313,970,138,-572,453,666,-194,971,223,317.111111111111,979.555555555556,135.111111111111,-572.7,456.111111111111,663.666666666667,-195.055555555556,974.388888888889,233.6,0.76420450650862,0.76420450650862,0.76420450650862,0.76420450650862,0.76420450650862,0.76420450650862,0.76420450650862,0.76420450650862,0.76420450650862,51,40,59,36,37,60,39,29,68,445.084546468962,423.511922820627,437.565975989876,613.534285714286,234.518571428571,434.271428571429,134.674038099884,136.197058489847,208.966614682211,462267.18,418543.855714286,446779.68,0,63.9652550641386,0,78.3975713685654,0,97.4797283993824,0,36.4026883429641,0,59.9090936500991,0,100.443638948046,0,42.1742849956336,0,54.2389226698103,0,194.145608874681,1
1175281,292,950,108,-590,444,636,-203,961,203,343,1009,158,-563,472,686,-174,990,262,323,980,138,-572,453,666,-194,980,242,318.88,981.88,136,-572.09,456.02,662.7,-191.69,975.86,239.69,318.565667219539,981.77775672081,135.043921496493,-572.023710123683,455.909920857768,662.539765715551,-191.330362951718,975.800377277816,238.94016117677,319.035577953306,981.931066826995,136.469776873856,572.123264690399,456.075081538117,662.780054014905,191.866437919715,975.889778612319,240.054472984779,100.248080808081,101.298585858586,129.292929292929,38.4463636363636,50.7470707070706,107.181818181818,68.3574747474748,58.7074747474747,176.620101010101,10.0123963569208,10.0647198599159,11.3707048722992,6.20051317524313,7.12369782536224,10.3528652160558,8.26785792980714,7.66208031460613,13.2898495480611,3.09324526619169,3.78499790850989,2.94921875,3.19321910667196,2.65158510946996,2.62333533087633,2.46363995162524,2.72464824238132,2.72747958577515,-0.252056743942581,-0.0741575383821273,-0.0165728151840597,-0.359817898424804,0.0783650390455837,-0.02156745037303,0.369316454358297,-0.1253166792458,-0.402808018084194,323,980,138,-572,453,666,-194,980,242,319,981.888888888889,136.111111111111,-571.9,455.8,662.666666666667,-192.044444444444,975.9,240.044444444444,0.76420450650862,0.76420450650862,0.76420450650862,0.76420450650862,0.76420450650862,0.76420450650862,0.76420450650862,0.76420450650862,0.76420450650862,51,59,50,27,28,50,29,29,59,446.312064674435,423.082481779072,438.470585526233,615.754285714286,234.27,438.797142857143,140.316736014627,111.960755624564,176.822797092221,464826.994285715,417688.675714286,448628.46,0,77.7231185982753,0,97.5429616261743,0,101.867410612921,0,33.3767184165583,0,47.6212104574826,0,86.7101115869034,0,55.6224077328839,0,46.9319376408641,0,136.735998069214,1
1176843,292,950,108,-590,435,626,-213,952,203,343,1009,158,-563,490,696,-174,990,271,323,980,138,-572,453,666,-194,980,233,320.09,980.09,135,-572.9,455.74,665.8,-193.51,975.97,234.38,319.798263534545,979.987614011413,133.938872245846,-572.827894443283,455.525010721505,665.613096909665,-193.156349467738,975.918602564098,233.748677606359,320.235460247612,980.141219416876,135.528594768779,572.936052278088,455.848702970624,665.89308451132,193.685234336539,975.995640359116,234.688559584825,94.0827272727272,101.41606060606,144.444444444444,41.7272727272728,100.093333333333,125.212121212121,68.5352525252525,50.5546464646465,146.197575757576,9.69962510990642,10.0705541359977,12.0185042515466,6.45966506308746,10.0046655782856,11.1898222153938,8.27860208762642,7.11017907402102,12.0912189525116,3.0657527948378,3.277630398306,2.34167929972126,2.33333333333333,3.44597866512672,4.15029393049689,2.52646723186036,3.70366509724388,3.42257000679799,-0.0224037732423127,0.0763201997034828,0.101752524294569,-0.0164738833415163,0.565632672191661,-0.177964878732741,0.136222583989713,-0.292383698135701,-0.308520362878989,323,980,128,-572,453,666,-194,980,233,320.111111111111,980,134.888888888889,-572.9,455.388888888889,665.777777777778,-193.622222222222,976.122222222222,234.6,0.76420450650862,0.76420450650862,0.76420450650862,0.76420450650862,0.76420450650862,0.76420450650862,0.76420450650862,0.76420450650862,0.76420450650862,51,59,50,27,55,70,39,38,68,445.695240741368,424.1353679581,438.128827687806,615.077142857143,235.131428571429,435.788571428571,144.907378110264,149.860673121844,155.90789857473,463540.954285714,419771.725714286,447925.791428571,0,73.8786699985161,0,74.1585969299034,0,108.803233018623,0,35.7847247849253,0,100.201071308191,0,95.5886988672899,0,64.0598188794392,0,39.0502546613981,0,114.767545304628,1
1178406,292,960,99,-581,435,646,-203,961,203,333,1009,158,-563,472,696,-174,1000,262,313,980,128,-572,453,666,-194,971,233,317.29,982.49,132.31,-572.18,454.02,667.6,-192.34,974.28,235.83,317.039292779072,982.381892951485,131.339716128639,-572.126247917551,453.921965558067,667.405794535015,-192.102190273819,974.221770037179,235.278597416512,317.414476670488,982.544049903107,132.784675320611,572.206868186673,454.069135705126,667.696937240242,192.457475822583,974.30918090717,236.102625991326,79.8039393939393,107.282727272727,127.10494949495,31.0581818181818,45.070303030303,130.747474747475,45.6610101010101,57.4359595959596,129.960707070707,8.93330506553646,10.3577375556985,11.2740830888791,5.57298679508411,6.71344196595926,11.4344862039129,6.75729310456562,7.57865156844933,11.4000310118309,2.65243590810531,2.67125985914526,3.18183431742669,2.63234995297584,3.51104110043524,2.42796505933709,2.75967348694424,3.58783429588164,3.01987964050976,-0.197038527625128,0.0137621720647533,-0.0361200752877229,0.0119036438703676,0.204270768397597,-0.0715765591057128,0.275287976963469,0.313625012257605,-0.122152489285782,323,980,128,-572,453,666,-194,971,242,317.333333333333,982.555555555556,132.444444444444,-572.2,453.9,667.666666666667,-192.433333333333,974.033333333333,235.977777777778,0.76420450650862,0.76420450650862,0.76420450650862,0.76420450650862,0.76420450650862,0.76420450650862,0.76420450650862,0.76420450650862,0.76420450650862,41,49,59,18,37,50,29,39,59,446.141084812323,424.124043512196,437.479719078185,613.752857142857,235.474285714286,436.187142857143,138.409065383734,137.843714109974,130.327452358864,464475.655714286,419750.862857143,446598.304285715,0,62.5098685061465,0,65.7699211512668,0,101.857336700716,0,23.4506771192364,0,28.5904682270393,0,96.4298433993398,0,34.1360204432309,0,44.5156916187276,0,91.6553993174888,1
1179968,303,960,108,-581,444,636,-203,952,213,333,1000,158,-563,462,696,-174,990,271,323,980,138,-572,453,666,-194,971,233,320.1,982,135.4,-571.01,453.36,667,-191.23,975.42,235.19,319.859728168267,981.924494809682,134.419182822023,-570.956421324118,453.270864741039,666.797759662131,-190.917641694376,975.346976256726,234.648819150643,320.219612141418,982.037677484932,135.87641443606,571.036802666868,453.404521371369,667.101191724314,191.384456004138,975.456477757978,235.465008016053,77.3636363636365,74.7474747474748,130.545454545455,30.919090909091,40.7781818181819,136.363636363636,59.6940404040405,71.8824242424243,130.741313131313,8.79566008686309,8.64566219253764,11.4256489769927,5.56049376486396,6.38577965625043,11.6774841624228,7.72619184359543,8.47835032553057,11.4342167694737,2.25790185014626,3.04309715120526,2.71011961364301,2.58720596357035,2.00638962819062,2.58617283950617,2.46170138543693,2.753888645013,3.53916400547856,-0.118275442378053,-0.20736065289438,-0.173117006141945,-0.0690374705967723,-0.0564773782496244,0.0726782060029046,0.206290467696745,-0.0907178102038811,0.459300325552004,323,980,138,-572,453,666,-194,971,233,320.333333333333,982,135.444444444444,-570.9,453.4,667.111111111111,-191.533333333333,975.511111111111,234.833333333333,0.76420450650862,0.76420450650862,0.76420450650862,0.76420450650862,0.76420450650862,0.76420450650862,0.76420450650862,0.76420450650862,0.76420450650862,30,40,50,18,18,60,29,38,58,446.483502675725,423.530763874511,437.797432966419,616.071428571429,235.435714285714,436.877142857143,140.555657082514,138.217485236291,137.502203164568,465171.857142857,418578.295714286,447251.622857143,0,48.7448889280417,0,47.0733631698254,0,110.673864180673,0,20.217471298681,0,30.3275321037256,0,97.3491573447987,0,52.3800368228794,0,59.8989935895494,0,85.5054129823582,1
1181531,282,960,99,-581,435,636,-203,952,203,343,1009,158,-554,472,696,-174,1000,262,323,980,138,-572,453,666,-184,980,242,319.28,983.59,134.11,-569.84,453.76,666.5,-188.37,976.78,237.79,318.905262865951,983.495994358025,133.162300900731,-569.773818191728,453.636617168671,666.3159640159,-188.146757985793,976.714612333158,237.280839407204,319.465647605498,983.637031633112,134.560655468083,569.872863014199,453.821683043021,666.592079160861,188.4807417218,976.812725142338,238.042118121983,119.779393939394,93.4564646464647,122.300909090909,37.8327272727273,56.5478787878788,123.989898989899,42.1546464646464,64.5773737373737,121.177676767677,10.9443772750849,9.66728838126104,11.0589741427905,6.15083142938638,7.51983236434688,11.1350751676807,6.49266096948288,8.03600483681871,11.008073254102,3.76179606898025,2.52680898555818,3.49028570086126,3.60761964056945,3.42893683956335,3.02001816816755,2.61032809329732,3.41147973410044,3.52793464766728,-0.164385563926328,0.0799602902178514,-0.368800093547306,0.614593934459613,0.0359567906921752,0.0777585448708594,0.166187991343296,0.138709621937912,-0.078709497451825,323,980,138,-572,453,666,-184,971,242,319.222222222222,983.444444444444,134.444444444444,-570.1,453.7,666.555555555556,-188.555555555556,976.911111111111,237.711111111111,0.76420450650862,0.76420450650862,0.76420450650862,0.76420450650862,0.76420450650862,0.76420450650862,0.76420450650862,0.76420450650862,0.76420450650862,61,49,59,27,37,60,29,48,59,446.952633902137,423.173000455187,438.379643067147,615.848571428571,235.894285714286,439.8,129.450482820259,125.040398180259,134.993761955693,466160.005714285,417880.371428572,448436.631428572,0,89.2742692623141,0,76.5292412821387,0,70.3954600286441,0,32.8355705546301,0,42.9931473117122,0,104.53756168811,0,38.0132803512236,0,44.5463250185659,0,90.8994597609333,1
1183093,292,950,99,-590,435,646,-203,952,203,343,1009,158,-554,462,696,-174,990,262,313,980,138,-572,453,666,-194,975.5,233,317.16,980.88,135.51,-572.63,452.64,668.9,-191.55,975.72,233.08,316.817710076146,980.770954924705,134.367255432908,-572.555615726017,452.542837031488,668.725701349563,-191.29756509649,975.657096934741,232.413628453946,317.330742286341,980.934564586242,136.047675467095,572.667137174816,452.688170819605,668.987144869018,191.675637471224,975.75138226907,233.41079666545,109.428686868687,108.126868686869,147.484747474748,42.9627272727273,44.0509090909091,117.767676767677,48.6338383838384,61.860202020202,155.872323232323,10.4608167400393,10.3984070264088,12.1443298487297,6.55459588935331,6.63708588846861,10.8520816789995,6.97379655452024,7.86512568368758,12.4848837892999,3.63024210772566,3.62557627736018,2.93763955665329,2.77775338999188,3.38207092060786,2.48530484822807,2.4147814191694,3.6253787981132,2.5920480032084,0.0226638127591821,0.103382068097961,-0.474440758272869,0.106736445761936,-0.545058265423771,0.0248454588547243,0.0660297987463872,-0.251878918579375,-0.0346156449574511,313,980,138,-572,453,666,-194,971,233,317.111111111111,980.888888888889,135.888888888889,-572.7,453,669,-191.555555555556,975.944444444444,233.255555555556,0.76420450650862,0.76420450650862,0.76420450650862,0.76420450650862,0.76420450650862,0.76420450650862,0.76420450650862,0.76420450650862,0.76420450650862,51,59,59,36,27,50,29,38,59,445.662042047409,424.338635481492,437.740444270445,614.378571428571,235.247142857143,435.964285714286,148.531751408463,118.662722555456,158.048168889531,463474.452857143,420179.155714285,447133.247142857,0,70.3640234083103,0,91.1954979239067,0,111.214157731417,0,32.4238462490421,0,34.222054678071,0,93.3330483274543,0,43.3546788257693,0,51.1306810681361,0,138.629088250199,1
1184656,303,960,108,-590,435,626,-203,952,203,343,1009,158,-554,472,696,-174,1000,262,323,980,138,-572,453,666,-194,980,233,320.2,981.39,135.8,-572.09,452.74,669.9,-190.47,975.19,235.28,320.000394571822,981.302939947131,134.898069292099,-572.006565513058,452.626499748446,669.661921667623,-190.178873714804,975.12501124068,234.377241315896,320.300171713972,981.433548438202,136.23802699687,572.131759300251,452.796687267034,670.017760958618,190.614506268542,975.222400275958,235.733111802309,64.8080808080808,86.3413131313131,120.363636363636,48.2645454545454,51.8509090909091,159.383838383838,55.6253535353535,63.8322222222222,215.577373737374,8.05034662657956,9.29200264374226,10.9710362483968,6.94726892055759,7.20075753590614,12.6247312202612,7.45824064611444,7.98950700745811,14.682553379347,2.73301782949111,3.34959112733841,2.66232847792892,3.41268782831619,2.54727953830255,3.64780705447218,2.50667852666945,4.00400006098488,2.36843320738665,0.196325818234534,0.0692938786207793,-0.202110202167364,-0.115438507226316,-0.0415552192248825,-0.522414173616363,0.117606988636261,-0.32968043712359,0.16233018819973,323,980,138,-572,453,666,-194,980,223,320.222222222222,981.333333333333,135.888888888889,-572,452.8,670.444444444444,-190.688888888889,975.244444444444,235.255555555556,0.76420450650862,0.76420450650862,0.76420450650862,0.76420450650862,0.76420450650862,0.76420450650862,0.76420450650862,0.76420450650862,0.76420450650862,40,49,50,36,37,70,29,48,59,446.268256393944,424.519942384156,437.665224782303,616.024285714286,235.95,437.142857142857,132.64281440197,160.095913923034,216.919607243426,464727.775714285,420550.024285714,446984.022857142,0,49.1365521974778,0,59.4466718849647,0,104.694227952051,0,32.0375941698046,0,40.0979800401015,0,120.091167596861,0,42.9104852905991,0,50.1879851660111,0,146.688072764772,1
1186218,292,960,99,-590,444,646,-203,942,203,343,1000,168,-554,472,696,-174,990,262,323,980,138,-572,453,666,-194,980,233,318.99,981.1,136.11,-571.37,453.84,667.7,-192.6,975.6,231.13,318.676637211851,981.012673649687,135.210289299632,-571.292669366375,453.752223661321,667.506347192827,-192.324523454379,975.536200875974,230.551513287403,319.14753641537,981.143720359051,136.552444137774,571.408636616564,453.88417024611,667.797424373589,192.735570147288,975.631600554226,231.418344130278,101.545353535354,86.6565656565657,121.856464646465,44.5990909090909,40.4993939393939,131.424242424242,52.7676767676768,62.2828282828283,134.720303030303,10.0769714465882,9.30895083543606,11.038861564784,6.67825507966646,6.36391341388252,11.4640412780242,7.26413634010794,7.89194705271318,11.6069075567225,3.03994010684735,2.81568497425129,3.67931744393938,2.99426501193854,3.57284556083226,2.68664456550457,2.69494311799235,5.31944413027866,2.88289021955793,0.24400386622801,0.158016785557742,0.0510012385173396,0.0377336765594826,0.49633784763734,0.391834905688436,0.349725319305261,-1.13789496881613,0.0445320778071799,313,980,138,-572,453,666,-194,980,233,318.777777777778,981,136,-571.4,453.6,667.444444444444,-192.833333333333,975.822222222222,231.088888888889,0.76420450650862,0.76420450650862,0.76420450650862,0.76420450650862,0.76420450650862,0.76420450650862,0.76420450650862,0.76420450650862,0.76420450650862,51,40,69,36,28,50,29,48,59,446.016467369777,423.916467651368,437.579669137602,615.514285714286,235.787142857143,434.627142857143,123.056157507326,133.182201103611,140.286574960582,464204.879999999,419345.172857143,446810.772857143,0,74.0805539592117,0,59.9495858259519,0,82.9250880432813,0,38.4847945005252,0,38.3245693472661,0,92.2697807038768,0,36.0271979822599,0,45.1504888015532,0,82.8722071367997,1
1187781,292,960,99,-581,444,626,-223,961,194,333,1000,168,-563,472,696,-174,990,262,323,980,138,-572,453,666,-194,975.5,233,318.68,982.4,135.01,-572.27,454.54,666.5,-195.37,975.7,229.85,318.382043359632,982.299858259207,134.006254170545,-572.220576676194,454.46426235364,666.262307006544,-195.020581286804,975.652052168213,229.203129664435,318.826755464469,982.449998727671,135.506346714831,572.29470554951,454.577892115312,666.61758152632,195.543575706286,975.723987611251,230.17074097287,94.5026262626264,99.2323232323233,135.626161616162,28.5627272727273,34.7963636363636,158.333333333333,68.5384848484849,47.2828282828283,149.037878787879,9.721246127047,9.96154221154151,11.6458645714331,5.34441084430523,5.89884426276568,12.5830573921179,8.27879730688491,6.87625103401762,12.2081070927429,2.80592862465845,2.58361361924265,3.14514503485565,2.85784241525924,2.86862071972757,3.35015987118732,4.01263733645846,2.96885389540347,3.12206163738716,-0.433943686684103,-0.124422251883503,0.0886600989625758,0.00701041163925333,0.0748619626341138,-0.522418386725742,0.0185670169912935,0.0969700358909475,-0.029220447592769,323,980,128,-572,453,676,-194,971,223,319,982.555555555556,134.777777777778,-572.3,454.6,666.888888888889,-195.355555555556,975.722222222222,229.877777777778,0.76420450650862,0.76420450650862,0.76420450650862,0.76420450650862,0.76420450650862,0.76420450650862,0.76420450650862,0.76420450650862,0.76420450650862,41,40,69,18,28,70,49,29,68,446.440538371562,423.931087854381,437.730768581921,615.467142857143,235.187142857143,432.934285714286,135.653141110032,159.552791477954,150.221808531153,465094.487142858,419374.838571429,447108.497142857,0,81.7037885690574,0,61.4095461424324,0,83.1413351599052,0,22.0157069362288,0,32.4358705155726,0,124.539547280065,0,60.6091127259478,0,35.6585543198851,0,108.481125559382,1
1189343,292,960,108,-581,435,636,-203,942,194,333,1000,168,-554,472,696,-174,1000,262,323,980,128,-572,453,666,-194,971,233,318.98,980.6,133.3,-571.64,452.29,669.4,-195.25,974.83,231.59,318.741615654911,980.527047327558,132.531025438521,-571.563480640783,452.200902225778,669.207251873914,-194.987850743083,974.753505040632,230.907906230563,319.09763396177,980.63652797558,133.692931750336,571.678143713751,452.334621712732,669.495929785985,195.377455198905,974.868078254694,231.92643230128,75.8177777777777,72.3636363636363,105.969696969697,44.0509090909091,40.7736363636364,129.737373737374,50.290404040404,74.99101010101,157.517070707071,8.7073404537653,8.50668186566515,10.2941583905484,6.63708588846861,6.38542374190127,11.3902315049947,7.09157274801606,8.65973499022978,12.5505804928326,3.52503868021645,2.95757495835777,3.55735881787313,2.62036213181315,3.1268949654112,2.69806317255937,3.12437355370921,4.73339807647844,2.96112354768019,-0.408487003528309,0.182781317963615,0.47746082857407,0.241303101901826,0.149290623452459,-0.240028334356962,0.693153839909477,-0.467076498874476,-0.131035722602449,323,980,128,-572,453,676,-194,980,233,319.333333333333,980.333333333333,133,-571.8,452.2,669.666666666667,-195.666666666667,974.955555555556,231.477777777778,0.76420450650862,0.76420450650862,0.76420450650862,0.76420450650862,0.76420450650862,0.76420450650862,0.76420450650862,0.76420450650862,0.76420450650862,41,40,60,27,37,60,29,58,68,445.647386828296,424.172762374335,437.532702400447,614.091428571429,235.735714285714,433.358571428571,106.320240225362,135.347585881023,162.474706389926,463433.614285714,419848.847142857,446712.852857143,0,60.2876430382983,0,64.991179671587,0,94.5823468089155,0,33.8826339494412,0,31.0805833702257,0,96.1254532599648,0,35.4580809562474,0,55.6961824698719,0,112.477266750028,1
1190906,303,950,108,-581,435,636,-213,961,203,343,1000,168,-554,472,696,-184,990,262,323,980,138,-572,453,666,-194,971,233,320.4,980.9,135.3,-572,454.22,667.9,-199.21,973.94,235.84,320.134763681624,980.816241106227,134.230028485262,-571.934575365382,454.078220839863,667.679742199946,-198.941598692046,973.890349657729,235.081596211579,320.532993621562,980.941894303633,135.837402802027,572.03256900285,454.290831956798,668.010329261457,199.345353595212,973.96475295567,236.215367831985,86.1010101010101,83.0202020202021,147.181818181818,37.6363636363636,65.0016161616162,148.878787878788,54.4908080808081,48.7034343434344,178.984242424242,9.27906299693078,9.11154224158579,12.1318513913507,6.13484829774654,8.06235797776408,12.2015895636096,7.38178894854141,6.97878458927014,13.3784992590441,2.77605594692635,3.45355062305296,2.70753584780575,3.30812854442344,2.94372989398481,2.7273097109876,2.67693913053143,2.52879689839634,2.79984582163885,0.155591738864459,0.0635572184863287,0.221695596827776,0.384631189969297,-0.00725014107422337,0.135811458778963,-0.301636646993044,-0.396471855555883,-0.0622214868198983,323,980,128,-572,453,666,-194,980,242,320.333333333333,980.666666666667,135.111111111111,-572.2,454.1,667.888888888889,-199.288888888889,974.1,235.877777777778,0.76420450650862,0.76420450650862,0.76420450650862,0.76420450650862,0.76420450650862,0.76420450650862,0.76420450650862,0.76420450650862,0.76420450650862,40,50,60,27,37,60,29,29,59,446.077987568755,424.211733874323,437.917062770845,615.685714285714,235.765714285714,433.101428571429,155.867096600398,151.924777387114,183.732431078492,464331.514285715,419931.094285714,447490.118571429,0,66.8181876940544,0,52.1386797426068,0,124.669265367627,0,27.1071479473287,0,50.635683231352,0,140.643386097,0,49.683397362169,0,36.8132176243088,0,133.535227963447,1
1192468,292,960,108,-581,435,646,-213,952,203,343,1009,168,-554,472,717,-184,1000,262,323,980,138,-572,453,666,-194,971,233,318.58,981.58,136.2,-570.83,454.36,668.31,-196.22,974.75,230.82,318.266526834091,981.469880635767,135.012781513831,-570.768214864267,454.264885612843,668.104520651378,-195.967736301855,974.691117308455,230.156592164348,318.736411475062,981.635176631319,136.788888437621,570.860727323224,454.407394306035,668.413741630137,196.34546085917,974.779446849389,231.150600258792,100.690505050505,109.417777777778,162.383838383838,35.4354545454545,43.5054545454546,140.074646464647,49.7490909090909,57.9873737373737,154.270303030303,10.0344658577577,10.4602953006967,12.7429917360029,5.95276864538296,6.59586647419841,11.8353135346997,7.05330354579263,7.61494410599144,12.4205596907025,3.24269604559567,2.85788767918089,2.80162862878065,3.69756585091208,2.84311567390359,5.03482464276564,2.66900838455655,3.96154148441623,2.87112058122497,0.0123942003212701,0.222084460563452,0.104958321103412,0.487305384000798,-0.20739456468356,0.620428472298749,0.0811141162905229,0.0489265036759083,0.0506601775558455,323,980,138,-572,453,666,-194,971,233,318.555555555556,981.444444444444,136.111111111111,-571,454.5,668,-196.188888888889,974.655555555556,230.744444444444,0.76420450650862,0.76420450650862,0.76420450650862,0.76420450650862,0.76420450650862,0.76420450650862,0.76420450650862,0.76420450650862,0.76420450650862,51,49,60,27,37,71,29,48,59,446.169128552473,424.061908390017,437.503583321753,615.582857142857,236.502857142857,432.578571428571,166.024573733968,141.884519464054,157.28318684394,464533.594285714,419633.562857143,446647.332857143,0,76.2868332141682,0,79.9770131323101,0,138.206765782135,0,29.1042266573545,0,39.3533149334086,0,113.292636432096,0,47.8649805238856,0,42.3462333847469,0,113.272339671154,1
1194031,292,960,99,-581,444,646,-213,952,213,343,1000,158,-563,472,686,-184,1000,271,323,980,138,-572,453,666,-194,971,233,318.89,979.9,137.01,-572.09,453.38,667.3,-197.65,974.73,237.8,318.585431290812,979.823600121725,136.017762585212,-572.017784675989,453.268267745546,667.150946277535,-197.377757384594,974.667202881055,237.215476004883,319.041611706059,979.938263361524,137.491708840933,572.12609624103,453.436037385649,667.374407660348,197.785869060456,974.761381056923,238.094771047161,97.6948484848485,75.7474747474748,133.565555555556,41.7190909090909,51.3288888888889,100.313131313131,54.270202020202,61.7950505050506,141.69696969697,9.88407044111122,8.70330251958846,11.5570565264498,6.45903173154389,7.16441825195102,10.015644328406,7.36683120617013,7.86098279511224,11.903653628066,2.81137687052716,2.62265483021864,3.07501459511523,1.96119181835277,2.31774346487378,2.54536198064906,2.80409846614261,3.68082823134429,2.82682343976351,-0.079850486423651,0.204034821516281,-0.131202358779853,0.0145507184038324,0.218627134614888,-0.0803360420821987,-0.025917465447265,-0.0460539093373456,0.271154354784781,323,980,138,-572,453,666,-194,980,233,318.888888888889,979.666666666667,137.111111111111,-572.1,453.2,667.444444444444,-197.555555555556,974.633333333333,237.511111111111,0.76420450650862,0.76420450650862,0.76420450650862,0.76420450650862,0.76420450650862,0.76420450650862,0.76420450650862,0.76420450650862,0.76420450650862,51,40,59,18,28,40,29,48,58,445.571149760717,423.889059190194,438.296562482356,615.342857142857,235.11,434.948571428571,134.788899451677,112.021395438933,142.367309906897,463273.08,419280.475714286,448272.051428571,0,73.0096766482212,0,53.4228464711482,0,114.972240351861,0,31.6472128601207,0,42.0298073388433,0,85.8693283873611,0,42.4538745351195,0,44.5961025287951,0,123.973822239801,1
1195593,292,960,118,-581,435,636,-213,942,203,343,1000,158,-554,472,696,-184,1000,271,323,980,138,-572,453,666,-203,971,237.5,319.09,982.6,136.5,-570.83,454.4,669.1,-198.17,972.76,236.59,318.782030974573,982.513112616844,135.796200347733,-570.756932362119,454.281031529262,668.932664034322,-197.911244966379,972.674160197995,235.92837818769,319.244028918318,982.643373762832,136.846629479867,570.866402935048,454.459591162955,669.183233501856,198.297478551796,972.802734371157,236.91363405258,99.3150505050504,86.1010101010101,95.7070707070707,41.9809090909091,54.7070707070707,112.515151515152,51.0516161616161,83.9822222222222,154.789797979798,9.96569367906973,9.27906299693078,9.78299906506541,6.47926763538203,7.39642283182017,10.607315943025,7.1450413687827,9.16418148130111,12.4414548176569,2.933467551878,2.44574394081162,2.48779248264771,2.96912063552922,3.47323320147754,3.59032604354827,2.82778611223015,4.1729736287323,3.1956194171654,0.0771152994063251,-0.155591738864459,-0.0870114113545868,0.293014077475819,0.154808689717777,-0.285565226056744,0.339293398634496,-0.430785027829155,-0.29032939347259,323,990,138,-572,453,666,-203,971,242,319,982.555555555556,136.555555555556,-571,454.2,669.333333333333,-198.133333333333,972.955555555556,236.944444444444,0.76420450650862,0.76420450650862,0.76420450650862,0.76420450650862,0.76420450650862,0.76420450650862,0.76420450650862,0.76420450650862,0.76420450650862,51,40,40,27,37,60,29,58,68,446.654723173137,424.295101002498,437.419223908102,616.367142857143,236.858571428571,433.362857142857,131.611327450462,113.045220304278,160.03526132644,465527.892857143,420097.787142857,446483.622857143,0,87.9736631819428,0,83.2091642738096,0,73.948479001548,0,33.633523374783,0,43.1106976566622,0,85.2074336165575,0,45.9752210736552,0,64.2571692380752,0,110.709934169031,1
1197156,303,950,108,-581,444,646,-213,952,203,343,1000,168,-563,472,696,-184,990,271,323,980,138,-572,453,666,-203,971,233,320.5,981.1,137.3,-571.82,454.03,669,-199.25,974.08,234.86,320.272866534341,980.993630058389,136.218574822952,-571.763395953946,453.938847650294,668.828885957332,-199.007299911553,974.032281986043,234.177487100002,320.613474451714,981.152893284222,137.84701665252,571.848301562574,454.075951796613,669.085943657465,199.370885537483,974.103793237661,235.197831622658,73.4848484848485,104.838383838384,152.030303030303,32.6945454545455,42.1506060606061,116.161616161616,48.6742424242424,46.8218181818182,160.404444444445,8.57233039988826,10.239061667867,12.3300568948526,5.7179144322511,6.4923498104004,10.7778298447144,6.97669279990472,6.84264701572558,12.6650876208751,2.5782052644631,3.23920611818161,2.67454747937142,2.50099649198748,3.76595322763193,2.38737240075614,2.9497322694767,3.47743784533964,3.14655547671011,0.0181302179925943,-0.504866107603979,0.295919636283358,-0.015771794523989,0.616535003627856,0.30651027609986,0.0329031729463439,-0.376262991301655,-0.059386705200785,323,980,128,-572,453,666,-203,971,233,320.666666666667,981.333333333333,137.111111111111,-571.8,453.7,668.666666666667,-199.333333333333,974.244444444444,234.911111111111,0.76420450650862,0.76420450650862,0.76420450650862,0.76420450650862,0.76420450650862,0.76420450650862,0.76420450650862,0.76420450650862,0.76420450650862,40,50,60,18,28,50,29,38,68,446.284989570238,424.438324802662,437.876931332044,616.671428571429,236.232857142857,432.724285714286,159.170272839436,116.887919210953,161.429600602577,464766.771428572,420373.478571428,447404.987142857,0,53.6566898750663,0,76.5565612967513,0,116.556704124226,0,23.9759287401672,0,36.1547468812314,0,85.5222101323811,0,36.4534767568295,0,34.1122182769646,0,131.44684765889,1
1198718,292,950,108,-581,435,636,-223,961,203,343,1009,158,-554,472,696,-184,990,271,323,980,138,-572,453,666,-194,971,242,317.97,981.98,134.8,-572,453.07,668.2,-199.21,972.49,240.64,317.64514393077,981.846376593907,133.714143206015,-571.928910979173,452.918496344528,667.979397779239,-198.878307353887,972.433661041336,239.944127404734,318.131183633419,982.046648586512,135.324794476105,572.03540100242,453.146146403122,668.31010765961,199.379462332508,972.518220908997,240.979501202903,103.564747474747,132.221818181818,143.191919191919,40.9090909090909,69.7021212121211,148.646464646465,68.2281818181818,55.4443434343435,165.16202020202,10.1766766419469,11.4987746382742,11.9662825970273,6.39602149066831,8.34877962411999,12.192065643133,8.26003521894319,7.4460958518101,12.8515376590515,3.19577327475424,2.8625636074589,2.59238518412833,2.96,3.30970774282191,2.92757716803369,3.72848387906858,2.87663689679531,3.11808520996496,-0.16307683681655,-0.185308876104663,-0.217044628514211,0.339411254969543,0.329050610141457,-0.0570829702149755,-0.633263835754253,0.255305355888466,-0.333945447181462,323,990,138,-572,453,666,-194,971,242,318.111111111111,982.111111111111,134.888888888889,-572.2,452.922222222222,668.222222222222,-198.955555555556,972.155555555556,241,0.76420450650862,0.76420450650862,0.76420450650862,0.76420450650862,0.76420450650862,0.76420450650862,0.76420450650862,0.76420450650862,0.76420450650862,51,59,50,27,37,60,39,29,68,446.171429967945,424.078248796842,437.803883221194,614.892857142857,235.401428571429,434.537142857143,154.512444900831,173.067691975037,170.873159695723,464543.944285715,419658.998571428,447263.562857143,0,83.0541362142454,0,80.5487770428066,0,118.492572501113,0,31.8815302592351,0,51.4010128008368,0,128.413757683332,0,53.327277022171,0,45.2375153446857,0,116.126210337652,1
1200281,292,960,108,-590,435,646,-213,952,203,353,1000,158,-554,462,696,-184,990,262,323,980,138,-572,453,666,-194,971,233,319.99,978.8,136.5,-570.83,453.45,670.6,-197.92,974,232.77,319.697537110173,978.713788363182,135.6166113719,-570.763106651501,453.366178475472,670.420147804663,-197.740711797888,973.950898498613,231.986074411273,320.13614291423,978.843194796797,136.926987843887,570.863565136189,453.491752956986,670.690092367555,198.008686678135,974.024455545137,233.161639211942,94.4948484848484,85.4141414141416,117.929292929293,38.7081818181818,38.25,122.060606060606,35.4682828282828,48.1212121212121,184.320303030303,9.72084607865223,9.24197713772013,10.8595254467814,6.22158997509333,6.18465843842649,11.048104184004,5.95552540321026,6.93694544603114,13.576461358922,3.80955714187729,2.90345124497762,3.18631842963194,3.85316441817732,2.74085618690841,2.85030900873627,3.00248844896369,4.05169332546576,2.43204996182352,0.0708605962037797,0.239387561396892,-0.222949856554857,-0.358644159001096,-0.251057163791234,0.14685166055157,0.291496734519414,-0.525698671426658,0.0834861808704805,323,980,138,-572,453,666,-203,971,233,320,978.666666666667,136.666666666667,-570.6,453.6,670.444444444444,-198.188888888889,974.255555555556,232.688888888889,0.76420450650862,0.76420450650862,0.76420450650862,0.76420450650862,0.76420450650862,0.76420450650862,0.76420450650862,0.76420450650862,0.76420450650862,61,40,50,36,27,50,29,38,59,445.240349687209,424.541506103743,437.527981041714,615.124285714286,237.094285714286,432.364285714286,123.049091558018,124.126394405671,185.351906113915,462587.207142857,420585.077142857,446698.041428571,0,67.2633962351536,0,79.9281351059343,0,94.4253127127785,0,29.8910857104532,0,18.9780882470319,0,85.6356787788109,0,28.724368126243,0,36.7752679774747,0,151.608632714139,1
1201843,303,950,108,-581,435,626,-223,961,203,343,1009,168,-554,472,707,-194,990,271,323,980,138,-572,453,666,-203,971,242,319.6,982.38,136.3,-570.11,452.74,667.51,-202.59,973.81,238.45,319.332952899061,982.270715524957,135.220558009483,-570.032203078981,452.626499748446,667.259115037817,-202.359113329157,973.762878334048,237.684355902668,319.735202941434,982.434537259354,136.849552428936,570.148778828825,452.796687267034,667.635476888399,202.706758644106,973.833563808519,238.835780401514,87.3131313131312,108.23797979798,151.626262626262,44.6645454545455,51.850909090909,169.222121212121,47.799898989899,46.3574747474747,185.987373737374,9.34414957677429,10.4037483532609,12.3136616254574,6.68315385536989,7.20075753590614,13.0085403182725,6.9137471019628,6.80863236982837,13.6377187878829,3.30899323564574,3.45728343555208,2.62636719127312,2.82637692071534,2.54727953830255,3.7451751685514,2.52884111001759,2.96984667464218,3.02071446429276,0.498957518323381,-0.153973459110999,0.359121402570975,0.240051491075682,-0.0415552192248825,0.0723376354743123,-0.389715857450655,0.0335673857612156,0.261616494054659,323,980,128,-572,453,666,-203,971,233,319.222222222222,982.444444444444,136,-570.3,452.8,667.333333333333,-202.377777777778,973.733333333333,238.155555555556,0.76420450650862,0.76420450650862,0.76420450650862,0.76420450650862,0.76420450650862,0.76420450650862,0.76420450650862,0.76420450650862,0.76420450650862,40,59,60,27,37,81,29,29,68,446.628967876607,423.341087218707,438.410413320259,616.405714285714,235.774285714286,432.715714285714,155.186389427424,171.959251327769,193.68654857627,465486.865714286,418213.542857142,448493.301428571,0,74.8586138879192,0,68.6584363421054,0,130.787865405008,0,31.5956914002332,0,47.5437664548111,0,135.396043708487,0,39.8022867638767,0,31.4300716578486,0,152.540541304769,1
1203406,292,960,108,-581,435,646,-223,952,223,343,1000,168,-563,472,696,-184,990,271,323,980,138,-572,453,666,-203,971,252,320.49,980.2,137.2,-571.28,453.67,666.7,-201.34,970.66,247.93,320.186346885631,980.095922435978,136.332439246882,-571.227043121505,453.526845657116,666.48670455241,-201.053506781215,970.606869447651,247.432008793048,320.641778313432,980.252008414163,137.634298051031,571.306485172364,453.741655570656,666.806868590899,201.4839447698,970.686550849449,248.176811970821,98.2928282828285,102.989898989899,120.565656565656,30.5672727272726,65.6778787878788,143.949494949495,58.5701010101011,52.0650505050505,123.681919191919,9.91427396650045,10.1483939118414,10.9802393674116,5.52876774039864,8.1041889654597,11.9978954383465,7.65311054474591,7.21561158219111,11.1212373049009,2.76956806339171,2.36714603269831,3.14425281573217,2.64276510965708,2.51087638167758,2.53973339271689,3.41464648728151,2.48973735917066,2.66482661401268,0.0527614174101504,-0.0400021915408487,0.204731188083198,-0.0445622178028358,0.0926886243348879,0.147177706891013,-0.227108235708778,-0.0605993715458965,-0.111000441828055,313,980,138,-572,453,666,-203,971,252,320.555555555556,980.222222222222,137.111111111111,-571.2,453.5,666.555555555556,-201.322222222222,970.666666666667,248.022222222222,0.76420450650862,0.76420450650862,0.76420450650862,0.76420450650862,0.76420450650862,0.76420450650862,0.76420450650862,0.76420450650862,0.76420450650862,51,40,60,18,37,50,39,38,48,445.912220218205,423.580858174651,437.973923235967,616.238571428571,235.324285714286,435.964285714286,135.475896326629,168.348712713314,124.041324550966,463992.15,418673.138571429,447608.524285714,0,76.9509201988793,0,79.7400729634831,0,104.738194207946,0,26.4608333830299,0,53.7009532105966,0,135.980885198361,0,48.8092645142375,0,39.7860257124431,0,104.993762740367,1
1204968,303,960,108,-581,435,636,-213,952,203,343,1009,158,-563,472,696,-184,990,281,323,980,138,-572,453,666,-194,971,252,317.8,980.18,136.7,-571.64,452.56,668.9,-197.14,969.69,251.36,317.532786087072,980.07341206722,135.594342152109,-571.577899446382,452.446575347471,668.664628382642,-196.851444329885,969.636576450742,250.588048293573,317.933640874947,980.233451785849,137.237749908689,571.671059263979,452.61657062021,669.017040141729,197.282994705575,969.716736990757,251.729338774804,85.8181818181818,105.846060606061,148.79797979798,35.8690909090909,51.7236363636363,158.171717171717,56.970101010101,52.3776767676766,187.687272727273,9.26381032935054,10.2881514669089,12.1982777390081,5.9890809736629,7.19191465213794,12.5766337774349,7.54785406656097,7.23724234551232,13.6999004641374,2.49943077234086,3.26824686612535,2.43233720853387,2.2779849752251,2.82053513171653,2.93182955072469,2.56418859178376,3.94176333410043,4.09971207048214,0.0587198572126278,0.308752785982286,-0.152855740343869,-0.0436555381311655,-0.125488799966313,-0.253493810258751,0.166232789790238,0.150573646393382,-0.626581963257356,323,980,128,-572,453,676,-203,971,252,317.666666666667,980,136.888888888889,-571.6,452.7,669.111111111111,-196.988888888889,969.566666666667,251.844444444444,0.76420450650862,0.76420450650862,0.76420450650862,0.76420450650862,0.76420450650862,0.76420450650862,0.76420450650862,0.76420450650862,0.76420450650862,40,49,50,18,37,60,29,38,78,445.525485077364,424.082675928052,437.600116025574,614.862857142857,235.637142857143,438.818571428571,150.919699175632,160.602279568438,192.413519069941,463188.694285714,419680.011428572,446845.195714285,0,64.4601337956426,0,63.1736315683277,0,119.709724335213,0,25.9346873151547,0,43.9660663706225,0,118.337851833209,0,46.5260776192287,0,40.273376571153,0,135.675325613462,1
1206531,292,960,108,-581,435,646,-213,952,203,343,1000,158,-563,472,696,-174,990,271,323,980,138,-572,453,666,-194,971,242,318.48,982.6,137.4,-570.83,452.77,668.7,-194.51,972,241.59,318.165770476031,982.519015873196,136.526689419594,-570.771447973957,452.64739629371,668.523919930221,-194.200946349594,971.947421243099,240.966374226733,318.636626896532,982.64032076849,137.827428329778,570.859308411451,452.831502879382,668.788008265699,194.663222001486,972.026203350506,241.89392303239,100.797575757576,80.040404040404,118.828282828283,33.7990909090909,56.2596969696969,118.89898989899,60.2322222222223,51.4545454545455,148.426161616162,10.0397995875204,8.94653027941022,10.9008386295864,5.81369855677871,7.50064643678776,10.9040813413598,7.7609420963065,7.17318237984686,12.1830276046704,3.2489619287917,3.09334870059102,2.62952852315647,2.37410693048838,3.54478364241688,2.93859075811568,3.04768199373664,3.03003186732538,3.40382556292067,-0.0203919390961527,-0.447493098342834,-0.11601738784195,-0.125441051342502,0.243926963361564,0.0132066313903171,0.121738813992064,-0.430233150336035,-0.374687651016377,323,980,138,-572,453,666,-194,971,242,318.444444444444,982.777777777778,137.444444444444,-570.7,452.6,668.777777777778,-194.511111111111,972.255555555556,241.833333333333,0.76420450650862,0.76420450650862,0.76420450650862,0.76420450650862,0.76420450650862,0.76420450650862,0.76420450650862,0.76420450650862,0.76420450650862,51,40,50,18,37,50,39,38,68,446.628044862672,423.861765010581,437.307283834067,616.491428571429,235.988571428571,436.748571428571,120.392589824887,120.467527449975,148.943709328395,465474.728571428,419234.622857143,446246.305714286,0,75.0226838378748,0,58.9561303954091,0,89.9681516408556,0,24.7619233921432,0,50.6167509696441,0,101.40352434897,0,51.4564518940234,0,35.9192980006945,0,100.627221584356,1
1208093,292,960,118,-581,435,646,-213,961,213,343,1009,158,-554,462,696,-174,990,262,323,980,138,-572,453,676,-194,971,242,318.87,981.99,138.4,-570.83,452.37,671.6,-192.83,973.8,239.32,318.495897838488,981.909194230125,137.743421981393,-570.765669134381,452.275882887808,671.374150717018,-192.571278490027,973.739296610266,238.75770208232,319.054619148509,982.030452684641,138.731395149043,570.86214623147,452.417008964075,671.712140726964,192.957534188225,973.830375373453,239.599457428434,118.962727272727,80.2524242424244,92.7676767676767,37.0718181818182,42.9627272727273,152.161616161616,49.6980808080809,59.7575757575758,135.189494949495,10.9070035881871,8.95837174058012,9.63159783045766,6.08866308657477,6.55459588935331,12.3353806654524,7.04968657516636,7.73030243635887,11.6271017433191,2.77468579309478,3.19698253846207,2.60169784749117,2.62056596210777,2.28161588214499,2.52731077091081,3.50171745746386,2.67522735470351,2.66073488536978,-0.316150747108869,0.157720396409351,0.261015392458187,0.0363745030156083,-0.05094777016647,-0.349598360277904,0.291128754462848,0.113846857335943,-0.031567204445892,323,980,138,-572,453,676,-194,971,242,319.111111111111,981.777777777778,138.222222222222,-570.8,452.4,671.888888888889,-192.977777777778,973.611111111111,239.3,0.76420450650862,0.76420450650862,0.76420450650862,0.76420450650862,0.76420450650862,0.76420450650862,0.76420450650862,0.76420450650862,0.76420450650862,51,49,40,27,27,50,39,29,49,446.489657102334,424.625586764981,437.673173103799,616.825714285714,237.06,437.267142857143,142.66445010362,152.76262845657,138.226349140307,465182.597142858,420755.117142857,446994.047142857,0,98.93518817281,0,50.573747836528,0,81.6534841743501,0,33.0856518020803,0,36.2394574210586,0,101.653245729899,0,40.7639779395917,0,51.099960841378,0,94.1084521231035,1
1209656,272,960,99,-581,435,626,-213,961,203,343,1000,168,-554,472,696,-174,990,271,313,980,138,-572,453,666,-194,971,233,317.06,982.2,139.21,-571.28,452.57,667.7,-195.28,974.26,237.32,316.670534695998,982.123357243805,138.163474157917,-571.206854235056,452.452197786847,667.466236943555,-195.028148060435,974.219265464068,236.556043624579,317.247222210061,982.23826030144,139.703865372437,571.316409706565,452.628777255711,667.815393653066,195.403070600234,974.280329268738,237.701114848038,119.955959595959,75.9191919191919,139.137272727273,42.0218181818181,53.7425252525253,155.666666666667,48.5672727272727,40.0125252525252,182.866262626263,10.9524408054077,8.71316199316826,11.7956463463124,6.48242378912534,7.33092935803676,12.4766448481419,6.96902236524411,6.32554545098881,13.5228052794626,5.69526318404802,2.67885548261633,3.93147394006587,3.09587445774013,3.31242932018747,3.62617747219156,3.58778457707386,2.87989934978143,2.70000248062636,-0.978027036535802,-0.163757252408847,-0.392772852573475,0.370097461183101,-0.0893507128064675,-0.63815270481418,0.546338733358321,-0.275537023098079,0.071511004097297,313,980,138,-572,453,676,-194,971,233,317.666666666667,982.111111111111,139.444444444444,-571.5,452.7,668.222222222222,-195.588888888889,974.455555555556,237.311111111111,0.76420450650862,0.76420450650862,0.76420450650862,0.76420450650862,0.76420450650862,0.76420450650862,0.76420450650862,0.76420450650862,0.76420450650862,71,40,69,27,37,70,39,29,68,446.392102652651,423.65110011951,437.866911517989,616.487142857143,235.281428571429,435.557142857143,164.606189192891,158.787383693446,183.985122570883,464980.701428571,418822.564285714,447388.431428572,0,91.5052427195344,0,54.4019469412233,0,106.556481224527,0,39.7981415953675,0,43.2519812220819,0,141.671936969148,0,41.7461009054643,0,32.5881244705671,0,140.344455652447,1
1211218,303,960,108,-581,425,636,-213,952,213,343,1009,168,-554,472,696,-174,990,271,323,980,138,-572,453,666,-194,971,242,318.3,983.19,138,-569.66,452.38,670.7,-193.79,973.78,238.04,318.034466485897,983.070907003316,137.076248562232,-569.604066479378,452.218635330181,670.50725878958,-193.550489552555,973.712115007526,237.491969520022,318.433352524512,983.249617340378,138.455769110572,569.687897010284,452.459898775571,670.796094204491,193.908045217314,973.813852848685,238.313700823096,85.7676767676768,118.418080808081,127.272727272727,32.1054545454546,73.0258585858585,130.212121212121,46.2281818181818,66.5975757575757,131.695353535354,9.26108399528245,10.8820072049269,11.2815214963553,5.66616753595008,8.54551687060874,11.4110525900165,6.79913096051119,8.16073377568315,11.4758595989736,3.13103878643852,2.36296846289283,3.28798185941043,3.10217995118255,4.10227598135369,3.02841963064868,3.59128664351089,2.98616185756707,2.88321842842187,0.218622558792615,0.125655173048258,0.0424224193511785,0.229253426880643,-0.456822662163771,-0.130808068145239,0.312550177958324,-0.298820458568491,0.0763311563730634,323,980,138,-572,453,666,-194,971,242,318,983.222222222222,137.888888888889,-569.6,452.7,670.777777777778,-193.933333333333,973.788888888889,237.888888888889,0.76420450650862,0.76420450650862,0.76420450650862,0.76420450650862,0.76420450650862,0.76420450650862,0.76420450650862,0.76420450650862,0.76420450650862,40,49,60,27,47,60,39,38,58,446.875267069138,424.081204652553,437.613637107582,616.924285714286,237.18,436.298571428571,144.774533079221,135.400945988254,135.323656329055,466006.975714286,419670.711428572,446874.501428572,0,56.3925417910005,0,98.7059683110323,0,86.8098836395591,0,29.7480825087017,0,66.0584278704483,0,86.6103496393113,0,36.4351432568734,0,40.1647996201462,0,84.9628001458949,1
1212781,292,950,118,-581,435,646,-213,952,213,353,1009,168,-554,472,696,-174,990,271,313,980,138,-572,453,666,-194,971,242,316.89,982.97,139.3,-570.83,453.38,668.9,-195.69,971.94,243.47,316.602962438609,982.846217727878,138.530965340876,-570.77117303092,453.275209151879,668.666526170429,-195.356681600175,971.874975857999,242.915677149427,317.035565828189,983.031754319259,139.69180362498,570.859308411451,453.432464651573,669.017040141729,195.857677919453,971.972437880828,243.747799990072,93.2100000000001,122.635454545454,110.414141414141,33.7990909090909,48.0561616161616,158.171717171717,66.3170707070707,63.6933333333333,136.716262626263,9.65453261426984,11.0740893325571,10.5078133507472,5.81369855677871,6.9322551609243,12.5766337774349,8.14352937657074,7.9808103180901,11.6925729686097,4.30196200105243,3.27697996998902,2.46027019679611,3.41482374529019,2.90420770552306,2.7302017496179,3.06963715207973,3.44102982539446,2.79503112243379,0.565911129991672,-0.169151309339673,0.368809038036478,0.326517339370968,0.119300878244322,0.175186217236216,-0.241924987454444,-0.257848663408307,0.146448077909497,313,990,138,-572,453,666,-194,971,242,316.555555555556,983.111111111111,139,-570.9,453.3,668.666666666667,-195.488888888889,972.055555555556,243.488888888889,0.76420450650862,0.76420450650862,0.76420450650862,0.76420450650862,0.76420450650862,0.76420450650862,0.76420450650862,0.76420450650862,0.76420450650862,61,59,50,27,37,50,39,38,58,446.675473724604,424.039478365964,437.569343980591,616.782857142857,236.335714285714,437.022857142857,129.378393336117,159.297545067369,140.069993679609,465590.048571429,419599.35,446787.274285715,0,74.9059550051701,0,92.8939653565329,0,84.5691838524087,0,23.8204218498088,0,40.6570679282573,0,157.14115883586,0,49.0816150580834,0,44.5195983992232,0,131.218740587996,1
1214343,292,960,118,-581,425,616,-213,952,203,343,1009,168,-554,481,707,-174,990,262,313,980,138,-572,453,676,-194,971,233,316.79,981.89,138.8,-570.47,451.67,670.61,-196.56,974.94,231.95,316.500055034935,981.797347535263,137.954964364878,-570.398768964928,451.49639711682,670.274347472463,-196.167180975447,974.873387672412,231.151435396153,316.935245752188,981.936255568558,139.222124678515,570.505574030614,451.757047537722,670.775170977579,196.752433275932,974.973220145046,232.34252731689,92.9756565656565,91.7554545454546,118.545454545454,40.9990909090908,79.4354545454546,223.795858585859,76.4509090909092,65.4307070707071,184.088383838384,9.64238853011309,9.57890675105748,10.8878581247854,6.40305324896575,8.9126569857397,14.9598081065854,8.74362105142424,8.08892496384452,13.5679174466233,2.690214158684,2.9333458215274,2.52980150913833,2.63716917174554,3.65649392049851,4.34967768973149,3.01479279895238,3.31775723041853,2.61691750184025,0.120472160395842,-0.136193999651177,0.124134613104577,0.083237305157888,0.200520597496009,-0.640692609798214,0.361738309869086,-0.292282523517932,-0.18376143998008,313,980,138,-572,453,676,-194,971,233,316.666666666667,981.888888888889,138.777777777778,-570.5,451.7,671.222222222222,-196.677777777778,975.077777777778,232.222222222222,0.76420450650862,0.76420450650862,0.76420450650862,0.76420450650862,0.76420450650862,0.76420450650862,0.76420450650862,0.76420450650862,0.76420450650862,51,49,50,27,56,91,39,38,59,446.19923438045,424.13319242102,437.728925417729,616.062857142857,236.49,432.998571428571,127.900706069868,234.410398698915,184.967117993513,464584.097142857,419785.872857143,447114.578571429,0,83.4502093030565,0,71.0865249772687,0,87.2545530588367,0,37.0759707890166,0,69.2648144554768,0,181.413160293948,0,64.6060779243225,0,49.4887500462772,0,145.299171069759,1
1215906,303,950,108,-581,435,646,-213,961,203,343,1000,168,-554,462,707,-184,990,262,313,980,138,-572,453,666,-203,971,233,318,981.9,138.8,-570.29,452.91,670.41,-198.79,974.93,230.71,317.684332460134,981.806555109944,137.936961827928,-570.219924383438,452.822161756639,670.223708612714,-198.593251100927,974.884204458779,230.01809731946,318.158765398661,981.946536222823,139.222124678515,570.325073970977,452.953805591696,670.503489923803,198.888486343478,974.952886041167,231.061355488104,102.020202020202,92.3131313131314,118.545454545454,40.41,40.0827272727273,126.628181818182,39.5615151515151,45.0758585858586,163.884747474747,10.1005050378782,9.60797227895311,10.8878581247854,6.35688603012513,6.33109210742722,11.252918813276,6.2897945237913,6.71385571678887,12.8017478289001,2.3943731006764,3.21769380299911,2.86087517756004,2.34030868025423,2.53120367616921,3.15699795953126,3.08912544971257,3.00088570871676,2.4772554869524,0.236444480841978,-0.38662371255506,-0.111826862535212,-0.110578084322012,-0.161279689514214,0.259975598524275,-0.109639377006408,-0.059369700668499,0.370434999135104,313,980,138,-572,453,666,-203,971,223,317.777777777778,982,138.888888888889,-570.2,453,670.333333333333,-198.711111111111,974.866666666667,230.4,0.76420450650862,0.76420450650862,0.76420450650862,0.76420450650862,0.76420450650862,0.76420450650862,0.76420450650862,0.76420450650862,0.76420450650862,40,50,60,27,27,61,29,29,59,446.363036451507,424.248020405693,437.778578179107,616.585714285714,237.012857142857,431.507142857143,135.043558220902,127.668954186352,164.58855257776,464925.771428571,420005.472857143,447205.332857143,0,82.9791572960808,0,89.2946564518481,0,110.05905882781,0,33.8499880042876,0,28.3912750340379,0,91.8876287930712,0,27.5639550638284,0,35.8416899719728,0,132.007955884105,1
1217468,303,950,108,-581,425,636,-213,952,203,343,1009,168,-554,481,696,-184,990,262,323,980,138,-572,453,676,-194,980,233,318.4,981.79,138.5,-569.75,452.73,671.3,-196.15,975.56,233.75,318.176776862329,981.673665523729,137.598499540244,-569.672275459427,452.604043229295,671.077476635855,-195.938387172976,975.514114273168,233.163649291396,318.511224292018,981.84816035882,138.949631161799,569.788917056132,452.792855509006,671.41090250308,196.255318399273,975.582841177519,234.04241068661,71.5555555555555,115.359494949495,126.010101010101,44.7954545454545,57.4920202020203,150.414141414141,41.7449494949495,45.0165656565656,138.169191919192,8.45905169363301,10.7405537543227,11.2254220860554,6.69294065007711,7.58234925349791,12.2643443124425,6.46103316002553,6.7094385500253,11.7545392048856,2.8952169034903,2.85674726321113,3.60784494841386,2.32532682804779,5.05643406236742,3.05943267884519,2.90710214062437,3.96702504807027,3.02493458643736,-0.0755942914749657,0.0121828334751653,0.202927909840297,-0.13885014624647,-0.045382793427783,-0.135678853601667,0.0705764714717324,-0.628291371496943,0.0615422927796292,323,980,138,-572,453,676,-194,980,233,318.333333333333,981.777777777778,138.333333333333,-569.7,452.8,671.444444444444,-196.222222222222,975.777777777778,233.666666666667,0.76420450650862,0.76420450650862,0.76420450650862,0.76420450650862,0.76420450650862,0.76420450650862,0.76420450650862,0.76420450650862,0.76420450650862,40,59,60,27,56,60,29,38,59,446.347153824486,424.345178177192,438.109824502141,616.581428571429,237.548571428571,434.211428571429,144.156247709904,150.7989872087,139.520408705052,464906.661428571,420202.877142857,447880.234285715,0,60.4124386651975,0,91.0355793499561,0,98.2867593444363,0,33.4673098610997,0,40.142712673896,0,106.174263449524,0,25.9902077057753,0,36.7325600767971,0,95.8423323842068,1
1219031,303,960,118,-590,435,646,-213,961,203,343,1009,158,-554,472,696,-174,990,262,323,980,138,-572,453,666,-203,971,233,319,982.39,138.4,-570.65,451.86,670.7,-198.58,975.03,230.53,318.711669574844,982.294427195165,137.612664027743,-570.586586054335,451.744618759067,670.528729311888,-198.230814465989,974.982173405437,229.777323728994,319.144168049488,982.437687591432,138.789048559315,570.681758951519,451.918045667575,670.785658761426,198.750999997484,975.053911330035,230.903551293608,92.9292929292929,94.6443434343434,108.929292929293,36.6136363636364,52.990303030303,116.070707070707,68.6298989898991,47.100101010101,174.110202020202,9.63998407308295,9.72853243990806,10.4369197050324,6.05092029063649,7.27944386820195,10.7736116075672,8.2843164467504,6.86295133379955,13.1950824938763,2.56143667296786,2.8896593946466,2.47161857549156,3.40529321806436,3.37326063434929,3.02492757647787,3.46497967457917,2.98114831877796,3.29195618317956,0.0543950645366282,-0.189173981042877,-0.0263172065921903,-0.182891938896855,0.422867119805189,0.05353671522368,0.386106513265382,0.00387348784056684,0.0135898942053469,323,990,138,-572,453,666,-203,971,233,318.888888888889,982.444444444444,138.444444444444,-570.5,451.6,670.777777777778,-198.811111111111,974.977777777778,230.422222222222,0.76420450650862,0.76420450650862,0.76420450650862,0.76420450650862,0.76420450650862,0.76420450650862,0.76420450650862,0.76420450650862,0.76420450650862,40,49,40,36,37,50,39,29,59,446.662186522615,424.220947735372,437.790911890807,617.052857142857,236.532857142857,431.562857142857,125.145468614782,125.162998801371,178.904550420819,465556.804285714,419940.424285715,447235.088571428,0,69.9490449062683,0,65.7034718375178,0,69.8691257386429,0,29.8861199093592,0,49.0435980871403,0,102.463274992026,0,65.0646371357497,0,43.5940328909381,0,142.122165533474,1
1220593,292,960,118,-590,435,636,-223,961,203,343,1009,168,-554,481,686,-174,990,262,323,985,138,-563,453,676,-194,971,233,318.59,983.89,140.3,-568.13,452.95,670.4,-195.76,974.24,229.39,318.296046217488,983.807081869853,139.481024603031,-568.036141914762,452.802271307447,670.206218357237,-195.415256192818,974.195374184918,228.824134676864,318.736176170826,983.931303496337,140.711762123854,568.177410673814,453.024248799112,670.495935856438,195.933713280793,974.262254221111,229.676185095451,94.1029292929293,82.098888888889,116.878787878788,54.4172727272726,67.9469696969697,129.939393939394,68.729696969697,43.8004040404041,132.704949494949,9.70066643550479,9.06084371837904,10.8110493421679,7.37680640435091,8.24299518967285,11.3990961895842,8.29033756669154,6.61818736818504,11.5197634305115,2.66760256214788,3.37195392664878,2.6001267506782,3.81506818425196,3.79643797133061,2.92594397415905,3.5382712712584,2.73667467993491,3.11607975288491,-0.121899062737159,-0.386878306987664,0.20843495427184,-0.824990658175531,0.33989145173866,-0.550524885064255,-0.296194823287852,-0.376668789397337,0.339579948530788,323,990,138,-563,453,676,-194,980,233,318.666666666667,984,140.111111111111,-567.8,452.8,671,-195.455555555556,974.433333333333,228.933333333333,0.76420450650862,0.76420450650862,0.76420450650862,0.76420450650862,0.76420450650862,0.76420450650862,0.76420450650862,0.76420450650862,0.76420450650862,51,49,50,36,46,50,49,29,59,447.32531112808,423.731226747349,437.11729133377,618.334285714286,237.951428571429,431.944285714286,123.661889809837,141.44491479646,133.696424981367,466934.297142857,418980.574285715,445854.904285714,0,73.2734235828731,0,62.8660356621229,0,86.5803367226289,0,49.2540753771902,0,60.6819266510958,0,118.151651747555,0,67.8699944194728,0,32.3429131946225,0,107.931172670334,1
1222156,303,960,108,-581,444,646,-213,952,203,343,1000,168,-563,472,707,-184,990,262,318,980,138,-572,453,666,-194,971,242,319,980.5,140.6,-570.29,453.13,670.71,-196.31,974.77,239.12,318.713461984011,980.415640385709,139.434606903868,-570.236953686235,453.022241321941,670.550176676249,-196.055539115757,974.694220609486,238.429053066303,319.144168049488,980.542196950238,141.172235230586,570.316552451356,453.184344389786,670.79022801469,196.436427375373,974.807791310677,239.462105561611,92.9292929292929,83.5858585858586,162.868686868687,30.5918181818182,49.750606060606,108.71303030303,50.1554545454546,74.421313131313,165.379393939394,9.63998407308295,9.14253020699733,12.7620016795441,5.53098708928327,7.05341095219937,10.426554095339,7.08205157743535,8.62677883866933,12.8599919883099,2.47637051039698,2.58257044021139,2.63051385254724,2.5071054106041,3.26602023675096,3.66457511818276,2.63900820163073,3.235836774091,2.81912139328316,0.258376556548984,0.0607769769891627,-0.0269840651528636,-0.131137651599139,0.590518185474883,0.299109950165507,0.109228753198534,-0.27355767866516,-0.0688334030141666,313,980,148,-572,453,666,-194,971,242,318.888888888889,980.333333333333,140.555555555556,-570.1,452.7,670.555555555556,-196.288888888889,974.988888888889,239.3,0.76420450650862,0.76420450650862,0.76420450650862,0.76420450650862,0.76420450650862,0.76420450650862,0.76420450650862,0.76420450650862,0.76420450650862,40,40,60,18,28,61,29,38,59,446.036929613995,424.379757262466,438.337861178446,617.185714285714,237.235714285714,436.105714285714,164.827814197572,110.705758460479,168.296864058692,464248.114285715,420255.664285714,448362.685714286,0,68.6025630776477,0,79.2640743118698,0,129.730086172727,0,24.9520541268717,0,35.7257269033925,0,61.7040775767428,0,40.220362207041,0,57.7350178856545,0,113.001957681323,1
1223718,292,960,118,-581,435,636,-213,961,194,343,1009,178,-554,472,696,-174,1000,262,323,980,138,-572,453,666,-194,971,233,317.87,981.49,141.1,-570.2,452.39,668.1,-193.7,974.01,236.47,317.519111286881,981.39432799781,140.324276280798,-570.13455999975,452.286898065396,667.837290941744,-193.476968601979,973.937009970729,235.887835730712,318.043786293649,981.537981944662,141.494169491184,570.232671810376,452.441432673888,668.230648803241,193.810732416964,974.046615927595,236.752338953599,111.629393939394,95.1413131313133,112.515151515152,37.6363636363636,47.0079797979798,176.353535353535,43.3434343434344,72.0504040404041,134.958686868687,10.5654812450448,9.7540408616795,10.607315943025,6.13484829774654,6.85623656228253,13.279816841867,6.58357306813211,8.4882509411777,11.6171720684806,2.70775468151052,2.79853622585131,3.91141614832254,2.83175803402648,4.05723331375121,2.70949724368923,3.30506768677521,3.03468861431276,3.93969325509051,-0.22201245188245,0.327693220625249,0.428947519425066,0.115389356990812,-0.102617887700657,-0.233723895415576,0.121863464756539,0.400427667823392,-0.459590797162141,323,980,138,-572,453,666,-194,971,233,318.111111111111,981.222222222222,140.777777777778,-570.2,452.5,668.444444444444,-193.722222222222,973.733333333333,236.9,0.76420450650862,0.76420450650862,0.76420450650862,0.76420450650862,0.76420450650862,0.76420450650862,0.76420450650862,0.76420450650862,0.76420450650862,51,49,60,27,37,60,39,39,68,446.311679314824,423.460273179648,437.543528403021,617.34,235.838571428571,435.762857142857,132.064332841738,176.727519969,139.668376745999,464823.968571429,418457.464285714,446734.748571429,0,88.7814856783506,0,77.4533736262976,0,61.8334903400148,0,24.2533446726148,0,29.9884698202229,0,124.113140064639,0,24.0580082268353,0,56.7430553454201,0,120.208758726874,1
1225281,292,960,108,-590,425,636,-213,961,194,343,1000,158,-554,472,696,-184,1000,262,318,980,138,-572,453,676,-194,971,233,318.49,984,140,-569.57,451.77,671.5,-196.3,974.37,235.39,318.186606505906,983.918725536827,138.94051923653,-569.473939673369,451.604084481815,671.328727907966,-196.035702375749,974.307657635578,234.728138365453,318.642668203742,984.040649566876,140.499110317468,569.618144022818,451.853040268625,671.585437602693,196.431158424523,974.401236657672,235.715442854303,98.2524242424244,80.8080808080808,141.414141414141,55.3990909090908,75.7950505050504,115.909090909091,52.030303030303,61.4879797979798,154.866565656566,9.91223608689908,8.98933149950989,11.8917678002113,7.44305655689186,8.70603529197133,10.7661084384791,7.21320338201433,7.84142715313863,12.4445395919884,3.23622733666033,2.6075,3.04326530612245,3.08880414512438,3.15207714185336,3.22096914292224,2.54533236049975,3.36482060819758,3.37538957999854,0.281327382613545,0.0503115294937453,-0.499848373510866,-0.212029206803403,0.098242557381565,-0.105554882151131,0.140891139549482,0.282499678582243,-0.172065993843337,313,980,138,-572,453,676,-194,971,233,318.222222222222,984,140.555555555556,-569.6,451.7,671.444444444444,-196.277777777778,974.133333333333,235.477777777778,0.76420450650862,0.76420450650862,0.76420450650862,0.76420450650862,0.76420450650862,0.76420450650862,0.76420450650862,0.76420450650862,0.76420450650862,51,40,50,36,47,60,29,39,68,447.346003731656,424.172693247272,437.801165850316,618.21,237.3,434.34,146.80706630294,120.572425150867,158.929882400489,466975.35,419855.571428572,447259.174285714,0,59.6138376441078,0,60.9825401764084,0,102.405999596141,0,44.880417081565,0,62.8391862599713,0,100.911266959655,0,45.6098643459364,0,42.3710381557127,0,108.493137027409,1
1226843,292,960,108,-581,435,646,-213,961,203,343,1009,168,-554,472,696,-174,990,271,323,980,138,-572,453,671,-194,971,233,318.49,982.39,140.6,-569.12,451.03,672.2,-196.05,974.81,232,318.182646397467,982.280129614578,139.713304229653,-569.031683061469,450.926616556591,672.02275128276,-195.750004413528,974.766226609425,231.162856007421,318.642668203742,982.444812699421,141.030493156622,569.163948260956,451.081777508247,672.288925983464,196.198241582334,974.831836780067,232.421427583603,98.2524242424244,108.785757575758,122.464646464647,50.530909090909,47.1809090909091,120.767676767677,58.7348484848485,43.0039393939393,197.69696969697,9.91223608689908,10.4300411109332,11.0663745854117,7.10850962515414,6.86883607978157,10.9894347792631,7.66386641877639,6.55773889339453,14.0604754434894,2.56224912433257,2.81712649596188,3.30349905697868,2.79713549357031,3.08522782787865,2.88670110915219,3.57690652217096,2.92019811438028,2.95817308300763,-0.156478493555104,-0.18964202304921,-0.167231731082703,0.359191578879666,0.144429746036209,0.243137280193736,0.190735404133512,-0.32692437483681,0.240712421071208,323,980,138,-572,453,666,-194,980,233,318.555555555556,982.555555555556,140.777777777778,-569.3,451,672,-196,974.955555555556,231.622222222222,0.76420450650862,0.76420450650862,0.76420450650862,0.76420450650862,0.76420450650862,0.76420450650862,0.76420450650862,0.76420450650862,0.76420450650862,51,49,60,27,37,50,39,29,68,446.727114798771,424.116463503644,437.639988482858,617.777142857143,237.475714285714,433.182857142857,124.619428122006,124.10050995534,203.866924059921,465694.525714286,419740.615714286,446918.82,0,65.0567390412123,0,81.3858599301221,0,91.5435378945701,0,40.9164800301458,0,31.5582261114358,0,107.562300270686,0,55.3211782179498,0,27.5519254437298,0,169.535961023449,1
1228406,292,970,118,-581,435,646,-213,952,203,343,1009,178,-554,472,696,-174,990,262,313,980,138,-572,453,666,-194,971,233,316.06,982.69,141.3,-570.02,452.56,670.2,-195.95,975.07,232.78,315.738473642726,982.603641770434,140.296338610025,-569.935781901116,452.464863289774,670.050283240655,-195.680136462187,975.010856489292,232.307455516241,316.220176459378,982.733336159917,141.809026511009,570.062031712339,452.607622560646,670.274868990327,196.082508143893,975.099579530214,233.014591817766,102.299393939394,86.0342424242423,145.565656565656,48.4036363636363,43.5418181818182,101.373737373737,52.4722222222222,58.2677777777777,110.375353535354,10.114316286304,9.27546453953883,12.0650593270674,6.95727219272297,6.59862244576989,10.0684525808953,7.24377127070024,7.63333333333333,10.5059675201932,3.13707825537314,2.63430319811873,3.07920222391972,2.55443552534675,2.85740900656208,2.87641366330314,3.78690284138796,3.26879828917589,3.74442879815372,-0.038078593761994,0.403364275434032,0.351087219078855,0.129432563308939,0.108847257532651,0.0411535708309866,0.379952195033508,0.0534457610439112,-0.0229285260379734,313,980,138,-572,453,676,-194,971,233,316.222222222222,982.333333333333,141.111111111111,-570.2,452.5,670.111111111111,-196.111111111111,975.122222222222,232.811111111111,0.76420450650862,0.76420450650862,0.76420450650862,0.76420450650862,0.76420450650862,0.76420450650862,0.76420450650862,0.76420450650862,0.76420450650862,51,39,60,27,37,50,39,38,59,446.576787461484,424.048620129307,437.794106997964,617.164285714286,236.888571428571,433.671428571429,151.862101012195,103.818592416056,110.950452208854,465372.775714285,419611.191428572,447241.431428571,0,83.3930727161026,0,62.3346806937279,0,103.997046162943,0,28.5195043379827,0,33.6443402433199,0,69.530908918401,0,39.6565363521859,0,48.2806933952075,0,87.0969147838154,1
1229968,292,960,108,-581,435,636,-213,952,203,343,1009,158,-554,472,696,-184,990,271,323,980,138,-572,453,666,-194,971,233,318.08,982.87,139.7,-569.57,453.31,669.3,-196.81,973.74,235.61,317.777686339405,982.76558650362,138.690503267966,-569.51059832495,453.187634597882,669.078367101496,-196.482160996828,973.674347430367,234.851139996675,318.230891020969,982.922392663836,140.172037154348,569.599657654392,453.371381981704,669.410636306296,196.974795341942,973.772807178348,235.978749043214,96.9834343434343,104.033434343434,133.444444444444,34.1263636363636,56.2160606060606,149.606060606061,65.5493939393939,64.5377777777778,175.654444444444,9.84801677209347,10.1996781490121,11.551815634109,5.84177743810594,7.49773703233586,12.2313556323925,8.09625802080158,8.03354079953402,13.2534691475268,3.67068227871359,2.81719911300427,3.1350301016978,2.915305766012,3.22183586869558,2.8500935978051,2.60265188336057,3.29371553177444,3.17121231600312,0.0323512928572575,0.36476107376613,-0.611589115976573,0.120522602090519,0.237584894582639,-0.0511654502286914,-0.204234315045551,-0.04998215199485,-0.374738785412858,323,980,148,-572,453,676,-194,971,242,317.888888888889,982.444444444444,140.222222222222,-569.5,453.1,669.333333333333,-196.622222222222,973.744444444444,236.077777777778,0.76420450650862,0.76420450650862,0.76420450650862,0.76420450650862,0.76420450650862,0.76420450650862,0.76420450650862,0.76420450650862,0.76420450650862,51,49,50,27,37,60,29,38,68,446.819162839958,423.835478108342,437.615851630974,617.421428571429,237.017142857143,433.945714285714,147.441606378273,152.58552936296,178.692334332083,465880.941428572,419185.705714285,446879.365714286,0,75.7376223939224,0,75.9969892688982,0,105.446529168927,0,25.9567216425301,0,45.4103091790037,0,128.432375908289,0,53.9083888603104,0,38.9876333036149,0,166.582605190011,1
1231531,292,960,108,-590,435,646,-213,952,194,343,1000,168,-554,472,696,-184,1000,271,323,980,138,-572,453,666,-194,971,233,318.97,981.4,139.2,-569.93,452.67,669.3,-196.26,973.83,233.7,318.622249401153,981.312146059719,138.157416939683,-569.862554739672,452.553900529831,669.109006283196,-196.047052318537,973.761782200796,232.929051238965,319.141739670636,981.44383435834,139.711130551578,569.963902365755,452.72836226594,669.395697625851,196.366545012128,973.864184576063,234.07955912467,110.69606060606,86.9090909090908,144,39.0354545454545,53.3748484848486,129.40404040404,42.2549494949494,67.2536363636363,179.343434343434,10.5212195398661,9.32250454057765,12,6.24783598900088,7.30580922861038,11.3755896728056,6.50038071923095,8.20083144343525,13.3919167539017,2.82827682888042,2.63456262761247,2.73684846973286,3.92500422076878,2.95857648193911,2.63405010845578,3.14013103512344,3.54950640095616,3.09122819350113,-0.307999712710067,-0.20563154359092,-0.0557790347525986,-0.520008610338794,0.368326578481887,0.155703860517014,-0.0982880329508756,0.287495014816436,-0.13465035449149,313,980,138,-572,453,666,-194,971,233,319.333333333333,981.444444444444,139.222222222222,-569.6,452.4,669.222222222222,-196.233333333333,973.633333333333,233.833333333333,0.76420450650862,0.76420450650862,0.76420450650862,0.76420450650862,0.76420450650862,0.76420450650862,0.76420450650862,0.76420450650862,0.76420450650862,51,40,60,36,37,50,29,48,77,446.317414180289,423.792766763831,437.413300353791,616.958571428571,236.588571428571,433.401428571429,153.52102386056,129.722598908577,179.527768171767,464829.707142857,419105.322857143,446470.504285714,0,90.8391820427496,0,73.3690240538758,0,125.623214805905,0,31.5020866469273,0,40.3227569298544,0,109.945613617494,0,32.5146681195626,0,59.3068982821071,0,112.221195620038,1
1233093,292,960,108,-581,435,636,-223,952,213,343,1000,178,-554,462,696,-174,990,252,323,980,138,-572,453,676,-194,971,242,317.47,980.4,140.9,-569.3,452.73,672.3,-194.92,973.81,237.29,317.150596416542,980.324809795227,139.936438646945,-569.244542414112,452.631366290765,672.090711474829,-194.648374725756,973.759564152523,236.776859045505,317.627848275305,980.437657375521,141.383874610933,569.327743922602,452.779118334757,672.403599038554,195.056504633914,973.835124648931,237.541680553119,101.261717171717,74.5858585858586,137.969696969697,31.9090909090909,44.9263636363637,140.717171717172,53.7713131313132,49.4281818181818,120.71303030303,10.062888112849,8.63631047298895,11.7460502710357,5.64881323014763,6.70271315486227,11.8624268898557,7.33289254873636,7.03051789117856,10.9869481796826,2.97588994541081,2.84629118154213,3.65724094869053,2.64891518737672,2.5702812114763,3.17144824357911,4.49109481148549,3.8960271781189,2.39481553073837,-0.300362052566415,0.206975908898269,0.286452060198601,-0.0739053017562181,-0.247128131633809,-0.530937976360993,-0.268580555822465,-0.493975352609941,-0.341852764060675,323,980,138,-572,453,666,-194,971,233,317.666666666667,980.111111111111,140.666666666667,-569.1,452.9,672.888888888889,-194.855555555556,974.044444444444,237.822222222222,0.76420450650862,0.76420450650862,0.76420450650862,0.76420450650862,0.76420450650862,0.76420450650862,0.76420450650862,0.76420450650862,0.76420450650862,51,40,70,27,27,60,49,38,39,445.810041314164,424.515774456159,437.642814659335,616.615714285714,238.17,435.505714285714,144.148574334634,144.319254235763,125.333775865269,463772.078571428,420544.118571429,446926.26,0,81.6299219282535,0,54.4259876198253,0,118.122696150148,0,25.1843245923694,0,37.0374789934167,0,93.900834547076,0,44.4237302678914,0,32.2470397950216,0,100.83642997467,1
1234656,292,960,108,-581,435,646,-203,961,213,343,1009,178,-554,472,696,-174,990,262,313,980,138,-572,453,676,-194,971,233,317.58,980.49,141.3,-568.58,452.2,673.3,-193.12,974.26,237.04,317.252896096952,980.395987353513,140.424106897517,-568.520711471781,452.109198901464,673.124922513739,-192.89440671045,974.219265464068,236.478584832841,317.743449971829,980.537000831687,141.73849159632,568.609602451453,452.245375874646,673.38740706966,193.23079464723,974.280329268738,237.320669137772,104.892525252525,93.1009090909091,125.363636363636,34.0036363636364,41.4545454545455,118.89898989899,43.2379797979797,40.0125252525252,134.483232323232,10.2417051926193,9.64888123519557,11.1965903900981,5.83126370211778,6.43852043986392,10.9040813413597,6.57555927644027,6.32554545098881,11.5966905763339,2.87747829633805,2.93383005580455,3.56918010403764,2.84518504040218,3.44555589754112,2.80521550780884,3.18785330410358,2.87989934978143,2.7756634171747,0.0490425282354543,0.00936015215936829,0.235327500993225,0.116987944477839,-0.000273855500457325,-0.0601886000503304,0.44666072249798,-0.275537023098078,0.0956651986869299,313,980,138,-572,453,676,-194,971,233,317.555555555556,980.555555555556,141.111111111111,-568.5,452.2,673.222222222222,-193.3,974.455555555556,236.988888888889,0.76420450650862,0.76420450650862,0.76420450650862,0.76420450650862,0.76420450650862,0.76420450650862,0.76420450650862,0.76420450650862,0.76420450650862,51,49,70,27,37,50,29,29,49,445.882456391225,424.527582758691,437.653178950185,616.872857142857,238.68,436.362857142857,136.077836167596,119.159284228751,136.044655498614,463930.075714286,420554.297142857,446949.171428571,0,79.3572461318807,0,57.771456419127,0,99.4049948127376,0,25.4916882316682,0,29.3852336776129,0,109.672808722792,0,33.3480285998524,0,30.9210259108551,0,99.6147383003253,1
1236218,292,960,108,-590,435,636,-203,952,203,343,1000,178,-554,462,696,-174,990,252,313,980,138,-572,453,676,-194,971,233,317.99,980.9,141.8,-569.66,453.27,671.9,-194.19,973.99,234.77,317.683921994188,980.802119542422,140.792121397225,-569.601385861189,453.178726985021,671.696123801977,-193.912921234057,973.938675028003,234.28897115616,318.143285329111,980.949030276293,142.298278274897,569.689318839664,453.315486168298,672.00133928438,194.326606515937,974.015610757856,235.005212708144,98.4948484848484,97.1616161616163,142.989898989899,33.7418181818182,41.6536363636364,137.565656565656,53.61,50.3938383838384,111.613232323232,9.9244570876622,9.85705920453034,11.9578383911934,5.80877079783823,6.45396284182334,11.7288386708001,7.32188500319419,7.09886176677912,10.5647163863131,2.53387994239534,2.48034712417307,3.39465573174414,4.04635447584624,2.45522289846305,3.4095762173112,2.17153256460771,3.35353749205701,2.91874387282583,0.107401839861754,0.200931131908898,0.0898575094383623,-0.0726787794196817,-0.208798818162714,-0.293166289056933,0.321396570244419,-0.25952574147914,-0.399920132225944,313,980,138,-572,453,676,-194,971,233,318,980.777777777778,141.888888888889,-569.5,453.4,672.111111111111,-194.377777777778,974.033333333333,235.133333333333,0.76420450650862,0.76420450650862,0.76420450650862,0.76420450650862,0.76420450650862,0.76420450650862,0.76420450650862,0.76420450650862,0.76420450650862,51,40,70,36,27,60,29,38,49,446.133775766504,424.596199956667,437.403693167356,617.438571428571,238.075714285714,434.815714285714,170.078705343376,138.25996551677,112.400082986981,464453.55,420697.135714286,446441.438571429,0,76.2279820503989,0,70.160878251319,0,94.0586296365493,0,28.7802175669571,0,31.4665095681364,0,83.2185531827185,0,41.8667935478095,0,36.9540357826299,0,74.8509520272592,1
1237781,292,960,118,-581,444,646,-203,961,213,343,1000,158,-554,472,696,-174,1000,281,313,980,138,-572,453,676,-194,971,233,316.95,982.8,142.2,-569.84,453.19,671.9,-193.3,974.66,237.02,316.647010230053,982.689941029064,141.605778556919,-569.788146842096,453.10724808734,671.720908097172,-193.076624517394,974.612655971234,236.428808420402,317.098959317119,982.855024914662,142.489297843733,569.865756121562,453.231475076478,671.989434440751,193.41044439223,974.683723060973,237.322649572265,95.4015151515151,109.252525252525,83.1919191919193,29.6509090909091,37.9736363636363,121.40404040404,43.1414141414141,46.7115151515152,145.009696969697,9.76736991986661,10.4523932786958,9.12096043144138,5.44526483202691,6.16227525867162,11.0183501670641,6.56821240075365,6.83458229532099,12.0419972168116,3.69226875968783,2.28610911732782,2.79080316670837,3.89845474613688,2.84075893758857,2.51052230922527,2.67452976987948,4.19965479989724,4.27569629910414,-0.461806501812737,0.00844902139282157,-0.283400529868221,0.665775604438461,0.204572926601996,-0.0476163230122712,0.26571159090253,0.332198003380533,0.623928610716807,313,980,148,-572,453,676,-194,971,233,317.333333333333,982.888888888889,142.333333333333,-569.9,453.1,671.888888888889,-193.388888888889,974.566666666667,236.544444444444,0.76420450650862,0.76420450650862,0.76420450650862,0.76420450650862,0.76420450650862,0.76420450650862,0.76420450650862,0.76420450650862,0.76420450650862,51,40,40,27,28,50,29,39,68,446.777268589359,424.623726231449,437.833196039383,617.978571428571,237.964285714286,436.448571428571,126.33913764069,121.61881981732,148.719901265097,465796.692857143,420743.807142857,447316.285714286,0,80.4212414170455,0,90.6602910767865,0,63.401214912544,0,21.5979817071887,0,29.4671636717168,0,97.0267447107558,0,32.0692797923057,0,38.4123737349346,0,92.978135202154,1
1239343,292,960,118,-581,435,656,-213,961,213,333,1000,168,-554,462,696,-174,990,271,313,980,138,-572,453,666,-194,980,233,315.52,981.2,139.8,-568.67,451.47,671.2,-194.41,976.29,234.96,315.17361403911,981.089558034945,138.881405155666,-568.605593230952,451.383733078927,671.053380400984,-194.233303318307,976.244702085067,234.463122645247,315.689404320132,981.255318456924,140.252629208867,568.702268326758,451.513155954508,671.27371466489,194.497480703479,976.312700931418,235.208035577019,108.009696969697,109.656565656566,128.040404040404,37.0718181818182,39.3627272727272,99.959595959596,34.3655555555556,44.7736363636364,117.796363636364,10.3927713806134,10.4717030924566,11.3154939812809,6.08866308657477,6.27397220847584,9.99797959387775,5.86221421952112,6.69131051167381,10.8534033204504,3.10914781198026,2.39826245527298,2.75973598766291,2.5971854987937,2.41741603123964,2.89844977907668,4.595203702345,2.85558190563772,3.24548588326347,-0.601660552349418,0.183409255489294,-0.0212561678032485,-0.208509117069904,0.0607556129611689,0.401868825514704,0.212180112771572,0.350044061509793,0.0751604898111268,313,980,138,-572,453,666,-194,971,242,315.855555555556,981.222222222222,139.777777777778,-568.5,451.4,670.777777777778,-194.511111111111,976.155555555556,235.022222222222,0.76420450650862,0.76420450650862,0.76420450650862,0.76420450650862,0.76420450650862,0.76420450650862,0.76420450650862,0.76420450650862,0.76420450650862,41,40,50,27,27,40,39,29,58,445.813470534523,423.793226297045,438.379725346806,615.651428571429,237.428571428571,435.788571428571,140.504305997883,100.40196228821,120.214982188323,463796.828571429,419097.771428571,448430.82,0,85.9886608684897,0,100.849605258091,0,105.620135332397,0,29.8631853944333,0,27.6350174670426,0,76.943112204357,0,26.2834565493635,0,29.6289936703067,0,79.6200866641758,1
1240906,303,960,108,-581,435,646,-213,952,213,333,1009,168,-554,472,707,-184,990,262,313,980,138,-572,453,676,-194,971,233,317.3,981.69,141.1,-570.56,452.66,672.31,-197.01,973.83,236.63,317.058867903255,981.574101694803,140.302442007117,-570.48661837651,452.540026766152,672.06119348284,-196.774361653149,973.752657756905,236.109563058163,317.420541238276,981.74783422221,141.480033927053,570.596512432384,452.719736702521,672.434926219631,197.128054827313,973.868620502786,236.892908294022,77.2828282828282,114.700909090909,108.474747474748,42.0872727272727,54.6307070707071,169.690808080808,46.9998989898991,75.980909090909,125.750606060606,8.79106525301844,10.7098510302856,10.4151210974596,6.48747044134096,7.39125882855601,13.0265424453616,6.85564723347833,8.71670287958176,11.2138577688771,2.30033576081889,2.64051684274005,3.6894645663145,3.19332735113641,3.48558778157639,2.55869936236443,3.05449912891176,3.06894221332985,2.3719266690184,0.0351357485913959,-0.162518233121004,-0.4299842176684,0.403842024214345,-0.212784487112157,0.251604342777435,-0.136657136928849,-0.126399705072227,0.290607216237947,313,980,138,-572,453,666,-194,971,242,317.222222222222,981.777777777778,141.444444444444,-570.8,452.9,672.111111111111,-196.844444444444,973.944444444444,236.2,0.76420450650862,0.76420450650862,0.76420450650862,0.76420450650862,0.76420450650862,0.76420450650862,0.76420450650862,0.76420450650862,0.76420450650862,30,49,60,27,37,61,29,38,49,446.309589370756,424.828702698954,437.756580672064,617.181428571429,237.604285714286,434.335714285714,121.978403774315,174.97198940974,129.300367274208,464829.090000001,421158.972857143,447170.49,0,62.6802669463415,0,77.3853426245399,0,85.4571771760878,0,29.1042571269998,0,43.5150515826672,0,94.7379909440909,0,34.5609833754772,0,67.3734057972114,0,90.8630193474355,1
1242468,303,960,118,-590,444,646,-213,952,203,343,1000,168,-554,472,686,-174,990,262,313,980,148,-572,453,666,-194,971,233,317.3,979.3,143.8,-570.56,454.84,668.5,-195.41,974.38,234.54,317.016931646249,979.227946625816,142.739008358104,-570.506885345566,454.719742866278,668.337315386178,-195.060760581995,974.325734279908,233.975999776675,317.442593235375,979.335999542547,144.328791306517,570.586575376603,454.900230819902,668.581333870457,195.579318947582,974.40710178036,234.814181854504,91.4242424242424,71.2222222222221,153.89898989899,30.6327272727273,55.3478787878788,109.848484848485,66.8706060606061,53.3490909090909,129.988282828283,9.56160250294073,8.43932593411477,12.4056031654648,5.53468402645781,7.43961550000259,10.480862791225,8.17744495919147,7.30404620118814,11.4012404074418,2.73372258340732,2.81113741062066,2.38736618947222,4.25947841332457,2.41141507952516,2.23186682520809,3.21523223905882,3.36810114467015,3.09429445782406,0.305329569427839,-0.0702378286498327,0.103062602758025,-0.103924789560435,0.131027206470804,0.0165332172925995,0.642213016325743,-0.134132644958005,-0.468918932959723,313,980,148,-572,453,666,-194,971,242,317,979.444444444444,143.666666666667,-570.4,454.6,668.555555555556,-195.844444444444,974.355555555556,234.877777777778,0.76420450650862,0.76420450650862,0.76420450650862,0.76420450650862,0.76420450650862,0.76420450650862,0.76420450650862,0.76420450650862,0.76420450650862,40,40,50,36,28,40,39,38,59,445.514394739516,424.141665883131,437.646300426551,617.314285714286,236.905714285714,434.361428571429,159.383152740765,110.090097805517,134.10441164227,463156.971428571,419787.54,446939.215714286,0,66.1596956839114,0,56.6867294056254,0,142.249921479394,0,30.0108899701595,0,44.5003928711725,0,88.5063969478868,0,50.713141089607,0,49.11775908581,0,107.94022571796,1
1244031,292,960,118,-590,435,636,-213,961,203,333,1000,168,-554,481,707,-174,990,262,313,980,138,-572,453,666,-194,971,242,316.38,981.3,139.7,-571.01,454.34,668.31,-195.92,973.24,241.1,316.115095686558,981.219103173212,138.814659017641,-570.942163016974,454.15991593571,668.049124752926,-195.648690452886,973.197078134608,240.368930545489,316.511769133472,981.340409847674,140.136362162003,571.043894985315,454.430808814719,668.440520914165,196.056726484964,973.261444833812,241.453929352993,84.2379797979798,80.111111111111,123.343434343434,39.1009090909092,83.3579797979799,176.236262626263,54.1349494949495,42.1640404040405,172.515151515152,9.1781250698593,8.9504810547317,11.1060089295586,6.25307197231162,9.13005913441857,13.2754006578432,7.35764564891172,6.49338435671572,13.1345023322222,2.85445142959747,2.73649657434192,2.72489079950032,3.54805556901944,3.44758470308192,3.46621665227747,3.83756001932209,2.86646601627127,3.2206042703755,-0.117474232187082,-0.0870814313894466,-0.0279199660962196,0.0331806012920322,0.474932963656398,0.0858194114315399,-0.324822802164939,-0.0990332355344896,-0.457186044405653,313,980,148,-572,453,666,-194,971,233,316.444444444444,981.222222222222,139.666666666667,-571,454.033333333333,668.222222222222,-195.744444444444,973.322222222222,241.722222222222,0.76420450650862,0.76420450650862,0.76420450650862,0.76420450650862,0.76420450650862,0.76420450650862,0.76420450650862,0.76420450650862,0.76420450650862,41,40,50,36,46,71,39,29,59,445.957257795568,424.118649213848,437.884413124534,616.02,236.417142857143,436.465714285714,130.603627170176,183.739165489748,174.79549615469,464077.242857143,419747.665714286,447418.32,0,51.2402186477047,0,72.1690038952026,0,103.798304436957,0,30.3952770707654,0,83.7742548046479,0,130.648500025993,0,41.6206253675387,0,30.9949502748742,0,128.913891682391,1
1245593,292,960,108,-581,435,646,-213,952,223,343,1009,168,-554,472,696,-184,990,281,323,980,138,-572,453,666,-194,971,242,318.96,980.89,141.6,-572.18,454.4,667.8,-197.06,972.95,243.01,318.640985672686,980.784436532945,140.707561485571,-572.126109792613,454.281254843182,667.643394487552,-196.801837826429,972.878313858723,242.423114875754,319.116906477861,980.942816885877,142.026758042279,572.206868186673,454.459591162955,667.878432051822,197.1880320912,972.985770707876,243.306370652312,101.129696969697,104.664545454545,122.262626262626,31.0581818181818,54.7070707070707,105.818181818182,50.9862626262626,70.310606060606,145.585757575758,10.0563262163524,10.2305691657183,11.0572431583386,5.57298679508411,7.39642283182017,10.2867964798659,7.1404665552233,8.38514198213757,12.0658923240578,3.71963432595644,2.48416876788488,3.05924027452756,3.49843826511406,3.121321692496,2.7776745581566,2.70813415522793,3.03502018914584,2.95492417810273,-0.431499158701502,0.0820333832248626,-0.38590028907683,0.268447692801293,0.264547638380021,0.138461146299011,0.156338796679308,-0.216220823416765,0.303100250688207,323,990,148,-572,453,666,-194,971,242,319.333333333333,980.777777777778,142,-572.3,454.1,667.777777777778,-197.011111111111,972.966666666667,242.755555555556,0.76420450650862,0.76420450650862,0.76420450650862,0.76420450650862,0.76420450650862,0.76420450650862,0.76420450650862,0.76420450650862,0.76420450650862,51,49,60,27,37,50,29,38,58,446.240931575911,424.253087382766,438.048948416989,617.764285714286,235.722857142857,436.671428571429,131.803580670073,108.053732452305,156.47300163659,464681.147142857,420006.780000001,447763.894285714,0,75.0723683096057,0,71.4717988626662,0,100.450777923397,0,24.7725488463898,0,42.8155920447846,0,86.1097445756537,0,37.2237860567951,0,55.2995517583906,0,138.044056755878,1
1247156,303,960,118,-590,444,636,-223,961,203,333,1000,168,-554,472,696,-174,990,271,313,980,148,-572,453,666,-194,971,242,318,981.7,143.6,-570.29,454.22,667.8,-195.67,974.4,239.49,317.776805860847,981.610378181786,142.791132744521,-570.217237965541,454.093269169377,667.562871357596,-195.371687155936,974.349347448725,238.856370977387,318.111615631998,981.744875209441,143.998611104413,570.326494211868,454.283699905687,667.918857347208,195.818512914382,974.425369127877,239.799437030198,71.7171717171717,89.0000000000001,115.79797979798,42.0463636363637,58.4561616161616,160.363636363637,58.7283838383837,49.939393939394,149.80797979798,8.46859915908007,9.43398113205661,10.7609469749637,6.48431674398804,7.64566292849493,12.6634764722661,7.66344464574409,7.06678101679923,12.2396070115825,2.40527673080738,2.24656031880785,2.8440171824636,2.88087819448293,2.56941990106989,2.75653681869713,4.45939956034594,3.04385623841392,3.45926109211716,0.0501457038673459,0.16410629789679,-0.0338652950170293,-0.297997905717316,0.343428709718903,0.168400340735952,-0.0311860189390023,0.250576506069977,-0.323572970791622,313,980,138,-572,453,666,-194,971,242,318,981.444444444444,143.666666666667,-570.1,453.8,667.666666666667,-195.688888888889,974.277777777778,239.722222222222,0.76420450650862,0.76420450650862,0.76420450650862,0.76420450650862,0.76420450650862,0.76420450650862,0.76420450650862,0.76420450650862,0.76420450650862,30,40,50,36,28,60,49,29,68,446.553669843547,423.7616231196,438.171311731383,618.557142857143,236.455714285714,436.38,127.249309804498,164.704508914151,151.350584413539,465322.971428572,419040.681428572,448008.625714286,0,55.3978503137684,0,67.7793095694028,0,94.8465559367256,0,33.048452918038,0,51.6681060705732,0,128.009171157967,0,51.2057197410851,0,35.810317046196,0,120.982628114733,1
1248718,303,950,118,-581,435,636,-213,952,213,333,1009,168,-554,472,696,-184,990,271,323,980,138,-572,453,666,-194,971,233,317.9,981.69,140.3,-570.02,453.71,667.5,-194.04,975.15,238.1,317.643418400108,981.56378948917,139.441547368655,-569.950118698859,453.542716562351,667.258132489635,-193.756383490084,975.088809046462,237.497208087159,318.027357313801,981.752927166505,140.725974858944,570.054927178075,453.793929003022,667.620401126269,194.182851972052,975.180583276759,238.404572103808,81.8080808080808,124.801919191919,120.919191919192,40.2218181818181,76.9352525252526,162.373737373737,56.0185858585858,60.25,146.59595959596,9.04478196575688,11.1714779323024,10.9963262919573,6.34206734289523,8.77127428172512,12.742595393943,7.48455649043989,7.76208734813001,12.107681842366,2.21924320257031,3.04116327296956,2.49786032699342,2.60928894276573,2.89626445580066,2.72847437047858,2.60142841075288,3.16905420818452,2.91181884992243,-0.21705253935309,-0.223797747253926,0.0395748318432087,0.0142044230307358,0.218976427677615,-0.19466616044677,-0.258558580870431,-0.0311172890758333,0.311225275022936,323,980,138,-572,453,666,-194,971,233,317.888888888889,981.888888888889,140.444444444444,-570,453.633333333333,667.888888888889,-193.766666666667,975.211111111111,237.744444444444,0.76420450650862,0.76420450650862,0.76420450650862,0.76420450650862,0.76420450650862,0.76420450650862,0.76420450650862,0.76420450650862,0.76420450650862,30,59,50,27,37,60,29,38,58,446.344523188687,423.510873668476,438.203530952817,617.095714285714,236.224285714286,436.804285714286,125.836673282275,171.437917710099,150.177440171564,464907.432857143,418546.521428572,448080.381428572,0,60.527469249186,0,107.445888757404,0,90.2052604631396,0,31.1521452873344,0,60.5011086253231,0,126.667897303061,0,39.6776415114608,0,40.8788354683779,0,105.101950636128,1
1250281,292,960,118,-581,435,646,-213,961,203,333,1009,168,-554,472,696,-174,990,271,313,980,143,-572,453,666,-194,971,242,315.96,982.89,141.3,-568.58,452.32,670.1,-191.83,973.33,239.61,315.681401685408,982.782178232885,140.417370507429,-568.520575082282,452.167401510949,669.869644821477,-191.47892921279,973.275027827868,238.965262500181,316.097453327293,982.943950589249,141.731436174195,568.609602451453,452.396330665933,670.215040117722,192.001588535095,973.357503695328,239.925967748387,87.7559595959596,107.129191919192,123.343434343434,34.0036363636364,69.7551515151515,155.747474747475,66.5263636363636,54.0819191919192,153.048383838384,9.36781509189627,10.3503232760717,11.1060089295585,5.83126370211778,8.35195495169553,12.4798828018325,8.15636951323097,7.35404101103055,12.371272523002,3.20359953898651,2.80305581134786,2.61383074814351,3.01192565962126,2.99974419819493,2.66567886413661,3.09457445357821,2.78218220979159,3.20657337382366,-0.380169983985849,0.0917666954243577,-0.144384331758317,0.340931176632928,0.063553810637854,-0.0289654240411322,0.441156647103387,0.10038644088415,-0.261413172363024,313,980,148,-572,453,666,-194,971,242,316.222222222222,983,141.444444444444,-568.6,452.3,670,-192.088888888889,973.088888888889,239.855555555556,0.76420450650862,0.76420450650862,0.76420450650862,0.76420450650862,0.76420450650862,0.76420450650862,0.76420450650862,0.76420450650862,0.76420450650862,41,49,50,27,37,50,39,29,68,446.637789566677,423.631963511127,437.435308997998,617.207142857143,237.36,437.618571428571,128.331723847675,164.908786046055,154.73144255801,465507.518571429,418786.08,446508.818571428,0,66.3041816587903,0,77.8634720079727,0,82.5490754489441,0,24.4717097122775,0,59.5989620681803,0,128.12730548471,0,58.6187004477871,0,49.7503435740376,0,104.219138014874,1
1251843,282,970,118,-581,435,636,-213,952,213,343,1009,168,-554,472,707,-174,990,271,313,980,138,-572,453,671,-194,971,233,316.46,984.59,141.4,-568.22,452.83,670.91,-191.91,973.36,237.34,316.097833968894,984.512644856349,140.689684537303,-568.156827132779,452.692737309288,670.695760028492,-191.59108450657,973.307202502461,236.754664992765,316.638279429383,984.628767607366,141.754717734543,568.251616803683,452.898344002272,671.017086220612,192.068399274842,973.386398096871,237.635687555552,114.008484848485,77.1130303030303,101.454545454545,36.2945454545455,62.5263636363636,145.153434343434,61.4362626262626,51.909494949495,141.86303030303,10.6774755840735,8.78140252482656,10.0724647159742,6.02449545228025,7.9073613573912,12.047963908621,7.83812877071196,7.20482442183673,11.910626780444,3.42480469127107,2.68775334325801,2.62875795722239,2.71803288285615,2.37358773944102,3.17302937880873,2.71378092874856,3.43883789570591,2.983095928453,-0.374224396067806,0.278787838678453,0.115445224002872,-0.111774405693661,-0.213451902626384,0.0256062319366856,0.0837107084116608,0.0164811748311143,0.312634394278843,313,980,138,-572,453,676,-194,971,233,316.777777777778,984.444444444444,141.333333333333,-568.1,453.1,670.888888888889,-192.066666666667,973.222222222222,237.111111111111,0.76420450650862,0.76420450650862,0.76420450650862,0.76420450650862,0.76420450650862,0.76420450650862,0.76420450650862,0.76420450650862,0.76420450650862,61,39,50,27,37,71,39,38,58,447.397589265762,423.875970161888,437.223173605452,618.192857142857,238.08,436.624285714286,139.87236262328,149.744381869855,145.947633414273,467077.718571429,419267.46,446075.172857143,0,86.9221164702238,0,60.9224141366094,0,79.8892535530214,0,31.2563906352393,0,52.6274079533913,0,104.964242796547,0,54.4727645689645,0,41.4147261866012,0,104.405581498092,1
1253406,292,960,118,-581,435,646,-203,952,203,343,1009,168,-554,462,696,-174,990,262,313,980,143,-572,453,676,-194,971,242,315.65,983.38,144,-569.93,450.3,670.7,-193.26,974.59,238.17,315.329910622717,983.272882559154,143.039577329795,-569.859211608606,450.193679575129,670.513631805951,-192.963717197339,974.529816848334,237.617543360138,315.808407107854,983.433586979822,144.471450466866,569.965323506615,450.35306149731,670.793112665895,193.404550101594,974.62004391455,238.440663478359,101.037878787879,106.460202020202,137.373737373737,40.6718181818182,48.2727272727273,126.171717171717,56.4569696969696,59.1534343434343,130.304141414142,10.0517599845937,10.3179553216808,11.7206543065538,6.37744605479483,6.94785774701291,11.2326184468145,7.5137853108117,7.69112698786298,11.4150839424921,3.21592951868505,3.03404471448197,2.81920415224914,2.82861586944774,2.59379488652686,2.86745409220457,2.94762421837204,3.64100154249424,3.09443083307225,-0.246776447717205,0.0743557738128014,-0.0529627983528336,0.156453139705359,-0.0926768518846593,-0.0107834095324109,0.551750659135789,-0.17915890779653,-0.311788572165519,313,980,138,-572,453,676,-194,971,233,315.888888888889,983.444444444444,144.111111111111,-570,450.5,670.666666666667,-193.677777777778,974.688888888889,238.466666666667,0.76420450650862,0.76420450650862,0.76420450650862,0.76420450650862,0.76420450650862,0.76420450650862,0.76420450650862,0.76420450650862,0.76420450650862,51,49,50,27,27,50,29,38,59,446.96206341254,423.736486982428,437.916193797148,618.441428571429,236.172857142857,436.928571428571,168.035540825895,127.908234038983,134.24754733941,466177.958571429,418989.321428572,447490.071428571,0,77.9355388666633,0,80.2003014030851,0,121.542245988244,0,29.5874116794399,0,43.0808626010043,0,77.3323368075925,0,49.0655455493019,0,47.5713302458569,0,78.5302084659134,1
1254968,292,950,118,-581,435,636,-213,961,213,353,1000,178,-554,462,696,-174,990,271,323,980,138,-572,453,666,-194,971,242,317.69,981.9,140.8,-569.48,452.19,670.6,-194.66,972.92,241.48,317.346780916264,981.8125164579,139.84510781028,-569.394292550601,452.074194771844,670.403922572944,-194.422609460791,972.853350752516,240.771437676104,317.862155658707,981.943481061919,141.27561714606,569.522782687401,452.24748755521,670.697547334117,194.777103377168,972.95334934415,241.838334430255,110.519090909091,86.2525252525254,135.515151515152,49.2218181818181,52.519090909091,132.161616161616,46.0650505050504,65.549090909091,174.93898989899,10.51280604354,9.28722376453402,11.6410975219329,7.01582626508226,7.24700565123907,11.4961565821633,6.78712387577024,8.09623930656024,13.2264503892386,3.07958373292289,3.27954478367894,3.10370443856319,2.57467321186058,2.7691615537793,3.78633584689145,4.15895925392099,2.41155098444131,2.62677848428788,0.170186002195796,-0.612857643218648,0.135850702329713,0.112948855890183,-0.41992161811676,-0.242498843782975,0.26958431599789,0.103211645594442,0.307518399487983,323,990,148,-572,453,666,-194,971,233,317.555555555556,982.222222222222,140.777777777778,-569.7,452.6,670.777777777778,-194.788888888889,972.633333333333,241.188888888889,0.76420450650862,0.76420450650862,0.76420450650862,0.76420450650862,0.76420450650862,0.76420450650862,0.76420450650862,0.76420450650862,0.76420450650862,61,50,60,27,27,60,39,29,58,446.442596781395,423.967745678916,437.687557147901,617.31,237.132857142857,437.031428571429,154.987218528396,134.33355758938,177.92217314024,465089.207142857,419451.081428571,447026.622857143,0,75.6110517218681,0,71.6974878305906,0,103.121237964651,0,44.0755241159124,0,44.2455308126481,0,100.238824552399,0,39.8039089568969,0,52.859698457783,0,148.57554118719,1
1256531,292,960,108,-590,425,636,-223,933,203,333,1000,168,-554,472,696,-165,1009,291,313,980,138,-572,453,666,-198.5,971,242,315.99,982.9,140.1,-571.19,453.04,667.8,-196.11,971.9,247.62,315.770419943009,982.811695511811,139.012841021849,-571.099402230368,452.865943043105,667.558631912729,-195.523758551703,971.808620793384,246.608036278178,316.099905093311,982.944047237685,140.62929993426,571.235511851285,453.126671031402,667.920354533383,196.390402005801,971.945584896603,248.132303418962,70.1716161616162,87.4646464646465,150.090909090909,52.5190909090909,79.3317171717172,162.383838383838,111.169595959596,89.5050505050505,256.54101010101,8.37685001427244,9.35225355006196,12.2511594998559,7.24700565123906,8.90683541847031,12.7429917360029,10.5436993488811,9.46071088793282,16.0168976428336,2.99428268691138,2.72579144619226,2.92540742390274,2.84488316434591,3.25758601780678,2.80162862878064,3.41463527036683,6.63930865649376,3.51689505762477,0.0993297408746183,-0.232977275980252,-0.107867666948421,-0.396751436870945,-0.16089239186801,-0.104958321103398,0.6949159201895,-0.179803301365195,0.366716041191457,313,980,148,-572,453,666,-203,971,242,315.888888888889,983,140.222222222222,-570.9,453.1,667.888888888889,-196.388888888889,971.911111111111,247.244444444444,0.76420450650862,0.76420450650862,0.76420450650862,0.76420450650862,0.76420450650862,0.76420450650862,0.76420450650862,0.76420450650862,0.76420450650862,41,40,60,36,47,60,58,76,88,446.578215463577,423.759503825838,438.052895705571,616.71,235.564285714286,438.604285714286,152.626211919251,178.513892890638,266.398828677887,465374.892857143,419036.31,447778.735714286,0,58.3734476200106,0,58.0697174786079,0,137.318735091377,0,41.2680024486563,0,74.7093918506701,0,149.71261765601,0,76.0892583534926,0,80.9249865833479,0,191.277874723534,1
1258093,292,960,108,-581,435,646,-203,952,223,333,1000,168,-554,472,696,-155,990,281,313,980,138,-572,453,676,-174,980,247,314.47,983.3,138.8,-571.01,451.12,672,-178.38,975.41,248.12,314.146327272501,983.193900728041,137.795201993976,-570.942171410089,451.02870009562,671.797345472168,-178.037329288943,975.343078074615,247.305993706749,314.632245645611,983.352937657686,139.293933823408,571.043894985315,451.165867503294,672.101182858653,178.551785205301,975.443360733979,248.529716533054,103.100101010101,105.161616161616,138.747474747475,39.1009090909092,41.8036363636363,137.373737373737,61.9349494949495,65.7392929292929,205.54101010101,10.1538219902705,10.2548337949289,11.779111797902,6.25307197231162,6.46557316590233,11.7206543065538,7.86987607875432,8.107977116969,14.3367015070068,2.49468162570844,2.5440168096147,2.55974565218351,2.49721415373047,3.08141527925011,2.42993079584775,3.54988350843668,3.38009010308078,2.48874839011206,0.134667589269002,-0.185098233758572,-0.0435911359738438,0.0331806012920321,0.365231844611478,-0.0529627983528336,-0.181754566635805,-0.341289247427078,0.21270051163637,313,980,138,-572,453,666,-174,980,242,314.444444444444,983.555555555556,138.888888888889,-571,450.9,672,-178.266666666667,975.6,247.911111111111,0.76420450650862,0.76420450650862,0.76420450650862,0.76420450650862,0.76420450650862,0.76420450650862,0.76420450650862,0.76420450650862,0.76420450650862,41,40,60,27,37,50,48,38,58,446.47389108798,424.542297145099,438.121365126134,615.672857142857,236.618571428571,447.921428571429,148.822371397963,138.164710434567,211.135060571214,465162.535714286,420583.615714285,447916.075714286,0,85.4745438202046,0,85.2534452943849,0,88.5499505666953,0,32.6551981158609,0,34.6292171053233,0,116.812403382244,0,49.3173441483147,0,50.5045201386956,0,187.360188065636,1
1259656,282,960,108,-590,425,626,-213,952,223,333,1000,168,-563,472,696,-174,990,271,313,980,148,-572,453,676,-184,971,252,315.24,981.9,143.1,-571.73,452.05,670.4,-186.64,973.76,248.75,314.816569691934,981.804637283469,142.249756409008,-571.660858683414,451.869176387857,670.136639561163,-186.242763704878,973.690733339087,248.117178437015,315.447459967583,981.947554607679,143.501219507013,571.764645636646,452.140343256383,670.53023794606,186.841590659039,973.7945984652,249.063505957818,132.16404040404,94.3333333333334,116.151515151515,40.0172727272728,82.5126262626262,176.404040404041,76.0509090909091,68.0630303030303,157.643939393939,11.4962620187625,9.71253485622231,10.7773612332294,6.32592070194314,9.08364608858283,13.2817182775438,8.7207172348901,8.25003213951499,12.5556337710981,3.16114541451482,2.45433150523623,3.76495718147611,2.5760665308886,3.11351770661069,3.42759326482549,3.23386868700137,3.48563838687687,2.59045407074966,-0.472225489974082,-0.253939313952366,-0.536866822885411,-0.216473684165135,0.0097206299520156,-0.507143195720452,-0.424678348649047,-0.0963458289927946,-0.0892770076357944,313,990,148,-572,453,676,-184,971,242,315.766666666667,982,143.555555555556,-571.6,452,670.777777777778,-186.211111111111,973.866666666667,248.944444444444,0.76420450650862,0.76420450650862,0.76420450650862,0.76420450650862,0.76420450650862,0.76420450650862,0.76420450650862,0.76420450650862,0.76420450650862,51,40,60,27,47,70,39,38,48,446.258347148752,424.45313544294,438.138664017634,617.245714285714,236.022857142857,443.944285714286,153.220695724614,194.707177618835,158.727381430023,464708.871428572,420409.928571428,447950.712857143,0,120.919337765873,0,83.0307135505946,0,99.5604091302945,0,33.5585016084391,0,79.915743007839,0,133.826081315355,0,68.3554352447457,0,48.1061519139402,0,113.055989855317,1
1261218,292,960,118,-581,435,636,-203,952,203,343,1009,168,-554,462,696,-174,990,281,313,980,148,-572,453,666,-184,971,252,316.17,981.49,144.2,-569.03,451.65,669.1,-188.05,972.54,250.96,315.850025033867,981.392094387804,143.250466924172,-568.967249896158,451.558375524034,668.923846224005,-187.801945847321,972.453391699243,250.252768857423,316.329970126133,981.539000753409,144.669278010226,569.061393875916,451.695505844369,669.187716563895,188.173988638175,972.583220089674,251.298826101516,102.203131313131,97.1615151515152,136.929292929293,36.09,41.5227272727273,118.575757575758,47.1186868686869,84.9175757575756,171.897373737374,10.1095564350337,9.85705408078475,11.7016790645314,6.00749531835024,6.44381310038763,10.889249633274,6.86430527210779,9.21507329094976,13.1109638752219,2.94693716423131,2.69411810517002,2.66396881724071,2.6715037286732,3.2848406901405,3.19335614789052,2.68209032488876,2.57462035733475,3.98011074911723,0.0668941040725922,0.117249969598781,0.0128338319463839,-0.0772328739926231,-0.437713205138408,-0.213477433067798,-0.061999046023474,-0.189031871847245,-0.650110945650608,313,980,148,-572,453,666,-184,971,252,316.222222222222,981.333333333333,144.111111111111,-568.9,451.9,669.444444444444,-188,972.611111111111,251.511111111111,0.76420450650862,0.76420450650862,0.76420450650862,0.76420450650862,0.76420450650862,0.76420450650862,0.76420450650862,0.76420450650862,0.76420450650862,51,49,50,27,27,60,29,38,78,446.27679081844,423.309770076116,437.980152886816,617.94,236.451428571429,443.764285714286,147.112306739021,118.583321059573,172.488326689812,464748.282857142,418145.1,447633.715714285,0,71.7652705591138,0,64.5363689600913,0,104.513133493859,0,29.5447119684269,0,37.2630560485048,0,84.2948600561212,0,35.9503414190308,0,55.6235767958736,0,109.268021525277,1
1262781,303,950,118,-581,435,646,-203,952,213,333,1009,178,-563,462,696,-174,990,281,318,980,143,-572,453,666,-184,971,242,318.3,979.89,143.4,-569.39,449.31,669.6,-188.23,974.83,243.99,318.089953305289,979.74835228205,142.481501466972,-569.338060033465,449.248203037219,669.463964912486,-187.986043684913,974.774868044362,243.348137135023,318.405087899047,979.960616555584,143.855483037665,569.416025415513,449.340817197815,669.667977433594,188.353152349516,974.857502407403,244.315226705173,67.5858585858586,139.795858585859,132.161616161616,29.9372727272727,27.9736363636364,91.959595959596,46.8455555555555,54.1627272727273,160.41404040404,8.22106188918795,11.8235298699609,11.4961565821633,5.47149638830848,5.28901090598577,9.58955660912412,6.84438131284015,7.35953308795655,12.6654664503144,2.4668938422583,3.16950178342855,3.10779572502901,2.38605366887654,2.6554732893733,2.85887429307421,2.75765540896749,3.33091579985345,3.11160131082681,0.0680669616912693,-0.215236614293717,0.0821372224478476,-0.238203568085516,-0.202794661479187,-0.0113830877608551,-0.335361256674619,-0.288192673337718,0.375359564814487,313,980,138,-572,453,666,-184,971,242,318.333333333333,980.111111111111,143.444444444444,-569.1,449.3,669.555555555556,-188.2,974.855555555556,243.866666666667,0.76420450650862,0.76420450650862,0.76420450650862,0.76420450650862,0.76420450650862,0.76420450650862,0.76420450650862,0.76420450650862,0.76420450650862,30,59,60,18,27,50,29,38,68,445.853425464709,423.080046862369,438.204413912786,617.824285714286,235.508571428571,441.681428571429,143.489246889131,92.0858137079555,163.645481362145,463885.29,417684.420000001,448077.424285714,0,51.2398507026044,0,122.294869719433,0,106.056353943698,0,23.7510769438417,0,22.613209210802,0,63.6437302015925,0,35.1521714191536,0,44.1172495469306,0,136.022402993964,1
1264343,292,960,118,-590,435,636,-213,952,213,343,1000,178,-554,462,696,-174,990,271,323,980,138,-572,453,676,-194,980,242,318.18,980.6,142.8,-569.3,450.93,672.3,-189.81,974.79,241.83,317.913237457811,980.510574104531,141.784532216067,-569.233174993941,450.825643818281,672.095779905602,-189.528840601418,974.734812625,241.165290798923,318.311953906855,980.644685908204,143.313642058249,569.33343481654,450.98182890223,672.402111834875,189.950967357368,974.817475222926,242.160050379909,84.8359595959596,88.5252525252525,148.444444444444,38.4545454545455,47.2172727272727,138.69696969697,54.0746464646464,54.1069696969697,161.354646464646,9.21064382092585,9.40878592195893,12.1837779216647,6.20117290958295,6.87148257127039,11.7769677632644,7.35354652291303,7.355743993436,12.7025448814262,3.37413169090873,2.53902827654146,2.79277679608863,3.6853779990946,2.99889966626373,2.98041710549181,3.15548293922335,3.22175763838,2.70831519427177,-0.298010218411098,-0.0462768902856027,0.299280481222987,-0.0931053137220821,-0.409743364481113,0.0402699917687023,-0.161839871430897,-0.555537966244572,-0.0297170326276695,323,980,138,-572,453,676,-194,980,242,318.333333333333,980.555555555556,142.444444444444,-569.2,451.2,672.111111111111,-189.844444444444,974.922222222222,241.888888888889,0.76420450650862,0.76420450650862,0.76420450650862,0.76420450650862,0.76420450650862,0.76420450650862,0.76420450650862,0.76420450650862,0.76420450650862,51,40,60,36,27,60,39,38,58,446.093496161706,424.169419602242,438.09592769638,617.82,237.398571428571,440.061428571429,150.53231827202,138.786930107167,164.471220936226,464367.985714286,419849.901428572,447853.701428571,0,63.7339504368986,0,75.6695262729339,0,105.638292573531,0,24.7900135554416,0,37.9095444752836,0,107.476027672489,0,40.7272743580471,0,32.856542591809,0,123.575075968055,1
1265906,292,960,118,-590,435,626,-203,952,213,343,1000,168,-554,462,707,-165,990,271,313,980,148,-572,453,676,-184,971,242,314.86,981.8,144,-569.93,451.2,671.61,-187.21,972.58,243.93,314.500311869329,981.719696272078,143.193348650741,-569.83643646027,451.095977064937,671.413197912453,-186.856724185475,972.516494783907,243.437193883364,315.039680040467,981.840109182753,144.402216049478,569.97669250593,451.252058167051,671.70777128153,187.387272780197,972.611618273193,244.172009042806,114.323636363636,79.5555555555555,117.171717171717,53.7627272727273,47.4545454545455,132.664545454546,67.0766666666666,62.1248484848484,119.318282828283,10.6922231721769,8.91939210683977,10.8245885451465,7.33230709072713,6.8887259674446,11.5180096134074,8.19003459496153,7.88193177367379,10.9232908424285,2.57682133842415,2.51011475225053,2.90606420927467,2.96298474958602,2.22354340071343,4.92407229314,2.85891709548929,3.46287912046179,3.00326672675106,0.0345312346105113,-0.101772602384126,0.124864106705259,0.120967273457616,0.0815005445336259,-0.304128978238422,-0.175083975945305,-0.504815612840149,-0.303154016180249,313,980,148,-572,453,676,-184,971,242,314.888888888889,981.666666666667,143.777777777778,-570.1,451.2,671.666666666667,-187.166666666667,972.877777777778,244.1,0.76420450650862,0.76420450650862,0.76420450650862,0.76420450650862,0.76420450650862,0.76420450650862,0.76420450650862,0.76420450650862,0.76420450650862,51,40,50,36,27,81,38,38,58,446.216054830318,424.180080399212,437.194156271711,617.425714285714,236.948571428571,441.128571428571,122.201806437981,134.5038352856,123.48933430258,464619.428571429,419868.505714286,446017.422857143,0,96.9261683211495,0,60.6778948806508,0,82.7006842952241,0,38.814546603066,0,39.4270691558778,0,99.8992745203322,0,61.9594420007734,0,45.357568508513,0,90.744960169829,1
1267468,292,960,118,-581,435,646,-213,952,213,333,1009,178,-563,472,696,-165,1000,281,313,980,148,-572,453,666,-194,971,252,315.48,981.78,144.3,-569.93,451.66,669.5,-189.16,971.9,252.58,315.23274410012,981.68891890644,143.265214771543,-569.879305342878,451.553532027125,669.325231162934,-188.865803650306,971.828778262439,251.899680155307,315.603073495807,981.825656621378,144.802624285612,569.955375446184,451.713116922677,669.587186257324,189.304886360601,971.935666595274,252.911842348278,78.4541414141415,90.5571717171716,146.777777777778,29.2172727272727,48.469090909091,117.929292929293,55.3882828282829,70.0303030303031,169.43797979798,8.85743424554433,9.51615319954296,12.1151878969242,5.40530042895607,6.9619746415145,10.8595254467814,7.44233047024135,8.36841102183103,13.0168344768603,2.91144383380323,3.17244702100748,3.06104776879404,2.51049043835416,3.2505887849918,2.64928996877422,3.93088772980389,3.48706395010461,2.88785798778893,-0.0998310011793905,0.286737677260135,-0.152090030727369,-0.133864264625425,-0.105287266338032,-0.109988595900396,0.262442005640368,0.205587041726609,-0.370435909420556,313,980,148,-572,453,666,-194,971,252,315.444444444444,981.444444444444,144.444444444444,-569.7,451.8,669.777777777778,-189.222222222222,971.7,252.977777777778,0.76420450650862,0.76420450650862,0.76420450650862,0.76420450650862,0.76420450650862,0.76420450650862,0.76420450650862,0.76420450650862,0.76420450650862,41,49,60,18,37,50,48,48,68,446.306590881265,423.64982123606,437.978459521758,617.811428571429,236.241428571429,443.708571428571,157.747792082716,118.202204434644,173.119613279972,464809.165714285,418817.515714286,447625.577142857,0,64.0384243231975,0,62.4180456301521,0,103.517895022405,0,21.3657794622201,0,41.2091316859656,0,103.709077898515,0,45.7702525926729,0,56.8043802996793,0,120.461600938289,1
1269031,292,950,108,-581,435,646,-194,952,223,343,1009,168,-554,472,696,-155,990,291,313,980,143,-572,453,676,-184,971,252,315.66,981.69,141.3,-570.83,450.4,672.5,-183.42,971.65,254.33,315.330383232961,981.592717073157,140.202879538218,-570.75129127831,450.293930571886,672.311590274176,-183.081085828296,971.605626431935,253.651048209482,315.824001621156,981.7386668559,141.816078072975,570.869240719799,450.453149617138,672.594231316326,183.585347999234,971.672151499671,254.665250868665,104.610505050505,96.5190909090908,147.585858585858,45.2536363636363,48.3636363636364,128.030303030303,61.2965656565657,43.4823232323233,172.364747474747,10.2279277006882,9.82441300582843,12.1484920292956,6.72708230688731,6.95439690869283,11.3150476371204,7.82921232670092,6.59411277067076,13.1287755512366,2.94104197698647,3.49626935485235,2.98286535804227,2.69920967145585,3.14438351517892,2.42296604927465,3.43535425582815,3.18305622757692,2.99616761179493,-0.0813187060776032,0.0798720500298382,-0.516627763125596,0.223885438896749,0.177116447409071,0.0446743494593702,0.458398021842532,-0.219401868210339,-0.128304391308943,313,980,148,-572,453,676,-184,971,252,315.777777777778,981.555555555556,141.777777777778,-571,450.4,672.222222222222,-183.666666666667,971.766666666667,254.477777777778,0.76420450650862,0.76420450650862,0.76420450650862,0.76420450650862,0.76420450650862,0.76420450650862,0.76420450650862,0.76420450650862,0.76420450650862,51,59,60,27,37,50,39,38,68,446.121938682219,424.503088209606,437.613925469499,616.564285714286,236.601428571429,446.811428571429,151.070361231336,128.900957152211,176.145550667207,464428.89,420506.884285714,446873.46,0,83.6229351333533,0,64.6330358585733,0,122.003342257794,0,32.9317927946992,0,41.0035387864364,0,92.1797479135927,0,49.575073597239,0,31.0718645457476,0,135.823680176795,1
1270593,282,960,118,-600,425,626,-233,952,223,343,1009,178,-554,481,707,-165,990,300,313,980,148,-572,453,676,-194,971,252,315.65,982.09,145.1,-571.38,451.74,671.12,-188.59,972.25,253.34,315.247223028432,981.979881758176,144.089925462469,-571.248813708153,451.370962541637,670.743469435402,-187.935463465287,972.172678416347,252.515765103086,315.84988523031,982.145004569081,145.611125948535,571.446060446653,451.924971649056,671.306532070112,188.919797797902,972.288593988431,253.764615342644,127.502525252525,109.133232323232,150.090909090909,76.2581818181818,168.840808080808,252.934949494949,125.759494949495,75.8055555555556,217.499393939394,11.2917016101438,10.4466852313656,12.2511594998559,8.73259307526589,12.9938757913414,15.9039287440226,11.2142540968847,8.70663859107265,14.7478606563594,3.24184175220608,2.64824974831568,3.13302563444926,3.40206120881071,2.59487124517515,3.15172591289709,4.25600061030739,2.58569344559632,3.20759664834313,-0.12020223184368,-0.0736067783832293,0.335190419049537,-0.504628717446689,0.138041056450243,-0.336160913283423,-0.314279490467907,-0.177856964638386,0.638889012091516,313,980,138,-572,453,676,-194,971,252,315.888888888889,982.222222222222,144.888888888889,-571.1,451.688888888889,671.555555555556,-188.455555555556,972.188888888889,252.722222222222,0.76420450650862,0.76420450650862,0.76420450650862,0.76420450650862,0.76420450650862,0.76420450650862,0.76420450650862,0.76420450650862,0.76420450650862,61,49,60,46,56,81,68,38,77,446.51082695387,424.559077307453,438.178124157182,618.36,236.348571428571,444.428571428571,169.780666173316,345.810057360138,251.648098575699,465245.382857143,420616.817142857,448042.405714286,0,99.2368579454775,0,77.2113253683607,0,124.992618295698,0,62.7134168806958,0,187.272929106963,0,245.572942151492,0,121.78410787435,0,62.8304646804849,0,199.016551490629,1
1272156,292,960,118,-590,435,626,-213,952,223,333,1000,168,-554,472,707,-174,990,271,313,980,138,-572,453,666,-184,971,252,314.36,984.6,142.9,-572.36,453.78,667.12,-188.75,972.69,249.02,314.047693585255,984.480949156154,141.912086522966,-572.277915992825,453.619666064811,666.782428697228,-188.292180801121,972.614558414262,248.453740757404,314.515500412937,984.659331951919,143.385494384892,572.400925925177,453.860308905725,667.288887963826,188.978702503748,972.72760318601,249.301263534704,98.7781818181819,118.020202020202,140.39393939394,47.3236363636364,73.6278787878787,227.64202020202,87.260101010101,73.8928282828281,141.575353535354,9.93872133718327,10.8637103247556,11.8487948498545,6.8792177145106,8.58066890095864,15.0878103183338,9.34131152516075,8.59609378048123,11.8985441771401,2.60190666231557,2.5603797407973,2.87274600934896,3.55334791067647,2.60932638965038,3.37114349597226,2.31023297827573,3.2982964498547,2.26696219553582,-0.0743922746804291,-0.27691283240273,-0.0310031254609932,0.203397082403167,0.128741883584325,0.0856538610952653,-0.0572358615333353,-0.333117863135597,-0.0659839836411141,313,980,138,-572,453,676,-184,971,252,314.444444444444,985.111111111111,142.888888888889,-572.5,453.611111111111,667,-188.666666666667,972.877777777778,249.022222222222,0.76420450650862,0.76420450650862,0.76420450650862,0.76420450650862,0.76420450650862,0.76420450650862,0.76420450650862,0.76420450650862,0.76420450650862,41,40,50,36,37,81,39,38,48,447.222220515082,424.014467096983,437.893171589593,617.94,235.088571428571,442.697142857143,146.179561862332,271.981790516768,150.461442755535,466728.6,419531.340000001,447455.597142857,0,75.4362379735537,0,91.3499019797773,0,103.654980775334,0,44.8757768075951,0,73.0959664269764,0,211.827273814949,0,74.3585925500749,0,59.874866602263,0,111.909635084833,1
1273718,292,960,118,-590,435,636,-203,961,223,333,1029,188,-554,472,696,-174,990,281,313,980,148,-572,453,666,-184,971,242,315.37,983.95,144.4,-572.36,452.66,665.9,-187.06,973.59,247.62,315.071521944665,983.840175838603,143.487657863308,-572.26940925141,452.537121291573,665.630205532592,-186.735968171794,973.535828998529,247.087963808415,315.518382982672,984.005411570485,144.859932348459,572.405171185586,452.721525885395,666.034383496828,187.220511696769,973.61706538043,247.89013695587,94.5586868686869,110.14898989899,134.383838383838,52.2327272727273,56.2670707070708,180.79797979798,60.6832323232323,53.2342424242424,135.207676767677,9.72412910592444,10.4951888929638,11.5924043400771,7.22722126911355,7.50113796080773,13.4461139292355,7.78994430809568,7.29617998847633,11.6278835893587,2.64218986009593,5.94899759605395,4.04669635796467,3.06544556880924,2.62477134597741,2.38904192226139,2.26580742810883,2.63324455354309,2.75163795154494,-0.128878949377816,0.902936255540448,0.341140574430491,0.189522765993243,0.116025425399589,-0.157142397376047,0.162771660407832,-0.085672141643243,0.416174067357665,313,980,138,-572,453,676,-184,971,242,315.444444444444,983.333333333333,144.333333333333,-572.5,452.6,666,-187,973.488888888889,247.244444444444,0.76420450650862,0.76420450650862,0.76420450650862,0.76420450650862,0.76420450650862,0.76420450650862,0.76420450650862,0.76420450650862,0.76420450650862,41,69,70,36,37,60,29,29,58,447.176885267897,423.421295054888,437.977387886628,618.737142857143,234.085714285714,443.207142857143,145.441513614189,186.683859165096,142.729177439264,466629.814285714,418374.111428571,447613.384285714,0,77.1113221523551,0,75.147536500435,0,103.362744882304,0,41.876988837337,0,40.1063229864621,0,149.233108255002,0,47.9003548313299,0,39.6950002701306,0,107.425089869529,1
1275281,292,960,118,-590,435,636,-203,952,213,343,1000,178,-563,472,696,-165,990,271,318,980,143,-572,453,666,-184,971,242,317.48,980.8,143.5,-572.9,452.66,667.5,-184.73,974.65,241.45,317.170185288119,980.700683217755,142.635555227339,-572.836417796603,452.558543887465,667.312754301148,-184.34028412539,974.576288735533,240.830984784848,317.633908769199,980.849631696928,143.934012658579,572.931810951356,452.710790682087,667.593439152902,184.920766816494,974.686724029829,241.758950196265,98.7369696969698,98.3434343434344,126.010101010101,36.8181818181818,46.448888888889,126.010101010101,71.2293939393939,72.3106060606061,150.795454545455,9.93664780984864,9.91682581996046,11.2254220860554,6.06779876216918,6.81534216961181,11.2254220860554,8.43975082211518,8.50356431507436,12.2798800704834,2.79482057328684,2.52507310499233,2.98326914349742,2.68296296296296,3.47615302399972,2.83367938281372,2.46620888795857,3.26896881625391,2.71113332245103,-0.14371382372056,-0.0355754484372508,0.21907601937666,-0.0795046392000032,0.122898945096762,-0.0823553586354521,0.389405036917991,-0.390723492975618,0.063452848683176,323,980,138,-572,453,666,-184,971,242,317.555555555556,980.888888888889,143.333333333333,-572.9,452.6,667.666666666667,-185.111111111111,974.855555555556,241.355555555556,0.76420450650862,0.76420450650862,0.76420450650862,0.76420450650862,0.76420450650862,0.76420450650862,0.76420450650862,0.76420450650862,0.76420450650862,51,40,60,27,37,60,38,38,58,446.122603541785,424.003734456426,437.600175829006,617.905714285714,234.54,442.015714285714,128.878161405983,126.406154388884,152.64401035413,464431.842857143,419519.537142857,446853.124285715,0,70.4677359197662,0,64.0589588215131,0,90.7068990574152,0,32.2196672418067,0,38.9559071955533,0,97.5722989468875,0,58.8124492489153,0,56.6361169439002,0,120.132415948328,1
1276843,292,960,118,-590,435,636,-203,961,213,343,1009,168,-563,472,696,-174,990,281,323,980,148,-572,453,666,-184,971,252,317.79,982.19,143.1,-572.45,453.41,667.7,-185.88,973.85,249.16,317.470572204175,982.089471769922,142.195722553223,-572.364329751339,453.285641479069,667.524893795246,-185.628780761637,973.777356425184,248.565337952856,317.94960292474,982.240199747496,143.549991292232,572.492978122876,453.47259013087,667.786942070598,186.005537551977,973.886312666936,249.45268088357,102.490808080808,99.61,130.292929292929,49.7045454545454,57.3352525252525,117.282828282828,47.1571717171717,71.4419191919191,147.408484848485,10.1237743989486,9.98048095033501,11.4145928220383,7.05014506620576,7.57200452490967,10.8297196770197,6.86710795875321,8.45233217472664,12.1411895977489,2.67060680410995,2.73813182865828,2.75024548154064,2.52842554488645,3.1319942878188,3.55971438142405,2.64933057247343,2.28846097923246,3.53819693815793,0.0385715469071025,-0.106717900590674,0.0981591665279599,-0.293031000823247,0.433965304423799,-0.38930547366084,-0.0540099977668693,-0.0158355759209123,-0.18405241664646,323,990,148,-572,453,666,-184,980,242,317.666666666667,982.222222222222,142.888888888889,-572.2,453,668,-185.888888888889,973.666666666667,249.288888888889,0.76420450650862,0.76420450650862,0.76420450650862,0.76420450650862,0.76420450650862,0.76420450650862,0.76420450650862,0.76420450650862,0.76420450650862,51,49,50,27,37,60,29,29,68,446.702456252242,424.101332398767,438.152414881231,618.462857142857,235.14,444.484285714286,133.326403135845,120.051337241721,154.079952001323,465640.44,419710.714285714,447976.821428572,0,76.164642446964,0,51.6164338372247,0,94.0335427120112,0,35.4303205361426,0,42.3805294627067,0,91.6739490753883,0,41.7540721246356,0,59.4825591977356,0,112.737827924629,1
1278406,292,960,108,-590,435,646,-203,961,203,333,1009,168,-554,472,696,-165,990,262,313,980,148,-572,453,666,-184,980,242,316.68,980.49,144.8,-570.47,451.86,671.2,-184.08,976.79,238.95,316.362561492347,980.385705127898,143.690584478416,-570.387896170482,451.737503331571,670.989723013262,-183.741099297843,976.749523672991,238.356785014251,316.838286827839,980.542100065061,145.329969380028,570.511253175606,451.921630374117,671.304997746926,184.25010176388,976.810211863082,239.24140527927,101.290505050505,103.201919191919,155.313131313131,47.5445454545454,56.2630303030303,142.383838383838,63.2864646464647,39.8847474747475,140.75505050505,10.0643184096344,10.1588345390561,12.4624689092142,6.89525528566893,7.50086863656672,11.9324699196704,7.95527904265242,6.31543723543727,11.8640233692053,2.43954130859201,3.07085939065511,2.71792628429673,2.95687224494659,3.08497228118755,2.33797111681726,3.02826350492816,3.25103392656481,3.69924836373434,-0.0319874478719479,-0.0643128019533038,-0.352002282568564,-0.43179700625478,0.413168070880069,-0.0475534386707306,-0.185798212135804,-0.186137694954535,-0.205082709020706,313,980,138,-572,453,666,-184,980,242,316.777777777778,980.444444444444,145.111111111111,-570.2,451.6,671.333333333333,-183.888888888889,976.822222222222,239.111111111111,0.76420450650862,0.76420450650862,0.76420450650862,0.76420450650862,0.76420450650862,0.76420450650862,0.76420450650862,0.76420450650862,0.76420450650862,41,49,60,36,37,50,38,29,59,445.97916986075,424.323763829713,438.172545737532,617.987142857143,236.824285714286,442.14,163.819991025567,144.168733866696,146.021279769292,464130.047142857,420157.135714286,448004.031428572,0,69.5392143113523,0,82.3561410550813,0,117.484297581658,0,38.8032946638255,0,49.595189152977,0,117.140226442983,0,50.8835066947234,0,31.9557368157333,0,109.505242460716,1
1279968,292,960,118,-590,435,646,-203,952,213,343,1009,178,-554,472,696,-165,990,262,323,980,148,-572,453,676,-184,980,242,318.78,980.58,145.8,-569.57,450.76,672.3,-185.61,975.89,238.27,318.447243712035,980.477637947119,144.890848560142,-569.505110361755,450.675289062261,672.112717996463,-185.301287540377,975.83661819454,237.658671362386,318.945293114666,980.631235480494,146.242264752704,569.602501750124,450.802462282539,672.393188543727,185.761433026342,975.916651154185,238.576507644822,106.476363636364,101.498585858586,130.464646464647,37.3990909090909,38.669090909091,126.575757575758,56.8059595959596,52.5433333333333,147.633434343434,10.3187384711681,10.0746506569005,11.4221121717766,6.11547961398702,6.21844762855578,11.2505892101595,7.5369728403358,7.24867804039697,12.1504499646488,2.84593145423282,3.48963919716801,3.49430615873623,3.58704556002355,3.67640900099825,2.46884091350984,2.80992449077161,3.56463220314971,2.48850601928586,-0.135048287127956,0.13178629139497,-0.134135841728952,-0.193935105863322,0.222816432083362,-0.262632277425032,0.389796494682628,-0.180831588509601,0.141633792685737,323,980,148,-572,453,676,-184,980,242,318.888888888889,980.444444444444,145.888888888889,-569.4,450.6,672.555555555556,-185.888888888889,976.033333333333,238.133333333333,0.76420450650862,0.76420450650862,0.76420450650862,0.76420450650862,0.76420450650862,0.76420450650862,0.76420450650862,0.76420450650862,0.76420450650862,51,49,60,36,37,50,38,38,49,446.34560574671,424.199267440922,437.85376262366,619.354285714286,237.21,440.807142857143,145.446197008468,126.820481166076,151.207859582967,464893.079999999,419906.772857143,447359.73,0,99.7174027682735,0,86.9897292131906,0,101.59185680024,0,32.5354006257955,0,32.9773913775566,0,110.763590599125,0,46.0391040346966,0,35.3982309625855,0,110.486650977608,1
1281531,292,950,118,-581,435,646,-203,961,203,343,1009,168,-554,462,696,-165,990,271,313,980,148,-572,453,676,-184,980,233,317.47,981.99,144.7,-569.48,449.58,672.4,-185.9,976.88,237.04,317.079883165998,981.851925629549,143.748815748775,-569.431334730977,449.46558512095,672.198148683796,-185.491886255241,976.828043504861,236.242191272422,317.665626091335,982.058964624833,145.16955603707,569.504293223502,449.637253794656,672.500408921809,186.099650725089,976.90592177548,237.433611773902,125.504141414141,136.818080808081,137.484848484848,27.9490909090909,52.0036363636363,136.404040404041,75.0202020202019,51.1571717171717,188.644848484848,11.2028630900382,11.6969261264693,11.7253933189829,5.28668997663858,7.21135468297298,11.6792140319475,8.6614203234921,7.15242418465038,13.7348042754474,2.86085332114039,2.73377396989348,2.49041200469477,2.8993632389801,2.44670506522778,2.66270692482199,2.81533210217075,3.05433764698176,2.81579079986401,0.156447569166338,-0.065101574649159,-0.0167348521464566,0.155789954408896,0.0778640917501013,-0.264400548441692,0.375274669431898,-0.282184645272625,-0.110088357352035,313,980,148,-572,444,676,-184,980,233,317.333333333333,982.222222222222,144.555555555556,-569.3,449.7,672.555555555556,-186.111111111111,977.033333333333,237.111111111111,0.76420450650862,0.76420450650862,0.76420450650862,0.76420450650862,0.76420450650862,0.76420450650862,0.76420450650862,0.76420450650862,0.76420450650862,51,59,50,27,27,50,38,29,68,446.685211769301,423.976505069888,438.169184045051,618.925714285714,236.785714285714,440.58,189.985406568916,137.305499384212,192.553266083032,465610.911428571,419470.971428572,448008.42,0,109.600725762033,0,114.664970743278,0,110.086369985274,0,20.0348262641766,0,42.0550112335386,0,99.3437228043886,0,65.1119781705384,0,43.1028335369651,0,164.678003641889,1
1283093,292,960,108,-581,435,646,-194,952,213,333,1009,168,-554,462,707,-174,990,262,313,980,148,-572,453,666,-184,971,242,314.99,982.79,146.8,-568.58,450.84,672.01,-185.2,974.04,239.75,314.734889762513,982.684818615281,145.773303368226,-568.497915128171,450.749544748513,671.834423733405,-185.012868172719,973.978952358162,239.207352955071,315.117676432154,982.842718851801,147.277968481372,568.620998557035,450.885129495307,672.098303821695,185.293281043863,974.070562125763,240.012812158018,81.2625252525254,104.672626262626,141.979797979798,47.0945454545455,41.1054545454546,119.888787878788,34.9090909090909,60.1397979797979,127.361111111111,9.01457293788926,10.2309640925294,11.9155275997246,6.86254657212215,6.41135356578114,10.9493738578417,5.90839156700797,7.75498536296478,11.2854380114868,2.46379965900044,2.33900309562421,3.99960544843958,2.6453766586614,2.77482859345206,3.00400756415706,2.78703703703703,3.24085400495031,2.85699646543889,0.0820740363435163,0.25104650277611,-0.595430546643516,0.0662792173735781,-0.124818160517269,0.396073639649098,0.0302406141084284,0.177959151347448,-0.586210630606734,313,980,148,-572,453,666,-184,971,242,314.777777777778,982.555555555556,147.222222222222,-568.7,450.9,671.777777777778,-185.333333333333,973.977777777778,240.333333333333,0.76420450650862,0.76420450650862,0.76420450650862,0.76420450650862,0.76420450650862,0.76420450650862,0.76420450650862,0.76420450650862,0.76420450650862,41,49,60,27,27,61,20,38,49,446.802727868279,423.889724725083,437.201997356398,619.105714285714,237.544285714286,440.824285714286,157.284567171703,121.733063599909,132.109346808392,465844.182857143,419290.015714286,446037.09,0,58.6841651896579,0,71.929050965827,0,127.107220839864,0,36.1497362528895,0,34.0108656614753,0,70.3283502706658,0,31.2687843248925,0,56.5827423932097,0,111.695512264441,1
1284656,292,960,118,-581,435,646,-203,961,213,333,1000,168,-554,462,696,-174,990,271,313,980,148,-572,453,676,-184,971,242,315.77,982.3,144.4,-567.68,449.67,673,-185.45,975.33,239.35,315.452366915181,982.222845579773,143.501163027321,-567.612860109277,449.552039618575,672.819425308139,-185.102032822843,975.28398767423,238.873793876158,315.927602466135,982.338536350886,144.839221207517,567.713501689012,449.728818289422,673.089889984986,185.625025252524,975.35302839536,239.593635140836,100.562727272727,76.4747474747476,128.323232323232,38.4218181818182,53.4354545454545,122.222222222222,65.6035353535353,45.3748484848485,117.866161616162,10.0280968918697,8.74498413233252,11.3279844775332,6.19853355091494,7.30995585112896,11.0554159678513,8.09960093791882,6.73608554613497,10.8566183324349,2.48774329228566,3.18614351654074,2.66770457270841,2.79165566258137,2.54297876344943,2.38351205518749,2.36346470142904,3.03661309154512,3.82258951639117,-0.18764869674953,-0.0980108176983293,-0.140591458351811,0.165268035741773,-0.140973808366732,-0.243425995492111,-0.205153405531032,0.156180615680175,0.633428733685726,323,980,148,-572,453,676,-184,971,233,315.888888888889,982.333333333333,144.444444444444,-567.7,449.8,673.222222222222,-185.111111111111,975.311111111111,238.811111111111,0.76420450650862,0.76420450650862,0.76420450650862,0.76420450650862,0.76420450650862,0.76420450650862,0.76420450650862,0.76420450650862,0.76420450650862,41,40,50,27,27,50,29,29,58,446.560627659953,423.727540539817,437.715328714612,618.201428571429,237.852857142857,441.098571428571,131.840786380472,123.427732690196,120.492575953504,465333.278571428,418973.412857143,447075.124285714,0,87.4834472586005,0,66.8765550049451,0,107.533451382484,0,27.1721846943733,0,43.9634511494102,0,87.2339398364626,0,49.2282959346534,0,32.9849283360526,0,102.050607516308,1
1286218,292,960,118,-581,435,646,-194,952,213,333,1009,168,-554,472,696,-174,1000,271,313,980,148,-572,453,676,-184,971,242,315.19,982.59,143.5,-569.21,450.13,672.8,-183.3,974.19,238.65,314.956294862063,982.483300433471,142.577463911279,-569.150782127361,450.0364648778,672.64527640853,-183.03591109749,974.109837349552,237.962864348949,315.306755398612,982.643277084823,143.947907244253,569.239448738402,450.177042950882,672.877106164268,183.432276331075,974.229988247128,238.997635971572,74.3574747474747,105.759494949495,130.050505050505,33.8645454545455,42.7809090909091,104.808080808081,49,78.7009090909091,167.724747474748,8.62307803208777,10.2839435504817,11.4039688288992,5.81932517174848,6.54071166547717,10.2375817851718,7,8.8713532840773,12.9508589473729,2.63654226624593,2.839319933251,2.78907719860496,3.35269165757854,3.29896213790372,3.23919203856357,2.05987518974532,3.62405332497393,2.43719342038369,0.0209678445312198,-0.109224450738746,-0.205866072634872,0.508038793069869,0.44098873291196,-0.180841270060646,-0.0953449603344189,-0.230768117256649,0.30463584428578,313,980,148,-572,453,676,-184,971,242,315,982.777777777778,143.777777777778,-569.3,449.9,673,-183.222222222222,974.333333333333,238.344444444444,0.76420450650862,0.76420450650862,0.76420450650862,0.76420450650862,0.76420450650862,0.76420450650862,0.76420450650862,0.76420450650862,0.76420450650862,41,49,50,27,37,50,20,48,58,446.544702707177,424.131012883056,437.017702252412,617.691428571429,237.308571428571,441.231428571429,139.335785506243,104.809432657877,173.442143944216,465311.64,419767.079999999,445667.717142857,0,65.2190629921796,0,83.3752028014404,0,110.168281472879,0,25.3916082763349,0,31.8538905201519,0,86.4264237579448,0,38.94430197684,0,67.892854839566,0,140.532006020887,1
1287781,292,960,118,-609,425,636,-203,952,213,343,1009,178,-554,500,696,-165,990,281,313,980,148,-572,453,676,-194,971,242,315.45,983.59,144.5,-572.47,450.86,672.2,-189.87,974,240.6,315.126845464158,983.498173316779,143.470551726929,-572.355430886231,450.710476504772,672.014609143713,-189.472968191926,973.93896232224,239.914501340278,315.610123411782,983.636014997418,145.013792447477,572.528226378403,450.937024428024,672.291900888297,190.06396291775,974.03050260246,240.94949678304,102.068181818182,91.4362626262627,150.252525252525,67.3425252525252,70.1620202020202,124.808080808081,74.4374747474747,60.020202020202,170,10.1028798774499,9.56223104857139,12.2577536788975,8.20624915856966,8.376277228102,11.1717537033395,8.62771549991507,7.74727061746277,13.0384048104053,3.15468869478062,2.67901103683533,3.01643386766471,6.65794004500992,14.1297425376838,3.38681665882583,2.73000914822064,3.06884988638631,3.76149431824801,-0.207191247035674,0.246966899977129,0.162468193736712,-1.21445680432282,1.81625561124869,-0.478021012385316,0.424155336572424,-0.0488608604802859,0.50944502448614,313,980,148,-572,453,676,-194,971,233,315.666666666667,983.444444444444,144.222222222222,-571.9,450.5,672.666666666667,-190.122222222222,973.933333333333,240.2,0.76420450650862,0.76420450650862,0.76420450650862,0.76420450650862,0.76420450650862,0.76420450650862,0.76420450650862,0.76420450650862,0.76420450650862,51,49,60,55,75,60,38,38,68,447.051064082857,424.919264659161,437.657101447171,618.66,235.967142857143,439.17,153.657545943473,141.886643816481,180.036062538855,466362.24,421332.501428572,446964.167142857,0,78.4824572510735,0,65.0329554525943,0,142.988418449889,0,61.1206725650426,0,54.0898064330636,0,105.135440651491,0,53.4402379705535,0,37.3507848422706,0,143.807551489949,1
1289343,151,950,79,-627,388,585,-203,961,223,404,1049,247,-572,462,717,-174,990,281,252,1000,153,-600,425,666,-194,971,252,259.46,997.1,150.72,-596.15,423.58,664.78,-190.28,971.93,249,254.536560318653,996.883981842376,145.523959271091,-596.014427072012,423.264965652673,663.700712992239,-189.936973277425,971.881292529811,248.373093218811,261.996603031413,997.207952234638,153.147641183271,596.218089292836,423.73911785437,665.290192322117,190.447788120524,971.954386789833,249.31437985002,1336.08929292929,217.464646464646,745.132929292929,82.0075757575757,136.185454545455,685.446060606061,64.5268686868687,47.8839393939394,158.242424242424,36.5525552175124,14.7466825579398,27.2971230955375,9.05580342971156,11.6698523789058,26.1810248196296,8.03286179931341,6.9198222082608,12.5794445124745,8.75920000204468,4.68289943339779,6.67417814596056,4.02344645570319,4.2997540048059,4.8235189943508,2.62132105518286,3.01961161032267,2.77013751687307,1.17832107800721,0.0218468500087944,0.535865556782414,-0.342803876169958,0.462662929988229,-1.29861057640605,0.446791021479324,0.207314244207692,0.158321717110846,252,990,158,-600,425,666,-194,971,252,257.833333333333,997.055555555556,150.222222222222,-595.877777777778,423.277777777778,666.666666666667,-190.477777777778,971.755555555556,248.888888888889,0.76420450650862,0.76420450650862,0.76420450650862,0.76420450650862,0.76420450650862,0.76420450650862,0.76420450650862,0.76420450650862,0.76420450650862,253,99,168,55,74,132,29,29,58,446.695078767174,423.696500592049,437.706273770079,603.12,210.947142857143,441.707142857143,1400.99217566887,721.059661041569,166.0702974651,465651.479999999,418989.381428571,447052.864285715,0,1460.76159284028,0,211.338487815456,0,806.776630504291,0,77.6461529908605,0,116.94534663823,0,739.699378475404,0,58.8279914321753,0,40.26720600126,0,127.821335722922,1
1290906,232,970,128,-600,398,646,-203,952,213,292,1019,188,-581,435,696,-174,990,281,262,1000,158,-590,416,676,-194,971,252,258.7,997.19,158.8,-589.35,417.28,674.6,-190.79,973.14,249.57,258.334317470012,997.107567901758,157.939438652349,-589.289336669146,417.177272449688,674.430025658274,-190.520788709642,973.084242681803,248.921731920049,258.881826322359,997.231071517529,159.225626078216,589.380394991215,417.331331198605,674.684518867893,190.922575930664,973.167847804273,249.887394640066,95.060606060606,82.7413131313132,136.727272727272,36.189393939394,43.2743434343434,115.191919191919,51.1170707070707,54.7478787878788,160.126363636363,9.74990287441911,9.09622521331311,11.6930437751371,6.01576212456859,6.57832375566476,10.7327498429768,7.14962031908483,7.39918095385421,12.6541046161458,4.10276469924929,2.89200113536438,2.6796271146656,2.55043109115508,3.26323065729658,3.20924605580005,2.7933941237047,3.06742545562473,3.15063230757431,-0.0245069900029307,-0.368084632472945,-0.00341368733986691,-0.223307962868597,-0.000958927600246167,-0.310625247364442,0.331664539042418,-0.128880350886938,-0.293562778216328,262,1000,158,-590,416,676,-194,971,252,258.777777777778,997.488888888889,158.888888888889,-589.222222222222,417.3,674.666666666667,-191.044444444444,973.088888888889,249.855555555556,0.76420450650862,0.76420450650862,0.76420450650862,0.76420450650862,0.76420450650862,0.76420450650862,0.76420450650862,0.76420450650862,0.76420450650862,60,49,60,19,37,50,29,38,68,446.776732636056,423.542739828473,438.294604451979,606.295714285714,215.37,442.251428571429,139.879656803468,117.422591383206,163.062276040094,465789.604285714,418600.238571428,448264.628571428,0,70.0173382996577,0,69.8695300349521,0,107.66601242021,0,29.3238099199606,0,35.1691647382521,0,83.0774872509774,0,43.7985394642672,0,44.5032636141242,0,104.833178785293,1
1292468,232,970,138,-609,398,636,-203,961,213,282,1029,188,-572,435,707,-174,990,281,262,1000,168,-590,416,676,-184,971,242,258.9,997.18,163.4,-589.84,417.09,674.84,-186.73,973.64,244.12,258.537294729781,997.069091566294,162.655967562193,-589.761895932712,416.990706757375,674.586864368615,-186.411934966104,973.595478541775,243.587633608628,259.080296433364,997.235488738743,163.769350001763,589.879055400342,417.139509037444,674.966754736854,186.890101396516,973.662282313534,244.386087983748,94.3333333333335,111.785454545454,122.060606060606,46.539797979798,41.7190909090909,172.822626262626,60.4213131313131,43.8286868686869,131.298585858586,9.71253485622232,10.5728640654013,11.048104184004,6.82200835383525,6.45903173154389,13.1462019710115,7.77311476380692,6.62032377370525,11.4585595019001,2.79004617693394,3.37992134925433,2.17315566933485,3.1469431841916,2.99691568948803,3.48088022723515,2.62491012796913,3.16981195836543,3.68018288872975,-0.0794254256561699,0.0866285296487483,-0.0113463143241145,-0.0351079291522826,-0.145431164877284,0.12896052465394,-0.237512615726086,0.159500776840283,0.126036270030079,262,1000,168,-590,416,676,-184,971,242,259,997.033333333333,163.333333333333,-589.866666666667,417.2,674.555555555556,-186.533333333333,973.544444444444,244,0.76420450650862,0.76420450650862,0.76420450650862,0.76420450650862,0.76420450650862,0.76420450650862,0.76420450650862,0.76420450650862,0.76420450650862,50,59,50,37,37,71,29,29,68,447.098997155221,423.708067698199,437.609806041429,608.348571428571,215.181428571429,441.87,144.622503994197,173.182114779421,133.239807788086,466466.408571429,418946.91,446858.875714286,0,60.5864848085179,0,80.8493024828728,0,77.8442151472404,0,30.8113015930458,0,29.7309293893887,0,132.038257280279,0,45.5668423690695,0,32.3521257909568,0,110.592651050825,1
1294031,242,970,128,-600,398,646,-203,961,213,282,1019,188,-572,444,707,-165,1000,300,262,995,158,-590,416,676,-184,971,252,259,996.46,162,-589.18,418.68,674.51,-185.7,973.79,248.72,258.709493812472,996.371877017695,160.969087140021,-589.108228375828,418.495019833509,674.335826325484,-185.36872519618,973.713761544197,247.938461272789,259.144747197392,996.504009023546,162.505384526175,589.215851789478,418.77242029532,674.597013038155,185.862960269119,973.828213803646,249.111220140724,75.7575757575758,88.5943434343433,165.656565656566,42.6743434343434,78.1793939393939,118.575656565657,61.1616161616162,75.1776767676768,196.728888888889,8.70388279778489,9.41245682244244,12.8707639888456,6.53256025110702,8.84191121530826,10.8892449952077,7.82058924644532,8.67050614253152,14.0260075890785,3.0672,2.83585532107439,2.68709101725164,2.8837628336331,2.76623844715768,3.35134554625019,2.73622629338413,2.85731593678077,3.79301890987307,-0.027712812921102,-0.107028845774836,-0.0914187874469889,0.0623431763663298,0.00604257466958468,-0.0110460100547338,0.305028166091405,0.297827216006547,0.180645851162453,262,990,168,-590,425,676,-184,971,252,259,996.788888888889,162,-589.233333333333,418.522222222222,674.444444444444,-185.888888888889,973.488888888889,248.7,0.76420450650862,0.76420450650862,0.76420450650862,0.76420450650862,0.76420450650862,0.76420450650862,0.76420450650862,0.76420450650862,0.76420450650862,40,49,60,28,46,61,38,39,87,446.721909783094,423.734916369946,438.077900310313,607.482857142857,216.004285714286,444.347142857143,171.772315461157,133.081235486714,198.639308254755,465678.96,418982.91,447832.641428571,0,64.5292029691433,0,66.6006042400462,0,141.926067652199,0,33.6850429395827,0,71.9394797496051,0,80.4339562523626,0,50.157609888955,0,56.0253360293018,0,141.131264866727,1
1295593,232,980,138,-609,407,626,-203,952,223,282,1019,188,-572,435,696,-174,990,281,252,1000,158,-590,416,666,-184,971,252,257.6,996.05,160.9,-588.99,419.43,670.8,-185.26,972.98,248.94,257.189068827948,995.972594270542,160.037708145056,-588.916365708293,419.344702312801,670.514162482736,-184.960952821602,972.921238602269,248.30769382016,257.806904484733,996.088725967722,161.323897795708,589.026934868008,419.472418640368,670.942322409311,185.410679304079,973.009403860004,249.254568664247,107.717171717172,77.9267676767676,137.969696969697,43.949393939394,35.9445454545455,192.888888888889,56.4165656565656,57.7975757575757,158.299393939394,10.3786883428096,8.82761392884666,11.7460502710357,6.62943390791356,5.99537700687334,13.8884444373331,7.51109616877361,7.6024716873906,12.5817087050763,2.62394443322007,2.75661338919622,2.74390241608112,3.05440266856363,2.55199364538916,3.18542538316313,2.69840681076114,3.21303233152798,2.45083131584709,0.247750820824134,0.0852663828280394,-0.0894051560225194,-0.310157667794599,-0.355640978232121,-0.151739208330317,-0.266494753404544,0.120447287419201,-0.0147057328365313,252,1000,168,-590,416,666,-184,971,252,257.444444444444,996,160.888888888889,-588.822222222222,419.7,671.111111111111,-185,972.8,248.933333333333,0.76420450650862,0.76420450650862,0.76420450650862,0.76420450650862,0.76420450650862,0.76420450650862,0.76420450650862,0.76420450650862,0.76420450650862,50,39,50,37,28,70,29,38,58,446.335153236699,422.74083469747,437.728494903748,606.235714285714,214.817142857143,444.282857142857,139.524076054906,194.379042022822,159.454901373412,464863.95,417031.474285714,447108.111428572,0,73.9585275123264,0,65.5582601143562,0,100.645341234509,0,30.0184185900759,0,23.0984073067352,0,151.919612705846,0,49.048818033479,0,52.1069339333936,0,108.318017890378,1
1297156,232,970,138,-609,407,656,-203,961,223,282,1009,188,-572,435,707,-174,990,281,262,1000,158,-590,416,676,-184,971,252,258.8,997,161.1,-589.98,419.81,674.63,-187.75,970.69,250.75,258.386866101504,996.928368440697,160.362382888398,-589.873730404124,419.663237516088,674.435888400294,-187.460723029123,970.642160925382,250.249029891454,259.004247069426,997.035706481969,161.463927860064,590.033219403789,419.883852987942,674.727789556648,187.893719958917,970.713958898295,251.00037848577,106.828282828283,71.9191919191919,118.575757575758,63.4339393939393,62.6403030303029,133.28595959596,54.5328282828283,46.9837373737373,126.896464646465,10.3357768371943,8.48051837561784,10.889249633274,7.96454263557797,7.91456271883058,11.5449538585461,7.38463460726584,6.85446842386317,11.2648330944788,2.54161965206525,2.86217018053276,2.59598649448226,2.76505498079025,2.58194541633527,3.16507099301282,2.51153882587002,2.9230357485481,2.5674712968757,-0.213248507254309,-0.343549801938523,-0.0719548159587863,-0.145335277394917,0.374493256748052,0.480702979571833,0.0936366617056756,0.24896050067382,0.0710941910429649,262,1000,158,-590,416,666,-184,971,252,258.888888888889,997.388888888889,161.333333333333,-589.922222222222,419.677777777778,674.111111111111,-187.666666666667,970.488888888889,250.611111111111,0.76420450650862,0.76420450650862,0.76420450650862,0.76420450650862,0.76420450650862,0.76420450650862,0.76420450650862,0.76420450650862,0.76420450650862,50,39,50,37,28,51,29,29,58,446.859389258078,424.180427913831,437.173336499083,607.242857142857,216.197142857143,443.01,125.352173904209,136.111291223371,134.686928796831,465957.428571428,419871.102857143,445967.498571429,0,79.1066249619465,0,64.8498288387667,0,89.6766643189456,0,48.9807270314921,0,56.4704406103991,0,109.523714942992,0,45.3510717543582,0,38.1983758235347,0,96.8913238923864,1
1298718,232,970,128,-609,398,646,-203,952,213,282,1019,188,-572,435,707,-165,990,291,262,1000,158,-590,416,676,-194,971,252,259.1,996.86,160.1,-588.94,419.04,674.41,-189.04,970.69,255.67,258.707972234156,996.75918606888,159.375595953707,-588.850103820094,418.879245512513,674.223064717293,-188.723622419902,970.616287287332,255.048996902956,259.294041582139,996.910246712311,160.457471000885,588.985059233254,419.120006680664,674.50346922755,189.194608802682,970.726877138982,255.974822980699,101.606060606061,101.192323232323,115.747474747475,53.6125252525253,67.7357575757576,127.355454545455,59.0690909090909,72.3170707070706,157.536464646465,10.0799831649691,10.0594395088555,10.7586000365974,7.32205744668295,8.23017360544464,11.2851873952298,7.68564186708507,8.50394442050691,12.5513531002225,3.10089704267043,2.78853596393806,3.07629285378322,2.60619312299314,2.74553854267687,2.96638541474652,3.10406023321237,2.99726530227456,3.88746147354687,-0.168980320500992,-0.296977504548465,-0.033569522990043,-0.222235112961198,-0.197596052379511,0.0376770315364403,0.471112769644592,0.0841926502331554,-0.217841689384949,262,1000,158,-590,425,676,-194,971,252,259.222222222222,997.122222222222,160.222222222222,-588.866666666667,419.022222222222,674.222222222222,-189.2,970.555555555556,255.855555555556,0.76420450650862,0.76420450650862,0.76420450650862,0.76420450650862,0.76420450650862,0.76420450650862,0.76420450650862,0.76420450650862,0.76420450650862,50,49,60,37,37,61,38,38,78,446.766651749462,423.706305242999,437.804776507491,606.882857142857,216.218571428571,444.565714285714,129.85803645014,128.578769178169,159.754462015326,465775.731428572,418937.104285714,447269.305714286,0,72.4750285525281,0,81.9484852837632,0,78.7668432115884,0,50.3535136467229,0,48.8206487280626,0,101.566108945564,0,42.5257725546831,0,53.5680048056448,0,107.558420130926,1
1300281,242,970,128,-600,407,646,-213,952,213,292,1019,188,-572,444,707,-174,990,281,262,1000,158,-590,416,676,-189,971,252,259.1,996.55,161.9,-589.1,420.01,675.51,-188.55,972.84,253.41,258.745926127715,996.444865115325,160.977327143739,-589.018307547099,419.909271024872,675.324254711171,-188.245711580215,972.776322367906,252.42232312306,259.278614621415,996.602553679249,162.349622728234,589.1407132426,420.060769413189,675.602790106731,188.701483830944,972.871769556502,253.883812008564,93.5252525252526,105.805555555556,147.262626262626,48.4545454545455,43.0807070707071,126.636262626263,57.7247474747476,62.4387878787879,242.789797979798,9.67084549174748,10.286182749473,12.1351813444475,6.96092992742676,6.56358949590139,11.2532778614172,7.59768040093472,7.9018218075826,15.5817135764908,3.55028601088118,2.44361798448601,3.04717329640614,3.0021831968933,4.08016041236296,3.22058433445993,3.17464037705143,2.95307674863316,3.20348882237446,0.33663727088177,-0.00806841179660636,-0.167618395026928,0.251057937607688,0.563273898246956,-0.0125938321622041,0.0139110705028109,-0.251863156938812,-0.524550150070097,262,990,158,-590,416,676,-194,971,252,258.888888888889,996.555555555556,162,-589.344444444444,419.8,675.555555555556,-188.444444444444,972.855555555556,254.011111111111,0.76420450650862,0.76420450650862,0.76420450650862,0.76420450650862,0.76420450650862,0.76420450650862,0.76420450650862,0.76420450650862,0.76420450650862,50,49,60,28,37,61,39,38,68,446.76542296141,424.242642487203,438.418379065787,607.521428571429,217.037142857143,444.728571428571,150.948927170454,129.575619676228,245.980634394869,465771.192857143,419990.125714286,448519.165714286,0,73.1232945427379,0,60.6460889038713,0,90.283336046283,0,28.8748794258688,0,33.8159447244505,0,100.498806445003,0,44.4772809429871,0,59.7559368509025,0,219.378880185369,1
1301843,242,980,128,-609,398,646,-223,952,223,282,1019,188,-572,453,717,-174,1000,291,262,1000,168,-590,416,676,-194,971,252,260.4,996.35,163.2,-590.18,421.91,673.11,-189.47,971.83,253.63,260.131011067856,996.269557283947,162.318421658469,-590.067501723604,421.658122423396,672.862284595103,-189.05954727096,971.755498569824,253.016062923915,260.533299215283,996.390259888163,163.619069793224,590.236240839208,422.036432076663,673.234379692541,189.677331276038,971.86736234941,253.938043624818,70.1414141414142,81.0378787878788,138.343434343434,67.0581818181818,107.779696969697,169.149393939394,79.4031313131315,73.3546464646465,157.932424242424,8.37504711278773,9.0021041311395,11.7619485776564,8.18890602084196,10.3817001001617,13.0057446514759,8.91084346810847,8.56473271413921,12.5671167831935,2.84995965087387,2.90934398957726,3.09615878024281,2.72237014204908,3.03374552022545,3.26456804212962,3.7959492770862,3.55597183692286,3.60814145129061,-0.211859314168732,0.125756656827354,-0.534790193551679,-0.0165734626018986,0.21473546423123,0.265439851621125,-0.348121231832921,0.365075665664989,0.210291715468975,262,1000,168,-590,416,676,-194,971,252,260.666666666667,996.222222222222,163.666666666667,-590.244444444444,421.911111111111,672.888888888889,-189.355555555556,971.511111111111,253.477777777778,0.76420450650862,0.76420450650862,0.76420450650862,0.76420450650862,0.76420450650862,0.76420450650862,0.76420450650862,0.76420450650862,0.76420450650862,40,39,60,37,55,71,49,48,68,446.899375431539,424.191271391004,438.09014326282,608.55,216.36,443.995714285714,143.489634328712,203.608871295383,161.337195012522,466046.721428571,419887.757142857,447852.081428571,0,48.4720319170902,0,66.5714531469099,0,106.343025519417,0,68.9235162619858,0,105.114869467805,0,158.175638507147,0,59.0995413833031,0,65.4013175050233,0,122.12199533912,1
1303406,232,970,138,-609,398,636,-203,952,223,282,1019,188,-572,444,707,-174,980,281,262,1000,158,-590,425,676,-184,971,262,258.7,998.25,161.8,-590.19,421.4,670.61,-188.72,970.57,255.81,258.242637290541,998.164659405447,160.873539479359,-590.123339028089,421.278313007937,670.332718397398,-188.429707365681,970.514484220908,255.30081901032,258.928175369155,998.29246716581,162.261517310791,590.223372969929,421.46086413806,670.74833581605,188.86460758967,970.597666389117,256.058333197731,119.30303030303,85.6439393939394,151.070707070707,39.7918181818181,51.8181818181818,187.432222222222,55.1531313131313,54.2475757575757,128.397878787879,10.9225926548155,9.25440108240071,12.2910824206295,6.30807563222082,7.19848468902878,13.6905888194125,7.42651542199512,7.3652953611906,11.331278779903,2.63291449163544,3.51311552810794,2.26247233482456,3.41367297899636,3.98265175609589,2.68277230724457,2.55316700091424,2.58954289066893,2.81645776111156,0.0274431100062819,-0.492691475543148,0.0656869205428418,-0.14797983499439,0.0750507821640887,-0.0692449654810523,0.023775682365412,-0.423991695449113,-0.475115293782598,252,1000,158,-590,425,676,-184,971,262,258.666666666667,998.666666666667,161.888888888889,-590.155555555556,421.444444444444,670.555555555556,-188.744444444444,970.877777777778,256.233333333333,0.76420450650862,0.76420450650862,0.76420450650862,0.76420450650862,0.76420450650862,0.76420450650862,0.76420450650862,0.76420450650862,0.76420450650862,50,49,50,37,46,71,29,28,58,447.416600609261,423.354093656571,437.736959559263,608.035714285714,215.065714285714,444.711428571429,153.277347505695,190.558444068443,129.371344412272,467125.907142857,418241.237142857,447126.66,0,96.9955984149003,0,53.1269212933151,0,104.747768019798,0,28.8731986454943,0,37.5423734150721,0,149.711590342007,0,43.6469974420185,0,39.5277050732326,0,112.193245249241,1
1304968,232,970,128,-609,398,646,-213,952,223,282,1019,188,-572,444,696,-174,990,281,262,1000,158,-590,416,676,-184,971,252,259.2,996.77,159.8,-591.26,421.2,672.3,-188.51,973.88,249.82,258.839226017856,996.650711129312,158.938410764925,-591.183656213699,421.027377103122,672.095009273817,-188.155278256389,973.817330162338,249.194368102536,259.377716853241,996.829388611712,160.221097237536,591.298080497476,421.286885625461,672.402111834875,188.68961285667,973.911289594694,250.130645863317,93.0909090909091,119.59303030303,136.121212121212,45.4872727272727,73.939393939394,138.69696969697,68.4342424242426,61.561212121212,156.876363636363,9.64836302648844,10.9358598337319,11.6670995590683,6.74442530741298,8.59880188976313,11.7769677632644,8.2724991643543,7.84609534234781,12.5250294864469,3.561279296875,3.0166628250045,2.76401515361765,3.30466911923895,3.10155961659052,2.57053139407111,3.31717400310878,2.89260677621814,2.32936068388999,-0.298285590277774,-0.369610932908307,-0.162068320199739,0.182143323588608,0.372697567565954,-0.1834729016586,-0.393650774461485,-0.163471644620722,-0.0607642354872464,262,1000,158,-590,416,676,-184,971,252,259.333333333333,997.022222222222,160,-591.444444444444,421.122222222222,672.444444444444,-188.288888888889,973.8,249.8,0.76420450650862,0.76420450650862,0.76420450650862,0.76420450650862,0.76420450650862,0.76420450650862,0.76420450650862,0.76420450650862,0.76420450650862,50,49,60,37,46,50,39,38,58,446.72492805251,424.084620398894,438.44502586804,606.758571428571,215.245714285714,443.652857142857,138.031402388704,158.279068200817,160.494434513626,465692.755714286,419674.568571428,448573.847142857,0,65.9415797825196,0,102.669406999967,0,114.062979893443,0,41.7030446784443,0,65.7961007959352,0,126.083763421264,0,62.3463492475969,0,49.6115845940111,0,118.497835571258,1
1306531,242,970,138,-600,407,646,-203,952,223,282,1019,188,-572,435,696,-165,990,281,262,1000,158,-590,425,671,-184,971,252,259.4,997.24,161.6,-589.47,422.15,670.5,-187.18,971.42,254.84,259.024073459938,997.129825282777,160.792891282577,-589.398429291522,422.027268125131,670.295839023197,-186.832913280827,971.360261557789,254.294495855518,259.58736486971,997.294971410164,162.00493819634,589.50580149817,422.211191230171,670.601968383631,187.349673071506,971.449823717108,255.107702745331,98.2222222222222,110.749898989899,132.363636363636,42.6354545454545,52.1893939393939,138.131313131313,64.1894949494949,58.5288888888889,137.893333333333,9.91071249821233,10.5237777907888,11.5049396505865,6.52958302998396,7.22422272216146,11.7529278535739,8.01183468061435,7.65041756304118,11.7427992119994,2.30139882137366,2.74578595990077,2.72763622214171,2.55621731471848,2.78548923661529,2.66972250166272,2.94065132730017,2.74648606751062,3.58241107008936,-0.0249789602988271,-0.179777036413178,0.185401780951369,-0.060867045538315,-0.132809736679054,-0.0295468243469482,0.436695456675399,-0.179025774262388,-0.275336616810233,262,1000,158,-590,425,676,-184,971,252,259.444444444444,997.322222222222,161.444444444444,-589.455555555556,422.277777777778,670.555555555556,-187.333333333333,971.5,255.044444444444,0.76420450650862,0.76420450650862,0.76420450650862,0.76420450650862,0.76420450650862,0.76420450650862,0.76420450650862,0.76420450650862,0.76420450650862,40,49,50,28,28,50,38,38,58,447.057295445749,423.269397121059,437.863841404658,607.817142857143,215.648571428571,445.32,141.375448337392,140.216871279397,140.838301945263,466383.625714285,418065.591428572,447383.399999999,0,74.7589824104832,0,80.1250266756715,0,114.526696681916,0,35.8765537715198,0,48.9393938879575,0,109.260608384771,0,54.0218301938606,0,42.4496290311044,0,108.137514436832,1
1308093,232,970,138,-609,398,656,-203,952,223,282,1019,188,-572,444,707,-174,990,281,262,1000,158,-590,416,676,-184,971,252,259.5,996.37,160.2,-588.78,418.41,675.31,-186.56,972.19,251.3,259.162545309937,996.265288909339,159.452758324197,-588.710713437436,418.251624529119,675.14026223433,-186.271150249328,972.130304963845,250.736635456889,259.66709456533,996.422214726267,160.583934439283,588.814690713471,418.489605605683,675.395239841087,186.70436524088,972.219795108081,251.581040621109,87.6262626262626,105.104141414141,124.40404040404,41.2642424242425,67.2948484848486,116.296868686869,54.4307070707071,58.5190909090909,142.757575757576,9.36089005523848,10.2520310872598,11.1536559209992,6.42372496486598,8.2033437380649,10.7841025907058,7.37771692806841,7.64977718035571,11.9481201767297,3.98246808793363,2.65324650361192,2.88065219017112,3.64093321700227,3.20347583832761,2.7267590340841,2.55116904842482,3.01647524922031,2.53010829902415,-0.153158457009818,-0.243788898927364,0.524214765908883,-0.157150776429871,0.316001389411482,0.304814704846817,-0.0600032432591635,-0.206865003742108,0.036803561708409,262,1000,158,-590,416,676,-184,971,252,259.555555555556,996.577777777778,159.666666666667,-588.688888888889,418.122222222222,675.111111111111,-186.444444444444,972.244444444444,251.333333333333,0.76420450650862,0.76420450650862,0.76420450650862,0.76420450650862,0.76420450650862,0.76420450650862,0.76420450650862,0.76420450650862,0.76420450650862,50,49,50,37,46,51,29,38,58,446.612452416313,423.815226040267,437.75242973907,606.887142857143,216.402857142857,444.398571428571,131.279753525456,123.481435140219,146.477527939973,465459.184285714,419140.722857143,447155.515714286,0,58.966873714502,0,65.5885907903734,0,69.4888108984576,0,30.5062380070299,0,59.4896857430945,0,95.0105845762108,0,42.2631901367806,0,45.7078447298103,0,111.2373402302,1
1309656,232,980,138,-600,407,656,-194,952,223,282,1009,188,-581,425,707,-165,990,281,262,1000,168,-590,416,676,-184,971,252,260.2,996.55,163.8,-587.84,418.97,676.51,-185.91,972.38,250.95,259.641426121033,996.4833312535,163.161707124496,-587.785938851675,418.899908631833,676.339863746009,-185.663965463934,972.316845183857,250.367308205826,260.478022105513,996.583237868268,164.118250051602,587.867110833733,419.004904505902,676.59524828364,186.03088453265,972.411589811639,251.242134205232,146.222222222222,66.9166666666666,105.414141414141,32.1963636363636,29.5445454545455,116.515050505051,45.4160606060606,62.0561616161617,148.189393939394,12.0922380981447,8.18026079453868,10.2671389108233,5.67418396215382,5.43548944020182,10.7942137511285,6.73914390750491,7.87757333295995,12.17330661486,2.21410708778796,2.50032482978377,2.49774559008745,2.68156785770414,2.34613727202514,2.61878405353014,2.84279524119608,2.82879081067504,2.84352270280617,-0.0301223283090387,-0.341103309936978,0.0647439240289585,-0.32654790622419,-0.292298166099628,0.162480290073173,0.408608045778503,0.0654332028580115,0.155116450408356,262,1000,158,-590,416,676,-184,971,252,260.111111111111,996.777777777778,163.777777777778,-587.544444444444,419.3,676.444444444444,-186.222222222222,972.133333333333,250.722222222222,0.76420450650862,0.76420450650862,0.76420450650862,0.76420450650862,0.76420450650862,0.76420450650862,0.76420450650862,0.76420450650862,0.76420450650862,50,29,50,19,18,51,29,38,58,447.007751122884,424.018669020118,437.739443411036,608.807142857143,217.56,444.608571428571,147.899410718569,117.406200269592,148.746674574035,466269.321428572,419543.134285714,447134.742857143,0,129.895544500106,0,50.8552050854722,0,78.7739373361498,0,20.5232922236122,0,24.2196888201869,0,80.3054446384562,0,27.9230071644057,0,48.02414911925,0,119.853704394696,1
1311218,232,970,118,-600,398,656,-213,942,223,292,1019,198,-572,444,707,-165,990,281,262,1000,158,-590,416,676,-184,971,252,258.3,996.8,161.8,-588.04,418.89,677.83,-186.97,971.21,254.35,257.935252513205,996.694231905769,160.768812146169,-587.975484361629,418.565305969306,677.617398459572,-186.334209249732,971.126989396265,253.729188434433,258.484428931415,996.852747400538,162.298490442764,588.072257465016,419.054041860951,677.936567829174,187.286812135825,971.251249677446,254.657436569208,96.2727272727273,106.222222222222,163.191919191919,38.3216161616162,138.846363636364,145.940505050505,119.766767676768,80.9352525252526,158.068181818182,9.81186665587784,10.3064165558269,12.7746592593274,6.19044555436975,11.7833086879859,12.0805838042085,10.9438004220092,8.9964021989489,12.5725169245534,3.84049170826922,2.97858019535447,3.61353241890575,3.00133843044127,2.49957993463446,2.6856841677906,2.0833128977062,3.90893518708944,3.2533579228444,0.406879699996551,-0.228763241442628,-0.183418916332485,-0.0225409308270508,0.417061689720501,0.175278432142851,-0.0188377285922895,-0.642719331764956,-0.0701707020188919,252,1000,168,-590,416,676,-194,971,252,258.111111111111,996.833333333333,162,-587.966666666667,418.655555555556,677.666666666667,-186.988888888889,971.577777777778,254.388888888889,0.76420450650862,0.76420450650862,0.76420450650862,0.76420450650862,0.76420450650862,0.76420450650862,0.76420450650862,0.76420450650862,0.76420450650862,60,49,80,28,46,51,48,48,58,446.778080334918,424.468971177701,437.7243514243,607.242857142857,218.005714285714,445.11,169.214881907058,185.808113055224,197.746854377979,465801.6,420442.825714286,447109.607142857,0,65.5326451197039,0,67.7077781641642,0,148.55741441576,0,27.3763521235236,0,143.660704650963,0,130.762395952699,0,117.073662545643,0,70.46398929131,0,140.696434846305,1
1312781,242,970,138,-600,398,646,-213,961,233,292,1019,198,-581,435,707,-165,990,281,262,1000,158,-590,416,676,-184,971,252,261.9,995.62,162.3,-587.02,418.74,675.72,-187.76,972.67,255.09,261.524639402849,995.530213695757,161.485249596739,-586.96381768203,418.610764550108,675.495164537549,-187.379385840898,972.628061575488,254.606711361088,262.088916209747,995.664792990091,162.707713400441,587.048226298317,418.804369604712,675.832568022583,187.94775869906,972.690942694544,255.334545253869,99.989898989899,90.0965656565657,133.848484848485,33.4743434343434,54.4569696969697,153.678383838384,71.2549494949496,41.1526262626263,126.082727272727,9.99949493674051,9.49192107302656,11.5692905940029,5.78570163716929,7.37949657476509,12.3967085889112,8.44126468575353,6.41503127526486,11.228656521273,3.22460198851923,2.87901655460307,3.09622467184035,2.60590977122616,2.79293227713151,2.98690654368633,3.36684790310981,2.66683343069536,2.73097049453569,0.263682688840105,-0.215365011270424,0.171181637632871,-0.506102699574465,-0.183732117207128,0.113844596430548,0.18433572869761,-0.180354581864191,0.35451219021453,262,990,168,-590,416,676,-184,971,252,261.777777777778,995.855555555556,162.222222222222,-586.633333333333,418.7,675.666666666667,-187.766666666667,972.8,254.677777777778,0.76420450650862,0.76420450650862,0.76420450650862,0.76420450650862,0.76420450650862,0.76420450650862,0.76420450650862,0.76420450650862,0.76420450650862,50,49,60,19,37,61,48,29,48,446.7086086026,423.542983020329,438.442908322789,608.494285714286,217.474285714286,445.714285714286,138.045070698051,157.239692596222,126.172785033953,465648.334285714,418616.734285714,448563.325714285,0,85.88711842065,0,75.7907305119349,0,91.8376073726229,0,24.4093413655045,0,44.6239798702506,0,116.265303611661,0,59.5930392130021,0,37.3299331128489,0,99.786979067983,1
1314343,232,970,138,-600,398,656,-203,952,203,292,1019,198,-572,435,707,-174,990,271,262,1000,168,-590,416,676,-184,971,242,262.6,995.26,163.6,-586.75,417.49,676.31,-185.34,975.72,243.83,262.226890926696,995.166894153199,162.589750115666,-586.684043773262,417.355495356649,676.106820568567,-185.032521122387,975.672402454253,243.202267034244,262.785844367614,995.306455319164,164.108500693901,586.783017818341,417.557457124166,676.41165720292,185.496037693531,975.743788091935,244.14227409443,98.6262626262627,93.4064646464646,168.323232323233,39.1388888888889,56.8988888888889,138.90292929293,58.4488888888889,46.890505050505,153.920303030303,9.93107560268588,9.66470199470551,12.9739443625766,6.25610812637449,7.54313521613453,11.7857086886165,7.64518730240724,6.84766420398262,12.406462148022,3.52221598088506,3.00851767002773,2.88471495813789,2.90926663623915,2.93250979693382,2.48648012005015,2.9684673781549,3.83838148900012,3.51932021813713,0.00417906250993557,-0.195544922313039,0.2439784239463,-0.136182174227334,0.207787985219435,0.0682090991326475,-0.446464962151112,-0.0425687452102569,0.0465856926569363,262,1000,168,-590,416,676,-184,971,242,262.555555555556,995.344444444444,163.333333333333,-586.633333333333,417.2,676.222222222222,-184.988888888889,975.733333333333,243.7,0.76420450650862,0.76420450650862,0.76420450650862,0.76420450650862,0.76420450650862,0.76420450650862,0.76420450650862,0.76420450650862,0.76420450650862,60,49,60,28,37,51,29,38,68,446.729178708904,423.424265905695,438.326595133134,609.197142857143,217.307142857143,443.232857142857,170.66582667809,140.872912495908,156.938397559043,465695.545714286,418371.972857143,448324.358571429,0,67.0061693826273,0,80.9508930915059,0,156.296989769063,0,25.2065043860638,0,51.4007805393043,0,103.660524640645,0,48.8110451726953,0,41.5526671631176,0,118.840000108289,1
1315906,242,970,128,-600,407,646,-194,952,213,282,1019,188,-572,435,696,-165,1000,262,262,1000,168,-581,416,676,-184,971,242,261.5,993.78,164.4,-584.63,418.08,672.4,-185.51,973.53,244.36,261.134685025315,993.663192193655,163.531636433511,-584.581638228106,418.006242192236,672.204544351478,-185.245337820497,973.461477156375,243.6936136264,261.681103635704,993.838175962264,164.828395611921,584.654316669261,418.116921446621,672.497434939346,185.640216548031,973.564219761593,244.681629878501,95.7070707070707,116.799595959596,142.464646464646,28.720303030303,31.1854545454546,132.363636363636,48.8180808080808,67.3021212121212,158.879191919192,9.78299906506541,10.807386176111,11.9358554978119,5.3591326751913,5.58439383867708,11.5049396505865,6.98699368885365,8.20378700431217,12.6047289506436,2.61343905987845,2.86708935895388,2.77208800422371,3.19745610584413,3.01643692877343,2.56830227159897,2.59762228793923,3.97398281166429,2.69813056957588,-0.160198579783679,-0.339061180403053,-0.0299177057957279,-0.63425577719322,0.116760574592538,-0.145403122651532,0.360034811410416,-0.118188216116523,-0.59265020940034,262,1000,168,-581,416,676,-184,971,252,261.555555555556,994.033333333333,164.222222222222,-584.4,418.2,672.444444444444,-185.777777777778,973.5,244.9,0.76420450650862,0.76420450650862,0.76420450650862,0.76420450650862,0.76420450650862,0.76420450650862,0.76420450650862,0.76420450650862,0.76420450650862,40,49,60,28,28,50,29,48,49,446.055379904228,421.83611165105,437.495795237887,608.434285714286,216.792857142857,442.448571428571,143.682842422673,133.013707603717,159.278518699657,464297.022857143,415240.812857143,446639.434285714,0,80.4289585658421,0,95.3420181043208,0,110.138708951344,0,29.0132780588147,0,33.3276623031838,0,137.863678087546,0,38.0506052634937,0,47.1575775480423,0,137.140382337294,1
1317468,232,980,138,-609,398,646,-203,961,223,282,1019,198,-572,435,696,-165,990,271,262,1000,158,-590,416,676,-184,971,252,260.8,996.26,162.5,-587.67,417.45,678.3,-183.29,974.7,247.12,260.446597747553,996.184753615817,161.883801647455,-587.597387337881,417.380359067212,678.098261111492,-183.011738919299,974.654659606903,246.599889274202,260.97356187936,996.297616177014,162.815846894582,587.706584955452,417.484790142108,678.400029481131,183.429959385047,974.722729805764,247.378091188367,91.4747474747475,75.7094949494951,103.787878787879,43.4354545454546,29.3409090909091,137.080808080808,51.8443434343435,44.7575757575758,128.914747474747,9.56424317312915,8.70112032726218,10.1876336206147,6.59055798437845,5.41672494141147,11.7081513519773,7.20030162106724,6.69011029487376,11.3540630381704,3.61178501417173,2.86173580664406,3.82231338909905,3.96926825245567,4.69908578786223,2.71351652664803,3.07659741017966,3.21441811377859,3.00401764290002,-0.385538906784156,-0.00317528961590079,0.568153283318621,-0.717627280678436,-0.0159386276026376,-0.454515698956837,-0.240059275007627,0.40076233318299,-0.0625791345591444,262,1000,158,-590,416,676,-184,971,252,261.111111111111,996.233333333333,162.111111111111,-587.255555555556,417.6,678.666666666667,-183.111111111111,974.611111111111,247.133333333333,0.76420450650862,0.76420450650862,0.76420450650862,0.76420450650862,0.76420450650862,0.76420450650862,0.76420450650862,0.76420450650862,0.76420450650862,50,39,60,37,37,50,38,29,48,446.856427451074,424.229340117795,438.081224689077,608.382857142857,217.748571428571,445.084285714286,114.822029333778,139.252744241942,129.312863577492,465953.631428571,419965.362857143,447825.801428572,0,75.9589243727118,0,46.9377344806337,0,76.1423391541866,0,44.6218828258027,0,25.0273905286545,0,132.535326004961,0,33.9642042560846,0,33.3484127379123,0,83.0515156133773,1
1319031,232,970,138,-600,398,646,-203,961,213,282,1019,188,-572,435,696,-165,990,271,262,1000,168,-590,416,676,-184,971,242,260.7,994.95,163,-586.56,417.63,678.6,-183.98,973.69,246.66,260.288426419054,994.840407706196,162.199476983431,-586.499344903437,417.522203038865,678.414540584866,-183.696952877839,973.633527114686,246.091510894968,260.901897271752,995.004497477273,163.395226368459,586.590402239928,417.683504582118,678.692271946572,184.122459249272,973.718229263476,246.941895999849,106.373737373737,109.542929292929,130.30303030303,36.0266666666667,45.1445454545455,126.50505050505,52.9692929292929,55.5291919191918,140.549898989899,10.3137644618121,10.4662758081817,11.4150352738408,6.00222181085193,6.71896907676657,11.2474463992966,7.27800061344411,7.45179118864665,11.855374266125,2.82739921073172,2.7389243668746,2.75374076077159,2.8714985061391,3.26267605372355,2.75222624620773,3.28037457550897,2.6543787668166,2.89670538905333,-0.404455202218396,-0.502573830405917,-0.0409512049453779,-0.262740057462803,-0.418794285044095,-0.267163378513761,-0.2641959185287,-0.0189265714187952,-0.0681597940586254,262,1000,168,-590,416,676,-184,971,252,260.888888888889,995.333333333333,163,-586.322222222222,417.9,679,-183.777777777778,973.488888888889,246.733333333333,0.76420450650862,0.76420450650862,0.76420450650862,0.76420450650862,0.76420450650862,0.76420450650862,0.76420450650862,0.76420450650862,0.76420450650862,50,49,50,28,37,50,38,29,58,446.351850461492,424.069045723809,437.677980613096,607.992857142857,218.43,444.158571428571,167.125490432087,129.597960300884,141.433713168519,464915.035714285,419644.718571429,447003.672857143,0,77.3354164051533,0,71.7172596211586,0,107.030645437284,0,27.8074507384901,0,33.5584789531078,0,94.5549712785845,0,43.8923433568645,0,38.7775272171341,0,97.8794099203873,1
1320593,242,980,138,-600,398,646,-203,952,213,282,1019,188,-572,425,696,-165,1000,281,262,1000,158,-590,416,676,-184,971,242,259.3,997.35,160.4,-587.47,416.54,677.7,-184.49,974.78,245.54,258.956727992646,997.256120911476,159.70304615885,-587.405042677475,416.442793711962,677.512777398139,-184.188346312422,974.723100956236,244.797062991933,259.472927296857,997.396937031591,160.749494555971,587.502382973891,416.588261956575,677.793036258119,184.640596836124,974.808494013055,245.907055612481,90.6161616161616,94.5732323232324,113.373737373737,38.4334343434343,40.6145454545455,127.383838383838,56.1514141414141,56.1127272727273,182.210505050505,9.51925215634934,9.72487698242155,10.6477104287137,6.19947048895584,6.37295421720143,11.2864448957073,7.49342472714673,7.49084289467662,13.4985371448355,2.81755395806458,2.35625427491113,2.66606076277846,3.31226083780893,3.10519836294325,2.83932119933032,2.68479388547527,4.16381872827037,2.85364400714365,0.278140941591545,0.0100427517027635,0.16655166321126,0.254378243618499,-0.427652511752839,-0.33757543560984,-0.040425530253662,0.230205155464193,-0.101390665809686,262,1000,168,-590,416,686,-184,971,242,259.111111111111,997.333333333333,160.222222222222,-587.533333333333,416.8,678.111111111111,-184.444444444444,974.688888888889,245.7,0.76420450650862,0.76420450650862,0.76420450650862,0.76420450650862,0.76420450650862,0.76420450650862,0.76420450650862,0.76420450650862,0.76420450650862,40,39,50,28,27,50,38,48,68,447.007769709181,423.838078409522,438.057030106797,607.307142857143,217.187142857143,443.927142857143,126.692322395537,130.263101183041,185.038334393389,466271.678571429,419189.241428572,447777.441428571,0,56.5416986968663,0,80.9233219190796,0,66.6756323425903,0,27.0011641152302,0,30.1271549577588,0,104.123896551692,0,41.2100279286888,0,47.473923640473,0,135.841490826564,1
1322156,232,970,138,-600,398,646,-203,952,223,272,1019,198,-572,435,696,-165,1000,281,262,1000,168,-590,416,676,-184,971,252,260.4,995.54,164.4,-586.72,416.93,675.7,-187.68,973.56,249,260.082038574555,995.445724101607,163.679626923456,-586.663460282291,416.805000750965,675.493494577307,-187.368345389749,973.48949980139,248.484215799797,260.556327883243,995.587042904838,164.767715284275,586.748225391437,416.992457965369,675.802781882407,187.832105881822,973.595254713169,249.257256664676,82.2626262626263,94.6145454545454,122.262626262626,33.4561616161615,52.6112121212121,140.313131313131,57.6945454545455,69.3397979797979,129.474747474747,9.06987465528749,9.72700084581807,11.0572431583386,5.78413015207659,7.25335867865447,11.8453843885765,7.5956925592434,8.32705217828001,11.3786970903855,2.77280850390418,2.96785958847745,3.50481681343754,3.11182166321577,3.17746513509765,2.30944564585424,3.38203411383691,3.98489408479187,2.76826468941259,-0.414984427958039,-0.186157511104067,0.476013377316329,0.137425215978613,0.00353344064272703,-0.235130284699965,0.493971863184996,0.0428626599535709,0.0372930056570843,262,1000,158,-590,416,676,-184,971,242,260.888888888889,995.655555555556,164,-586.6,416.9,675.777777777778,-187.888888888889,973.533333333333,248.988888888889,0.76420450650862,0.76420450650862,0.76420450650862,0.76420450650862,0.76420450650862,0.76420450650862,0.76420450650862,0.76420450650862,0.76420450650862,40,49,60,28,37,50,38,48,58,446.648281449928,423.132848757885,438.155563285179,608.717142857143,216.818571428571,443.52,136.373464834204,145.286788768154,132.022322407064,465527.811428571,417799.538571429,447984.771428571,0,63.4928591833886,0,69.0396017523136,0,97.5699089526036,0,28.1565909308097,0,43.0422048246844,0,116.134647761771,0,47.7411853166201,0,51.3044781338877,0,106.712835816997,1
1323718,242,960,128,-600,407,646,-223,952,223,292,1029,188,-572,435,707,-165,990,271,262,1000,158,-590,416,676,-184,971,242,260.5,995.65,160.8,-587.13,418.66,678.85,-185.78,973.54,246.14,260.177252367225,995.549645442185,159.841194325323,-587.053790722223,418.535315009788,678.574869453503,-185.418007130952,973.486714990741,245.666194853327,260.662617189347,995.700030129557,161.260038447223,587.168059417404,418.722437898902,678.9876655728,185.965265573978,973.566577076268,246.378570496705,85.6060606060606,100.633838383839,149.656565656566,45.1445454545455,52.8125252525252,188.815656565657,69.5672727272726,52.2711111111111,118.687272727273,9.25235432774062,10.0316418588304,12.2334200310692,6.71896907676657,7.26722266430066,13.7410209433527,8.34069977443575,7.22987628601701,10.8943688540123,3.25222544182525,4.87671296729093,3.22466401391992,2.93618636462775,2.60064634744785,2.4174140583634,5.78018995731216,3.76430581875029,2.98375459854127,0.300881884573074,-0.251703331849566,-0.347393628209975,0.079396223634194,0.120112303033727,0.0697150609844888,-0.714478583501343,-0.310724047433947,0.255502222641129,262,990,158,-590,416,676,-184,971,242,260.555555555556,995.888888888889,161.222222222222,-587.255555555556,418.4,678.666666666667,-185.555555555556,973.633333333333,245.933333333333,0.76420450650862,0.76420450650862,0.76420450650862,0.76420450650862,0.76420450650862,0.76420450650862,0.76420450650862,0.76420450650862,0.76420450650862,50,69,60,28,28,61,58,38,48,446.471730646228,424.483459321526,437.701362661113,607.264285714286,218.734285714286,443.1,161.165144037396,189.261433709343,119.534766273722,465157.864285714,420479.597142857,447050.297142857,0,52.0240511310075,0,74.239665130224,0,126.752714689051,0,38.3179673444759,0,53.2795172029696,0,180.521121136056,0,56.3640028774602,0,39.0582169426757,0,88.4685022284548,1
1325281,242,970,138,-600,407,656,-203,952,223,282,1019,198,-563,435,717,-174,1000,271,262,995,158,-590,416,676,-184,971,242,259,996.38,160,-586.87,419.1,675.02,-185.99,973.47,245.57,258.686341193642,996.274031867997,159.069595878321,-586.777677067841,418.987910508064,674.850490889174,-185.720951904645,973.414827564344,245.08640667673,259.156323480636,996.433048428242,160.47429700734,586.915879832877,419.156009142181,675.106406427905,186.123426789859,973.497657932468,245.81442187146,81.8181818181818,106.783434343434,153.535353535354,54.3970707070708,47.4242424242425,117.83797979798,50.1514141414143,54.3930303030303,121.318282828283,9.04534033733291,10.3336070344984,12.3909383637945,7.37543698414343,6.88652615069764,10.8553203452491,7.08176631508088,7.37516306958906,11.0144578998824,2.47782350251486,2.93977078885719,3.10318559556787,4.03135087589388,2.65680109694563,5.79914409586693,2.25190210682649,4.4938767029357,2.81135777910166,-0.0329218106995885,0.140199343821047,0.416226014743404,0.448951039919545,-0.00785199385986484,1.2716689360086,0.159214105815906,0.371952476756299,0.330819590832047,262,990,158,-590,416,666,-184,971,242,259.111111111111,996.255555555556,159.666666666667,-587.166666666667,419,674.222222222222,-186.111111111111,973.233333333333,245.4,0.76420450650862,0.76420450650862,0.76420450650862,0.76420450650862,0.76420450650862,0.76420450650862,0.76420450650862,0.76420450650862,0.76420450650862,40,49,60,37,28,61,29,48,48,446.556464759427,423.369295444003,437.626560596127,606.591428571429,217.392857142857,442.735714285714,156.742010006914,130.907957500856,131.700785331015,465339.780000001,418256.001428572,446899.007142857,0,59.9968705266963,0,91.0486007832214,0,114.4264067602,0,49.3955501998561,0,42.9708446697956,0,109.838552115519,0,43.7287953674528,0,44.0875758860859,0,97.1850435382343,1
1326843,222,960,138,-600,398,646,-194,942,203,282,1019,188,-572,435,696,-174,990,281,262,1000,158,-590,416,676,-184,971,242,261.4,995.29,162.9,-587.76,416.4,677.1,-184,973.84,245,261.009776740523,995.152297472928,162.174282117288,-587.693567593514,416.260813051029,676.913077087716,-183.716990061524,973.769352155625,244.163946728759,261.590519705895,995.358432927556,163.264815560488,587.793177912095,416.469662760687,677.192882419773,184.141250131523,973.875125465272,245.41010574139,100.646464646465,137.601919191919,120.191919191919,39.3963636363637,58.6060606060606,127.060606060606,52.5252525252525,69.1054545454546,203.151515151515,10.0322711609318,11.7303844434835,10.9632075229797,6.2766522634573,7.65545952938559,11.272116307979,7.24743075339479,8.31296905716932,14.2531229964354,4.2537328682736,3.13631747182936,3.06803483624791,3.113427436667,3.2650332392603,2.62436339610077,1.92307692307692,3.98769667325003,3.14472545629914,-0.483038056529856,-0.492870835067661,0.233593436286786,0.0834414343990295,0.100220993710943,-0.344792903405224,0,-0.637166065884456,-0.187496111980208,262,1000,158,-590,416,676,-184,980,242,261.666666666667,995.711111111111,162.666666666667,-587.755555555556,416.3,677.333333333333,-184,973.866666666667,245.111111111111,0.76420450650862,0.76420450650862,0.76420450650862,0.76420450650862,0.76420450650862,0.76420450650862,0.76420450650862,0.76420450650862,0.76420450650862,60,59,50,28,37,50,20,48,78,446.557422229733,423.714888918127,437.582418137826,608.395714285714,216.745714285714,443.502857142857,139.869012595652,130.373714446263,204.314923844959,465352.89,418944.857142857,446814.377142857,0,75.5004136977287,0,88.7895908856611,0,71.0643450521385,0,35.6142795861361,0,58.1983884951316,0,123.804507133891,0,38.4205511440902,0,55.5708257432357,0,169.821511373801,1
1328406,242,980,128,-609,407,646,-203,952,213,282,1019,188,-572,425,707,-174,990,281,262,1000,158,-590,416,676,-184,971,242,261.8,996.39,162.6,-585.9,416.27,680.03,-185.57,974.23,242.42,261.483236157739,996.297050340041,161.925706743721,-585.827555854479,416.174746476871,679.833046033653,-185.299793056878,974.16428441026,241.838808785672,261.956484935953,996.436455575567,162.934342604621,585.936225198613,416.317583102131,680.128215853452,185.705654195019,974.2627725619,242.710980386137,82.7878787878788,93.5130303030303,109.939393939394,42.878787878788,40.0172727272728,134.938484848485,50.8738383838384,64.5021212121211,142.589494949495,9.09878446760219,9.67021356036309,10.4851988030458,6.54818966423453,6.32592070194314,11.6163025463563,7.13258987912794,8.03132126191706,11.941084328883,2.62178315029936,2.33218556608633,3.44564085047208,3.88817623726937,2.04433576941545,3.19255262210929,2.74082335952565,2.75966216256963,3.12528956279023,-0.284119239954904,-0.0276678858982282,0.0534325021198986,-0.0422160450333024,-0.0410635195389756,-0.11451378510004,-0.180958389981061,-0.300505047466437,0.139387185893161,262,1000,158,-590,416,676,-184,980,242,262.111111111111,996.377777777778,162.444444444444,-585.9,416.3,680.222222222222,-185.444444444444,974.188888888889,242.311111111111,0.76420450650862,0.76420450650862,0.76420450650862,0.76420450650862,0.76420450650862,0.76420450650862,0.76420450650862,0.76420450650862,0.76420450650862,40,39,60,37,18,61,29,38,68,447.022798587323,424.075977499762,437.587742281551,608.91,218.742857142857,441.891428571429,116.87010132121,135.968068842881,143.42287250537,466309.032857143,419663.991428572,446821.354285714,0,69.5733600118283,0,71.4118329596066,0,98.16790150259,0,36.2554720399922,0,38.6421215136477,0,116.619837520736,0,42.9783307981589,0,43.5748872201998,0,99.2705299802136,1
1329968,242,970,138,-600,407,656,-203,952,213,282,1019,188,-572,425,707,-165,1000,271,262,1000,168,-590,416,676,-184,971,242,260.5,996.69,162.7,-586.85,416.81,677.52,-186.29,974.97,243.68,260.130729079327,996.58464722299,161.940007711449,-586.772756899541,416.747434928388,677.346455691092,-185.963657259416,974.914814178284,243.169843483204,260.681798367281,996.74269999835,163.077282292783,586.888549896827,416.841276746917,677.607009999159,186.450449181545,974.99763589457,243.936549127022,95.7070707070707,106.11505050505,124.151515151515,45.7045454545454,26.3372727272727,119.100606060606,60.4099999999999,54.4334343434343,126.361212121212,9.78299906506541,10.3012159721584,11.1423298798553,6.76051369753404,5.13198526179419,10.9133224116493,7.77238702072921,7.37790175750764,11.2410503121911,2.59472573986536,2.75037068011224,2.45414174894398,2.95344446364929,3.02492134452156,3.02974513923127,2.97153810806932,4.27494165227451,2.87858458484121,-0.347232454658024,0.0641182997285981,0.00964745585366057,0.136827562543047,0.0129110729723848,0.206696166231751,0.311965601348222,0.233015882998729,0.223021020606205,262,1000,168,-590,416,676,-184,971,242,260.666666666667,996.488888888889,162.555555555556,-586.944444444444,416.9,677.444444444444,-186.444444444444,974.9,243.722222222222,0.76420450650862,0.76420450650862,0.76420450650862,0.76420450650862,0.76420450650862,0.76420450650862,0.76420450650862,0.76420450650862,0.76420450650862,40,49,50,28,18,51,38,48,58,447.021219396344,423.675033126795,438.072193633435,608.524285714286,217.491428571429,442.44,133.407493739019,122.092272150155,131.947563078134,466305.09,418862.605714286,447809.657142857,0,69.5631083048735,0,76.1398247518186,0,90.2225267151478,0,43.1619576329751,0,23.9452256182534,0,101.101943194815,0,49.4615906309407,0,38.4423757728766,0,94.3550791907115,1
1331531,242,980,138,-600,407,656,-203,961,213,282,1019,188,17586,13144,1047,-174,990,271,262,1000,168,-590,416,676,-184,971,242,260.5,994.77,162.2,-405.14,543.83,681.62,-185.15,974.99,245,260.177494790038,994.686567928514,161.439342598363,-592.939789619272,420.53734624287,680.142848203987,-184.858529915227,974.940415313293,244.445608009235,260.662617189347,994.811705801656,162.564448758023,1853.01840789562,1378.2118958999,682.699245641886,185.297733391426,975.014866553326,245.277190133938,85.6060606060606,83.8152525252524,119.555555555556,3302564.44484849,1619916.12232323,1487.30868686869,55.2803030303031,48.979696969697,137.272727272727,9.25235432774062,9.15506704100262,10.9341463112378,1817.29591559781,1272.75925544591,38.5656412739201,7.43507249664071,6.99854963329525,11.7163444500718,2.58394027201295,2.38727209333667,3.26450415450266,98.0081499599333,98.0055403507493,82.2301772925063,3.03361890671564,3.06333405456585,3.05335860837813,0.300881884573074,-0.0118589636160137,-0.470167059219852,9.84922049730906,9.84901974465091,8.60454012686417,-0.426364277755734,0.434299603419759,0.109829767233218,262,1000,168,-590,416,686,-184,971,242,260.333333333333,994.688888888889,162.444444444444,-586.7,416.6,678.222222222222,-184.777777777778,974.933333333333,244.888888888889,0.762191175739667,0.762191175739667,0.762191175739667,0.762191175739667,0.762191175739667,0.762191175739667,0.762191175739667,0.762191175739667,0.762191175739667,40,39,50,18186,12737,391,29,29,58,446.196723957712,513.717285385173,438.12983798095,607.487142857143,351.561428571429,443.502857142857,119.62601853918,4923803.34162869,144.851615695826,464581.084285715,2485381.50428571,447921.488571428,0,57.2400118694063,0,52.8212346053665,0,90.3902377146182,1.99913626193195,2420130.91922868,1.99880848130111,1185587.5130098,0,1159.17232361163,0,47.2917240825945,0,34.9167808069321,0,107.7328035002,1
1333093,242,980,128,-600,-29673,458,-203,952,203,282,1019,188,13144,435,707,-165,990,262,262,1000,158,-590,416,676,-184,971,242,261.5,996.5,162.4,-448.58,117.19,676.64,-183.92,974.76,243.37,261.199221233086,996.413145219329,161.429039127956,-591.997576228339,422.264757767917,675.441124704104,-183.62564786712,974.708923469821,242.786514526742,261.650530288016,996.543426048258,162.875412509071,1437.88266558854,2996.32747042108,677.072920740447,184.065205837497,974.785504611143,243.652108548233,79.5454545454545,87.4242424242424,156.202020202021,1885133.88242424,9054792.74131313,591.970101010101,53.9733333333334,50.2246464646465,138.780909090909,8.91882585015845,9.3500931773027,12.4980806607263,1373.00177801205,3009.11826642176,24.3304356929772,7.34665456744316,7.08693491325033,11.7805309341688,2.8248223733938,2.44518100455853,2.958300693512,98.0061335868736,98.0090375176668,66.6514193878576,3.1804268135804,3.56645891059095,3.4787450695728,0.0976622694352953,0.0124814618444553,-0.0969477417001815,9.8490653489034,-9.84928877810268,-7.28618812479432,0.24157123410919,-0.161905102381269,-0.563188366824056,262,1000,158,-590,416,676,-184,971,242,261.444444444444,996.5,162.444444444444,-585.711111111111,418.2,678.444444444444,-184.111111111111,974.777777777778,243.8,0.76420450650862,0.76420450650862,0.76420450650862,0.76420450650862,0.76420450650862,0.76420450650862,0.76420450650862,0.76420450650862,0.76420450650862,40,39,60,13744,30108,249,38,38,59,447.031365917641,558.913671914908,437.772826434703,608.742857142857,147.964285714286,443.232857142857,157.440951027062,10940376.5678718,140.599623067168,466323.514285715,4930248.26142857,447194.198571429,0,55.4258019265158,0,78.2230494551938,0,123.995060145722,2.00423050550846,1378355.37190182,2.00110175649864,6632948.38368584,0,445.322821927845,0,39.4561224679331,0,43.9912073892997,0,97.6538329289447,1
1334656,242,980,118,-600,407,656,-194,961,213,292,1019,188,-572,435,696,-155,990,262,262,1000,158,-590,416,676,-184,980,242,260.4,998.55,160.8,-586.56,418.28,676.2,-183.82,974.79,242.1,260.013187194104,998.469223696511,160.009276761309,-586.496502905228,418.183540361371,676.086912097336,-183.511663413561,974.742308496256,241.471384900355,260.594704474208,998.590331417243,161.173198764559,586.591783099627,418.328363848305,676.25616448207,183.969508343095,974.813771958521,242.411220862402,102.464646464646,81.3611111111111,121.373737373737,37.6630303030303,40.8703030303029,76.7272727272727,55.5430303030303,46.8140404040405,152.313131313131,10.1224822284184,9.02003941848987,11.0169749647413,6.13702128911334,6.39298858362057,8.75941052396066,7.45271965815368,6.84207866105327,12.3415206240208,3.24290967170537,2.70504922865731,4.39803652830402,2.93791436157671,3.01385754287921,3.23093388305312,4.12858112018423,2.80060323241151,2.44433839945485,0.265257853159179,-0.13891240731103,-0.570389073017104,-0.127122183648463,0.216301242576382,-0.491796711421009,0.619936271147783,-0.430102432491395,-0.105710063737317,262,1000,158,-590,416,676,-184,980,233,260.111111111111,998.666666666667,161.222222222222,-586.422222222222,418.2,676.555555555556,-184.111111111111,974.933333333333,242.388888888889,0.76420450650862,0.76420450650862,0.76420450650862,0.76420450650862,0.76420450650862,0.76420450650862,0.76420450650862,0.76420450650862,0.76420450650862,50,39,70,28,28,40,39,29,49,447.644963889041,423.472181632974,437.649187947443,608.464285714286,217.68,442.744285714286,125.495226265375,79.7746405956288,152.672560284118,467601.021428571,418461.831428571,446944.229999999,0,86.5390864812554,0,65.666723943068,0,93.4757503804931,0,32.7615694521185,0,34.0335759970949,0,64.5378009693385,0,43.2043727364221,0,29.978094379879,0,92.581834091226,1
1336218,232,970,128,-600,398,646,-194,961,213,282,1019,198,-572,425,22596,-174,990,271,262,1000,168,-590,416,676,-184,971,242,261.5,994.93,164.6,-587.58,416.45,895.91,-183.4,974.85,242.51,261.155691519419,994.825249306935,163.680727759555,-587.517965299355,416.362336211365,683.144607750532,-183.151413642207,974.814066357337,241.894408312054,261.669639048935,994.982195820609,165.050295364777,587.611095878898,416.493517356513,2357.81507544591,183.524385300701,974.867965418907,242.820159789092,89.6464646464647,104.914242424242,149.939393939394,36.9127272727273,36.6136363636363,4804684.04232324,46.1010101010101,35.3813131313131,152.050404040404,9.4681816969503,10.2427653699693,12.2449742318795,6.07558452107509,6.05092029063649,2191.9589508755,6.78977246312497,5.9482193244124,12.3308719902691,2.87096211069232,2.64983507179098,3.14529070536219,2.74198288728583,3.5491089541525,98.0046177356731,2.18672597572282,3.11796391245577,3.01136900501618,-0.331005406154785,-0.316152578155588,-0.0921232885150284,-0.265804197871318,-0.458482531755093,9.84894871640248,-0.0725452030229103,0.001523104308382,0.264051630843265,262,1000,168,-590,416,676,-184,971,242,261.888888888889,995.2,164.555555555556,-587.355555555556,416.7,677.111111111111,-183.333333333333,975,242.333333333333,0.76420450650862,0.76420450650862,0.76420450650862,0.76420450650862,0.76420450650862,0.76420450650862,0.76420450650862,0.76420450650862,0.76420450650862,50,49,70,28,27,21950,20,29,58,446.539521059864,516.207809140237,437.683363525873,609.012857142857,310.62,443.125714285714,156.519686525444,4804684.1050778,154.883554506275,465300.929999999,2604876.67714286,447004.448571428,0,84.900339959444,0,77.2613688526526,0,110.263237714124,0,33.1734674562188,0,34.8043238454733,1.98641839155,3522419.97465088,0,31.9851684772,0,25.7895132797939,0,102.309756747198,1
1337781,232,980,138,-600,398,-17662,-194,952,213,282,1009,188,11777,13570,707,-165,990,271,262,1000,158,-590,416,676,-184,971,242,259.1,996.53,160.8,-462.64,548.36,492.33,-183.41,974.98,243.12,258.765996529261,996.457825072628,159.978172325184,-592.411900032276,420.803584342386,682.573087215834,-183.161834680957,974.924844874235,242.493354208324,259.267043798474,996.565988783482,161.20421830709,1314.26866355399,1418.97849878002,1889.87412543799,183.533348468337,975.007589714049,243.432660093094,87.4646464646465,72.4536363636363,131.474747474748,1528551.8690909,1730102.31353536,3362864.02131313,45.719090909091,54.3430303030302,153.662222222222,9.35225355006196,8.51197018108242,11.4662438258894,1236.34617688207,1315.3335369918,1833.81133743718,6.76158937743863,7.37177253467782,12.3960567206762,2.86023037791437,2.36820499112307,2.33620575347858,98.0041085686177,98.0052248811265,98.001417844181,2.60750360729478,3.4558094336055,2.72426813547237,0.0840481514363453,-0.308789353766722,-0.118047201625464,9.84890958587101,9.84899544260598,-9.84870257730886,0.0928416585937248,0.0789841851775793,0.0595175362057502,252,1000,168,-590,416,666,-184,971,242,259.222222222222,996.755555555556,161,-586.244444444444,417,675.555555555556,-183.444444444444,975.022222222222,243.111111111111,0.76420450650862,0.76420450650862,0.76420450650862,0.76420450650862,0.76420450650862,0.76420450650862,0.76420450650862,0.76420450650862,0.76420450650862,50,29,50,12377,13172,18369,29,38,58,446.676805013389,526.753625494891,437.799485067988,607.041428571429,247.735714285714,443.438571428571,132.040116650666,6621362.77052691,156.027161399466,465578.558571429,3133896.99,447250.178571429,0,67.0846634527562,0,48.5289883885652,0,122.517932969822,1.99665026956218,1121057.23996043,2.01119022465331,1267454.97925911,1.99775403449265,2459257.75601782,0,30.5825902518571,0,39.3710647624683,0,117.240683984079,1
1339343,242,970,128,-18431,398,-15358,-203,961,203,282,1029,188,12545,17410,13144,-165,990,271,262,1000,158,-590,416,676,-184,971,242,260.8,996.55,164.5,-812,885.61,766.74,-183.5,975.54,242.32,260.469390427034,996.42853421786,163.322455489859,-604.394451573902,429.179573232289,698.139992974579,-183.238534888186,975.495979381598,241.71283372703,260.965898155295,996.610580919147,165.072711251739,2949.81578746877,2829.01559380644,2501.93539884626,183.630661927686,975.562063633063,242.62036188251,87.4343434343434,121.967171717172,190.656565656566,8123302.2020202,7291943.59383838,5729081.32565656,48.4545454545455,43.4832323232323,147.128888888889,9.35063331728624,11.0438748506659,13.8078443522719,2850.14073372179,2700.35990079811,2393.54994216886,6.96092992742676,6.59418170232155,12.1296697765804,2.60123479146238,2.99090772205078,2.85638875487917,34.7217842745534,33.1929304100159,35.606144846758,2.90230839240129,3.04782086697678,3.23443328562819,0.165576084056827,-0.202775448779782,-0.140850951176905,-3.75108355530192,5.63711897569959,-0.296359816824069,-0.066457575197544,0.374741031278345,-0.0846704357155258,262,1000,158,-590,416,676,-184,971,242,260.777777777778,996.777777777778,164.888888888889,-586.611111111111,417.011111111111,677.888888888889,-183.444444444444,975.433333333333,242.322222222222,0.76420450650862,0.76420450650862,0.76420450650862,0.76420450650862,0.76420450650862,0.76420450650862,0.76420450650862,0.76420450650862,0.76420450650862,40,59,60,30976,17012,28502,38,29,68,447.12819541792,758.081014881905,437.952553261928,609.364285714286,360.15,443.297142857143,194.440625300572,16137198.6247503,147.409292780333,466536.364285714,9841895.63571428,447559.8,0,80.0119954782057,0,120.008923660264,0,195.60025694976,1.3468948546575,8177283.78342453,1.41088603650762,7295731.36917976,1.46553965444534,5295290.2276433,0,44.0450980132768,0,36.2088101536637,0,96.0859227996261,1
1340906,232,970,138,-609,407,646,-203,952,213,292,1019,198,-572,435,707,-165,990,271,262,1000,158,-590,416,676,-184,971,242,262.7,996.09,162.6,-587.75,417.45,677.32,-184.89,974.42,245.15,262.337249028295,995.984387898786,161.829983722484,-587.681071718048,417.364937887981,677.117872388885,-184.569291096231,974.359665114567,244.479071307161,262.879820450334,996.142765872443,162.995705464899,587.784509833323,417.492550831748,677.420740751271,185.049587948744,974.450070552617,245.483054404983,95.4646464646463,106.183737373737,130.141414141414,40.9772727272727,35.8863636363636,137.856161616162,59.6342424242424,59.1955555555555,165.058080808081,9.77060113118156,10.3045493532584,11.4079539857686,6.40134928958518,5.99052281828253,11.7412163601631,7.7223210516167,7.69386479966704,12.847493172136,3.22236097707425,2.51328991076974,3.26443335372562,3.84286308081739,2.79709382285949,2.90943820694781,2.4670148989067,2.96017822116769,2.60242920972743,-0.140199486067932,-0.0558112981370846,0.550228162580032,-0.155393090146507,0.0616578130340078,-0.148603933874462,0.0435297671558571,-0.392651810805486,-0.0387804844502854,272,1000,158,-590,416,686,-184,980,242,262.777777777778,996.044444444444,162.111111111111,-587.644444444444,417.5,677.333333333333,-184.888888888889,974.4,245.266666666667,0.76420450650862,0.76420450650862,0.76420450650862,0.76420450650862,0.76420450650862,0.76420450650862,0.76420450650862,0.76420450650862,0.76420450650862,60,49,60,37,28,61,38,38,58,447.006959766451,423.960855366634,437.897656155893,609.167142857143,217.294285714286,443.434285714286,151.49199317278,138.712039929822,168.156029286156,466274.49,419438.365714285,447453.522857143,0,80.6957223887039,0,90.9187867506576,0,107.421071267305,0,32.592790881834,0,25.2397334602463,0,121.671255936642,0,46.4053729951487,0,49.4383314735241,0,114.370634482364,1
1342468,242,980,148,-609,407,646,-203,952,203,282,1019,198,-572,435,717,-165,990,262,262,1000,158,-590,416,676,-184,980,242,262.3,995.16,163.2,-586.28,417.19,677.55,-183.91,975.2,243.02,262.015119064643,995.0727486732,162.598780836702,-586.218937160916,417.088963517645,677.339450417599,-183.575686168904,975.146441833322,242.53025679335,262.442755663021,995.203567115794,163.509021157855,586.310770837446,417.240638001621,677.656144368219,184.075881092554,975.22670184937,243.25521577142,75.6666666666667,87.5903030303031,101.979797979798,36.4460606060605,42.680707070707,145.300505050505,61.6584848484849,52.6060606060606,115.534949494949,8.6986589004666,9.35896912220054,10.0985047398017,6.03705728033622,6.53304730357182,12.0540659136453,7.85229169405244,7.25300355756569,10.7487185047777,2.59475268332945,2.31437569453282,3.52374290801963,4.07525213554201,2.77732840925714,4.09093540095697,2.89790535688661,3.46262750677795,4.3747529171398,0.127329321667888,-0.129001082570302,0.595815695423656,-0.792625325124003,0.182982102667209,0.52063890355618,0.0882921548841078,-0.370622842134733,-0.754569021308137,262,1000,158,-581,416,676,-184,980,242,262.111111111111,995.122222222222,162.777777777778,-585.811111111111,417.1,677.111111111111,-184,975.266666666667,243.411111111111,0.76420450650862,0.76420450650862,0.76420450650862,0.76420450650862,0.76420450650862,0.76420450650862,0.76420450650862,0.76420450650862,0.76420450650862,40,39,50,37,28,71,38,38,59,446.61433022881,423.612556745908,437.911735242349,608.854285714286,217.911428571429,443.275714285714,115.606622536222,147.580158912004,115.942042353723,465446.374285714,418743.394285715,447481.778571429,0,64.712426726362,0,70.9161996157558,0,58.4491910661455,0,32.8064490196343,0,40.9260424198733,0,124.674247596148,0,44.8674093441811,0,40.8476566021021,0,91.7206670859032,1
1344031,232,970,138,-609,398,459,-203,952,213,282,1019,198,13144,17943,707,-165,990,271,262,1000,158,-590,416,676,-184,971,247,261.7,997.19,162.4,-449.42,592.05,677.05,-187.26,973.55,245.61,261.420033337399,997.102160747979,161.629502021811,-592.842171247936,420.72907176374,675.817320438942,-186.935618450847,973.476213188478,245.068777602732,261.839263671436,997.233879288104,162.789434546595,1438.22784008654,1841.61807929875,677.501077489918,187.420223028359,973.586744979614,245.874134467211,73.6464646464647,88.3978787878789,127.919191919192,1885374.73090909,3071751.46212121,617.179292929293,60.6387878787878,72.270202020202,131.129191919192,8.58175184018186,9.40201461325598,11.3101366887935,1373.0894839409,1752.64128164357,24.8430934653737,7.78709110507819,8.5011882710714,11.4511655266698,4.29495150566282,2.97350533147953,3.62963323594939,98.0053182829716,98.0056132094024,60.6992842105777,2.78822269830676,3.61100051111708,3.22091445133368,-0.0391191720407188,-0.0770503518528009,0.339032873577869,9.84900259665244,9.84902534865556,-6.82457640090776,0.209407916789131,-0.439811926137,-0.406502427369957,262,1000,168,-590,416,676,-184,971,252,261.555555555556,997.266666666667,162.222222222222,-586.544444444444,416.822222222222,679.222222222222,-187.222222222222,973.833333333333,245.977777777778,0.762191175739667,0.762191175739667,0.762191175739667,0.762191175739667,0.762191175739667,0.762191175739667,0.762191175739667,0.762191175739667,0.762191175739667,50,49,60,13753,17545,248,38,38,58,447.329852287235,515.258106847109,437.769638322634,609.124285714286,351.291428571429,442.242857142857,132.430943917905,4957543.40143447,139.117164891071,466943.832857143,2536741.79142857,447193.534285715,0,45.4508043576536,0,66.6229923368958,0,91.869154765388,1.99163742092773,1381158.20670893,1.99604895799017,2246660.14260926,0,403.526949329297,0,51.494747242657,0,70.4738865943447,0,104.475491389292,1
1345593,242,970,138,-600,407,646,-203,961,213,282,1019,188,-572,435,707,-165,990,281,262,1000,168,-590,416,676,-184,971,252,260.2,997.09,163.9,-587.74,417.29,678.67,-186.79,974.29,248.6,259.896899037578,996.982366675131,163.243421379741,-587.682651317935,417.17132808762,678.413568744336,-186.546069946047,974.235672749952,248.000993594497,260.351301129839,997.143826135428,164.223628019844,587.768644961604,417.349505810178,678.799020329287,186.910540098733,974.317191678357,248.896805925669,79.5555555555556,108.426161616162,107.262626262626,34.0125252525252,50.1675757575757,176.910202020202,45.500909090909,53.5211111111112,149.151515151515,8.91939210683977,10.4127883689318,10.3567671723674,5.83202582749127,7.08290729556555,13.3007594527607,6.74543616758094,7.31581240267348,12.212760341197,2.63392306499859,2.80968502688764,3.54779445212609,3.23656839738592,2.56683961003649,2.80699699398301,3.31579675921182,2.88978697211106,3.04519607873894,0.0159320133286955,0.038329259034142,-0.0502087065400593,0.0793164382500961,0.19923759908613,0.359584011410253,0.232069440884109,0.154029379807166,-0.0700352339060969,262,1000,168,-590,416,676,-184,971,242,260.333333333333,996.933333333333,163.777777777778,-587.633333333333,417.1,678.466666666667,-187,974.155555555556,248.666666666667,0.76420450650862,0.76420450650862,0.76420450650862,0.76420450650862,0.76420450650862,0.76420450650862,0.76420450650862,0.76420450650862,0.76420450650862,40,49,50,28,28,61,38,29,68,447.228181804916,424.333568892961,438.342416833552,609.081428571429,217.808571428571,444.042857142857,139.127757573248,177.517021594135,149.468699462347,466734.861428572,420180.3,448362.497142857,0,61.3442158113519,0,89.4951114012257,0,79.8044283067431,0,32.2882641103643,0,45.2793984453694,0,171.461021839924,0,35.3869956288093,0,42.3427400419048,0,107.057465839582,1
1347156,242,960,138,-600,398,656,-203,942,213,282,1019,188,-572,435,696,-165,1000,291,262,1000,158,-590,416,676,-184,971,252,261.9,993.66,162.5,-587.87,416.37,679.4,-187.18,973.25,250.83,261.688911877781,993.541810380693,161.721465893333,-587.800891850109,416.260386602608,679.240017596671,-186.907555953873,973.187704733111,250.190666413352,262.004961785078,993.718843536742,162.889533119842,587.904592599854,416.424747103243,679.479801024284,187.314388128622,973.281084784863,251.147227737039,55.5454545454547,118.125656565657,128.030303030303,41.0839393939394,46.0536363636364,109.535353535353,50.8359595959596,61.1186868686869,160.849595959596,7.45288229783986,10.8685627644899,11.3150476371204,6.40967545152946,6.78628295634926,10.465913889162,7.12993405270761,7.81784413177232,12.682649406161,3.00119031710074,2.8064003244289,2.08086785009862,2.78821673432557,2.63689751582028,2.476547383156,3.10584339224438,5.57149527652208,3.40296777192603,-0.131203203034313,-0.369682286315254,0.103539374629364,-0.124731615164915,-0.0364747367940903,-0.128752671003818,0.266369000198654,-0.214092415660351,-0.0178315798710266,262,1000,158,-590,416,676,-184,971,242,262,993.9,162.555555555556,-587.777777777778,416.4,679.666666666667,-187.333333333333,973.211111111111,250.922222222222,0.76420450650862,0.76420450650862,0.76420450650862,0.76420450650862,0.76420450650862,0.76420450650862,0.76420450650862,0.76420450650862,0.76420450650862,40,59,50,28,37,40,38,58,78,445.908680079192,424.405226231496,438.188807665401,607.74,217.671428571429,444.385714285714,131.983724216982,109.861636286629,173.084938532597,463995.745714286,420314.648571428,448044.72,0,50.7774795743406,0,105.882490733976,0,96.456531741381,0,34.4087296358616,0,38.3405880635477,0,88.1695596487687,0,39.3783717082547,0,46.6786029580788,0,117.971701034636,1
1348718,90,980,99,-600,407,-20,-203,952,126,282,1039,178,-181,981,707,126,1009,271,262,995,148,-581,416,676,-184,980,242,246.82,999.16,150.31,-525.03,511.08,570.51,-140.5,979.08,230.22,228.995637742929,998.988742183159,148.16180358899,-458.328379902683,462.464103243876,0,-501.4606754995,978.922040521233,223.618363819884,252.165183956866,999.247036523001,151.326699560917,542.599530040342,550.991088857161,617.563300399238,171.53110505095,979.159925650555,232.654636747261,2694.10868686869,175.691313131313,309.771616161616,18947.2213131313,42816.5793939394,56467.4443434343,9780.47474747475,158.094545454546,1138.31474747475,51.9048040827502,13.2548599815808,17.6003300014976,137.648905964164,206.921674538796,237.62879527413,98.8962827788525,12.5735653437895,33.7389203661698,4.5234951702033,4.02416995453581,2.51787849793127,4.14095448234188,4.09292141073427,4.15323648729816,4.28345740517573,3.63800729221661,4.52824111347178,-1.7450432009593,1.26729252915731,-0.229785883561314,1.76170432569739,1.75605637546993,-1.7644922215609,1.78218113353813,0.962425564154793,-1.62762116151699,282,990,138,-590,416,676,-184,971,242,252.311111111111,998.233333333333,150.888888888889,-538.844444444444,490.955555555556,594.666666666667,-151.044444444444,978.522222222222,233.1,0.735062694124958,0.735062694124958,0.735062694124958,0.735062694124958,0.735062694124958,0.735062694124958,0.735062694124958,0.735062694124958,0.735062694124958,192,59,79,419,574,727,329,57,145,446.399279384984,424.110787960446,437.525235117661,598.41,238.525714285714,458.057142857143,2881.32813405428,117937.078420494,10822.5865822507,464992.152857143,419738.511428571,446702.254285714,0,2435.28080007521,0,153.227631565133,0,332.838635926139,0.0603585968913061,18287.7770066864,0.0574190081262537,41178.9959675056,0.0612459795112641,54089.1569812735,0.0685413013604703,9466.10245292285,0,142.178848969928,0,1052.61562499255,1
1600265,-50,1009,79,-381,888,-60,48,980,87,101,1058,207,-200,981,262,135,1028,145,20,1029,168,-263,953,90,106,1000,106,24.32,1027.29,162.32,-268.85,949,91.11,103.26,1004.68,109.5,0,1027.18973654219,157.742127276694,-265.331852828731,948.744239719671,97.2256614126516,98.7975515941753,1004.57556862429,107.886222034058,38.7429993676277,1027.34036716173,164.069375570214,270.773798584723,949.125766165896,97.9235926628512,104.81793739623,1004.73219317388,110.339294904399,918.745050505051,104.531212121212,576.74505050505,1048.61363636364,241.131313131313,1301.00797979798,327.446868686869,105.93696969697,186.373737373737,30.3108074868528,10.224050670904,24.0155168694128,32.3823043708078,15.5284034314965,36.0694882109239,18.0954930490128,10.2925686636995,13.651876697866,3.28293189424716,2.9697360107962,4.64670104708715,4.57807533342698,5.1488271451315,10.5462639400183,4.60012187334149,2.92415264083873,3.01768338794604,0.264309382094435,0.493732644272058,-1.08905156980161,-1.08787901642472,-0.95775921305409,0.596478857973233,-1.29162534133288,-0.0200966019458063,0.560300170538269,20,1019,178,-263,953,101,106,1000,106,23.7777777777778,1027,164,-266.944444444444,949.766666666667,89.9444444444444,104.744444444444,1004.73333333333,109,0.578389293411278,0.578389293411278,0.578389293411278,0.578389293411278,0.578389293411278,0.578389293411278,0.578389293411278,0.578389293411278,0.578389293411278,151,49,128,181,93,322,87,48,58,446.155326874545,425.05818960176,435.488654617407,520.255714285714,330.54,521.76,1162.99072141166,2136.35896083707,387.090701194228,464506.290000001,421605.942857142,442563.574285714,0,931.604224017764,0,92.4304527707147,0,451.685051138029,0,1102.48431038914,0,249.693022445352,0,1470.3141752437,0,330.457376260892,0,98.9102187267599,0,163.743068623265,1
1601828,20,1009,148,-272,925,60,87,980,77,70,1058,198,-218,981,131,126,1019,145,40,1029,168,-245,953,90,106,1000,116,44.6,1028.09,168,-243.47,957.73,94.67,103.15,1004.31,118.23,40.4429465575349,1027.97957488261,167.357665490307,-242.775367979789,957.644244017956,92.485523725814,102.288054527597,1004.23841926215,115.902956913446,46.4542785973477,1028.14523779474,168.327062589472,243.812612471135,957.772765325889,95.6978056174748,103.585954646371,1004.34570243517,119.336038144393,170.545454545454,114.729191919192,111.111111111111,168.635454545454,82.7445454545455,197.637474747475,91.0378787878789,72.4382828282827,265.411212121212,13.0593052857131,10.7111713607426,10.5409255338946,12.9859714517419,9.09640288545673,14.0583596037189,9.54137719555615,8.51106825423711,16.29144598006,2.47866482054816,2.46338611682145,2.89256198347107,2.4471691107822,3.93331386278664,2.80400827847783,2.82994512177898,3.24025377825135,2.60515067026064,0.169868850866313,0.0617284983327197,0.416056402579895,0.166921889774157,-0.24822435513664,-0.0822429430445059,0.305493332319804,-0.270892577580641,-0.0894537374261344,40,1019,168,-245,953,90,106,1000,116,44.5555555555556,1028,167.888888888889,-243.6,957.911111111111,94.6888888888889,102.888888888889,1004.51111111111,118.588888888889,0.503258334775646,0.503258334775646,0.503258334775646,0.503258334775646,0.503258334775646,0.503258334775646,0.503258334775646,0.503258334775646,0.503258334775646,50,49,50,54,56,71,39,39,68,446.921219733507,425.53325436742,435.713559988009,531.724285714286,346.684285714286,525.295714285714,174.60641011185,251.684919642229,275.146116193551,466103.412857143,422541.998571429,443006.327142857,0,134.909776742509,0,69.5280636963836,0,84.3712288240714,0,163.65800800177,0,73.7964573170015,0,131.057096952117,0,75.6319677375365,0,58.3180228492092,0,208.72566161685,1
1603390,40,1000,138,-254,944,70,77,990,97,90,1049,207,-209,981,131,116,1019,155,60,1029,168,-236,962,101,97,1000,135,63.8,1028.01,171.19,-232.85,959.35,100.79,93.61,1004.32,136.5,61.2855370996377,1027.91221866262,170.364555404343,-232.429563842226,959.285899774645,98.5998579101924,93.0200251463844,1004.2696188218,135.234136045094,64.9153294684699,1028.05884559202,171.595600176695,233.059927915547,959.382108442721,101.824800515395,93.8958465535084,1004.34519962013,137.092377614512,145.010101010101,101.444343434343,140.438282828283,98.7954545454545,62.229797979798,211.783737373737,54.139292929293,51.1288888888889,163.707070707071,12.0420139931035,10.0719582720712,11.8506659234105,9.93959026044105,7.88858656413163,14.5527913945654,7.35794080767799,7.15044676148903,12.7948063958417,2.480392279403,2.84406174070492,3.26937978397629,2.57365327983746,3.13856423968741,2.60272831178887,3.35168737603416,2.89776404396828,2.81650359691946,-0.274088612691533,-0.0741641369342299,-0.0791919847306634,-0.0457841940008171,0.241457621400871,-0.118517641441663,-0.20143341855674,0.0657948980680069,-0.502956498497844,60,1029,178,-227,962,101,97,1000,145,64.1111111111111,1028,171.333333333333,-232.8,959.3,100.822222222222,93.7333333333333,1004.3,136.933333333333,0.503258334775646,0.503258334775646,0.503258334775646,0.503258334775646,0.503258334775646,0.503258334775646,0.503258334775646,0.503258334775646,0.503258334775646,50,49,69,45,37,61,39,29,58,447.537695916886,425.354840719788,436.274518047316,541.285714285714,354.552857142857,529.041428571429,171.269248626201,220.431822497985,168.983373121471,467384.588571429,422185.392857143,444137.155714285,0,115.571574013896,0,64.0913170696876,0,105.287250362442,0,95.4698439922684,0,48.9466287996816,0,170.581063470525,0,40.3328971179981,0,43.5572711644003,0,128.975849924173,1
1604953,60,1000,148,-227,944,90,77,980,116,121,1049,217,-181,981,141,116,1019,194,90,1019,178,-209,962,111,97,1000,155,89.71,1023.22,182.26,-208.91,963.17,111.38,93.18,1004.22,149.08,88.1085994017757,1023.11317105629,181.492049443501,-208.322017569487,963.118642100792,110.029785895073,92.4213334838286,1004.16567601818,147.83782153922,90.4881760231689,1023.2734629609,182.638988170653,209.194765708896,963.195592805532,112.041420912089,93.5534072067928,1004.24712098168,149.688209288507,141.642323232323,110.516767676768,139.689292929293,120.264545454545,49.7990909090909,149.268282828283,70.4319191919191,55.0218181818182,183.549090909091,11.9013580415146,10.5126955476114,11.8190225031215,10.9665192953163,7.05684709407047,12.2175399663059,8.39237267951794,7.41766932276023,13.5480290414913,2.676649427876,2.55039416500813,3.47423893336366,3.07541704416308,3.72913200638568,2.64973017455028,3.05892719684021,3.52836547180745,3.30939056621371,0.0447638225730925,0.107054214077369,-0.0244886802358653,0.488660032714378,-0.439784084098747,0.0167896187014841,0.0255926957189918,-0.1851664389612,-0.0131910595451607,90,1019,178,-209,962,111,97,1000,155,89.6222222222222,1023.11111111111,182.333333333333,-209.355555555556,963.544444444444,111.255555555556,93.1444444444444,1004.3,148.966666666667,0.503258334775646,0.503258334775646,0.503258334775646,0.503258334775646,0.503258334775646,0.503258334775646,0.503258334775646,0.503258334775646,0.503258334775646,61,49,69,46,37,51,39,39,78,447.138646696344,425.131171767252,436.978683965824,555.081428571429,370.988571428571,534.205714285714,173.629315247067,151.332067514833,184.906959143386,466557.295714286,421740.634285714,445573.32,0,92.6214746756332,0,98.1273200726793,0,113.980513556925,0,101.205725368634,0,38.2474296001619,0,104.332590251373,0,55.4265429940408,0,47.53386282596,0,154.968629978467,1
1606515,70,1000,148,-236,944,80,58,980,135,121,1049,207,-181,981,141,106,1019,194,90,1019,178,-209,962,111,87,1000,165,91.45,1022.52,180.19,-208.45,964.44,107.93,85.88,1001.19,161.48,90.1639460196109,1022.43019785731,179.521251858577,-207.922671194941,964.37665442264,106.218678437091,84.6581374595939,1001.12941499215,160.540122120232,92.0823001450333,1022.56490258565,180.518835582329,208.712936829512,964.471679210955,108.767780155706,86.4429291498154,1001.22031042124,161.950671502158,117.219696969697,92.7571717171719,119.81202020202,110.795454545455,61.7236363636362,183.378888888889,97.9854545454545,61.3069696969697,153.767272727273,10.826804559504,9.63105247193534,10.9458677226623,10.5259419790086,7.8564391656549,13.5417461536129,9.89876025295362,7.82987673574557,12.4002932516644,2.70356430979778,2.73361799182645,2.97652145149915,3.12947496880707,2.53849020835188,3.04619031203191,3.27754289303191,2.98450408115339,2.74540964005565,0.086147137058183,0.0221427310769905,-0.136169300127158,-0.0638250540863566,0.0395132152639753,0.114506007026472,-0.393623215979436,0.0933239081922649,0.170287381060484,90,1019,178,-209,962,111,87,1000,165,91.4444444444444,1022.44444444444,180.444444444444,-208.344444444444,964.255555555556,107.866666666667,86.1111111111111,1000.93333333333,161.366666666667,0.503258334775646,0.503258334775646,0.503258334775646,0.503258334775646,0.503258334775646,0.503258334775646,0.503258334775646,0.503258334775646,0.503258334775646,51,49,59,55,37,61,48,39,59,446.746928629632,425.461566164688,436.234099409982,554.64,370.251428571429,535.092857142857,134.793769161638,195.895282738047,159.600835244883,465730.791428571,422398.774285714,444061.075714285,0,82.350598834722,0,61.8284134468792,0,89.2153376990452,0,97.2583222401829,0,45.5378835827129,0,133.472341921866,0,90.7300108152647,0,50.7187564014027,0,131.228369547082,1
1608078,50,1000,138,-245,944,70,58,990,116,101,1058,188,-200,981,121,106,1019,194,70,1029,168,-227,962,101,77,1004.5,155,72.52,1028.3,167.3,-227.99,961.66,97.59,80.81,1003.8,157.04,70.9000168252437,1028.19192101523,166.397129838546,-227.596744157187,961.601826445019,95.8583462555003,79.7838409520595,1003.74047948548,155.514243953963,73.2872430918233,1028.35413161031,167.737294600813,228.184946918065,961.689055776346,98.4021849350918,81.3041819342646,1003.82971663525,157.777184662422,112.999595959596,112.454545454545,147.989898989899,89.8281818181819,56.4488888888889,160.789797979798,80.9231313131312,60.2626262626263,234.422626262626,10.6301268082557,10.6044587534935,12.1651099045549,9.47777304107784,7.51324755940391,12.6802917150907,8.99572850374728,7.76290063459699,15.3108662806069,3.18247305781797,3.19061428775128,2.55071047365683,2.89446813900638,3.43615234150996,2.55988334845787,3.05666017977491,2.58573957307971,2.79378728284554,-0.013452348472409,0.190806560738858,-0.305623796246632,0.116167806717655,-0.116328985665535,-0.245438327198377,-0.075722294593721,-0.176635580348563,-0.148993909439278,70,1029,168,-227,962,101,77,1009,165,72.5555555555556,1028.22222222222,167.555555555556,-228.2,961.866666666667,97.8222222222222,80.7777777777778,1003.72222222222,157.055555555556,0.503258334775646,0.503258334775646,0.503258334775646,0.503258334775646,0.503258334775646,0.503258334775646,0.503258334775646,0.503258334775646,0.503258334775646,51,58,50,45,37,51,48,29,78,447.628128694114,425.678360221214,436.873334733632,543.48,356.254285714286,532.135714285714,155.77407706361,160.91885645675,235.553673765067,467579.588571429,422827.371428571,445362.047142857,0,89.2002892765357,0,95.7374209199521,0,103.944599507835,0,86.7899191249778,0,48.3519747860855,0,129.668141153711,0,77.0307512918126,0,48.6270657362965,0,200.54633775924,1
1609640,50,1009,138,-254,944,70,48,980,126,111,1049,188,-200,981,121,97,1019,184,80,1029,163,-227,962,101,77,1000,155,77.18,1026.8,163.9,-228.89,960.94,98.07,78.64,1003.4,156.08,75.1015621659888,1026.72119919795,163.129562051302,-228.493403461006,960.876140038089,96.3219810731379,77.4529838024119,1003.33533325428,155.140516320365,78.1746762065568,1026.83952008091,164.284509312351,229.089131125857,960.972018323114,98.9190072736276,79.1820686771948,1003.43230962532,156.543093108575,156.088484848485,81.9797979797979,127.464646464646,92.119090909091,62.1579797979798,168.934444444445,86.4145454545455,65.4949494949495,146.23595959596,12.4935377234987,9.0542695994651,11.2900242012427,9.59786908168115,7.88403321897998,12.9974783879199,9.29594241884842,8.09289500086029,12.0928061092519,3.00778794544646,2.93962701012743,2.47673068938111,3.81978028318382,2.93253079853071,2.36134622939215,3.36479352906606,3.53454943045873,2.50929011950645,0.101987250513666,0.364220706310154,0.0924540894276412,-0.227193194256053,0.35568372345385,0.00379504635789658,-0.41069755147837,-0.069088491940589,-0.047042959029625,80,1029,158,-227,962,101,77,1000,155,77.1444444444444,1026.66666666667,163.777777777778,-228.6,960.766666666667,98.1333333333333,78.7777777777778,1003.5,156.133333333333,0.503258334775646,0.503258334775646,0.503258334775646,0.503258334775646,0.503258334775646,0.503258334775646,0.503258334775646,0.503258334775646,0.503258334775646,61,40,50,54,37,51,49,39,58,446.911944879452,425.491010066632,436.552237423352,543.377142857143,355.765714285714,530.622857142857,162.021952532967,174.712866620515,147.937395434162,466071.462857143,422457.437142857,444707.974285714,0,124.768559321861,0,64.0135543872487,0,105.564544088945,0,76.8011030033079,0,56.6441972020168,0,136.696881064882,0,82.9648626511396,0,63.98582717456,0,110.114748366433,1
1611203,70,1000,128,-227,944,60,58,980,126,121,1049,188,-190,981,111,97,1019,194,101,1029,158,-209,962,90,87,1000,155,98.43,1025.24,158.7,-208.32,965.1,90.36,83.51,1004.17,155.6,97.0656382054542,1025.1192580415,157.775751744446,-208.019341772541,965.040691396183,88.4756934095181,82.4632600745087,1004.10069637403,154.478139509077,99.0678050629971,1025.30022920118,159.154641779623,208.469086437294,965.129638960487,91.2269696964664,84.0127966443208,1004.20467535259,156.160046106551,127.237474747475,124.749898989899,145.969696969697,62.7652525252526,57.7878787878789,159.020606060606,85.0807070707071,70.3445454545455,176.363636363636,11.2799589869589,11.1691494300103,12.0817919602059,7.92245243123949,7.60183390951676,12.6103372698991,9.223920374261,8.38716551968217,13.2801971507819,2.8852386891499,2.67261641005871,2.64297320401543,3.14501968465262,2.68875760808004,2.6073779547995,2.46674289350792,2.90992364713836,3.2296817467909,-0.327145232590764,-0.196207716897879,-0.0655162204203864,0.128180878945026,-0.0508041036890138,-0.312819178499057,-0.154578154521112,0.0997105156754552,0.186946408790164,101,1029,148,-209,962,90,77,1000,155,98.6444444444444,1025.44444444444,158.888888888889,-208.5,964.988888888889,90.6777777777778,83.7777777777778,1004.24444444444,155.355555555556,0.503258334775646,0.503258334775646,0.503258334775646,0.503258334775646,0.503258334775646,0.503258334775646,0.503258334775646,0.503258334775646,0.503258334775646,51,49,60,37,37,51,39,39,68,446.675744075169,424.955974961279,437.019097078552,549.587142857143,363.06,532.834285714286,192.434626321767,159.411683643079,191.404083314155,465593.652857143,421395.831428571,445659.06,0,96.3467226803239,0,109.139336789827,0,123.076259811689,0,53.3663515404008,0,46.5741783121032,0,106.864755098854,0,78.0233300718588,0,53.4794909247649,0,149.608669783296,1
1612765,10,1000,138,-263,944,60,67,990,106,111,1058,217,-181,990,131,106,1038,184,40,1029,188,-227,962,101,87,1000,145,45.44,1028.09,183.6,-227.31,958.91,97.47,85.94,1003.61,140.88,35.5342265573302,1027.97112144063,182.085173774031,-226.214084782118,958.818395734488,94.5052002017254,84.5764169373325,1003.53870439793,139.573344614275,50.3412355827705,1028.14952706306,184.3201019965,227.813761656314,958.95606260141,98.807742611599,86.6038105397216,1003.6458190019,141.540241627602,474.188282828283,123.638282828283,267.616161616162,231.589797979798,89.2342424242422,265.221313131313,115.693333333333,72.6241414141414,188.349090909091,21.7758646861217,11.1192752834114,16.3589780125826,15.2180747133071,9.44638779768448,16.2856167562458,10.756083549942,8.52197989989072,13.7240333324096,3.52318304802194,3.04400798632381,3.10997800362539,4.70043289333504,3.60993978133773,2.39998924924935,2.15444969696736,4.89950393885858,3.58481997426393,0.882496116417249,0.161572179486721,-0.35258790590927,1.01167943832597,0.604463003263662,-0.318529447021267,-0.0351147500079564,0.600008435542253,0.366867238282973,40,1029,188,-227,962,101,87,1009,145,44,1027.88888888889,183.944444444444,-228.2,958.411111111111,97.8,85.8777777777778,1003.2,140.622222222222,0.503258334775646,0.503258334775646,0.503258334775646,0.503258334775646,0.503258334775646,0.503258334775646,0.503258334775646,0.503258334775646,0.503258334775646,101,58,79,82,46,71,39,48,78,448.156494776533,424.522552526706,435.958245714402,538.77,355.315714285714,527.327142857143,640.63982007103,419.066407780733,190.219488950752,468685.538571429,420539.49,443502.338571429,0,340.715921236846,0,96.5382602044221,0,189.346108011978,0,231.445178913055,0,89.1259469484002,0,235.680129352286,0,86.558231222806,0,49.93176965934,0,150.228451655442,1
1614328,-171,1000,108,-400,898,-20,19,980,67,141,1058,207,-172,990,181,145,1038,213,20,1029,168,-254,953,90,87,1009,126,19.36,1028.3,169.44,-259.24,951.85,91.3,80.32,1007.99,129.26,0,1028.19951542658,166.602029388747,-250.083767619238,951.432439464794,92.0797349687858,67.1717502534057,1007.84922990712,120.427549363726,58.542975667453,1028.35024189232,170.734003643094,264.075633105366,952.056537186737,98.9151151240295,84.5833316912972,1008.06063805706,133.788714023269,3083.30343434343,104.373737373737,444.632727272727,2556.12363636364,397.199494949495,1463.14141414141,710.138989898989,143.848383838384,1203.30545454546,55.5275016036507,10.216346576626,21.0863161143128,50.5581213690109,19.929864398673,38.2510315434945,26.6484331603002,11.9936809961906,34.6886934684121,3.95545262075708,3.4670621221483,3.09687624875745,3.26071659564852,3.16062159741007,4.42848236877134,2.54390507071774,3.5150579908803,2.23255316020164,-0.853123434359697,0.0260252746681339,-0.421796373049543,-0.65941514330297,-0.469641066826867,-0.197114633981702,-0.441546857456495,0.334943560047305,0.446361183846592,10,1029,168,-254,953,90,87,1009,126,22.7666666666667,1028.22222222222,169.988888888889,-256.6,952.622222222222,91.8333333333333,80.8777777777778,1007.54444444444,128.477777777778,0.626275189074183,0.626275189074183,0.626275189074183,0.626275189074183,0.626275189074183,0.626275189074183,0.626275189074183,0.626275189074183,0.626275189074183,312,58,99,228,92,201,126,58,146,447.437176649886,425.529043034358,437.282591295817,521.614285714286,335.961428571429,521.815714285714,3142.41542477306,3272.18246575732,1406.9763321017,467177.828571429,422542.195714285,446245.718571428,0,2597.09971118053,0,80.8879017311662,0,401.878947185873,0,2214.87626491379,0,370.317558600843,0,1661.44972194492,0,601.75241976486,0,146.189461981904,0,836.826831232967,1
1615890,0,990,178,-263,944,80,67,980,116,111,1049,237,-163,981,151,106,1028,174,40,1029,198,-236,953,116,87,1000,145,40.42,1023.91,200.2,-229.08,956.86,115.82,85.59,1004.62,143.95,0,1023.8079399756,199.535763580648,-226.548062485824,956.789331227988,113.837819724903,84.7157236027026,1004.54345406116,142.665261708238,48.1063405384363,1023.96093187191,200.534286345253,230.217071478203,956.895427933481,116.780649081943,86.0190095269645,1004.65830012,144.592772986758,687.316767676768,105.355454545455,135.313131313131,527.528888888889,68.4852525252525,225.704646464646,74.3655555555556,77.7329292929293,187.340909090909,26.216726868104,10.2642805176717,11.6324172601025,22.9679970587095,8.27558170313438,15.0234698543528,8.62354657641249,8.81662800014435,13.6872535262159,2.34205168246997,3.28275650109598,3.28630536508271,3.27798373964764,3.19332769313593,2.86688055614801,2.27374588358207,2.95943290103161,2.19028344927609,0.455305689134475,-0.167691333264332,0.25167632543453,0.821910954739071,0.327614215470482,0.0405635357105834,-0.0272061985891243,0.100496917571479,0.144876046288048,20,1029,198,-245,962,121,87,1000,135,39.4444444444444,1023.88888888889,200.055555555556,-230.366666666667,956.533333333333,115.744444444444,85.7777777777778,1004.64444444444,144.011111111111,0.51644904828435,0.51644904828435,0.51644904828435,0.51644904828435,0.51644904828435,0.51644904828435,0.51644904828435,0.51644904828435,0.51644904828435,111,59,59,100,37,71,39,48,58,447.631045429181,424.749066504436,436.548990631002,541.941428571429,361.542857142857,528.925714285714,694.757258871011,551.919444707198,191.550978920815,467581.804285714,420979.919999999,444704.845714286,0,558.124030309291,0,77.576213068939,0,121.506548646065,0,483.366853952142,0,57.507888316598,0,182.176519760029,0,61.8449565360817,0,55.2110278548366,0,129.963592844348,1
1617453,60,1000,158,-218,944,60,67,990,126,131,1049,227,-154,1000,151,126,1019,184,80,1019,198,-190,972,121,87,1004.5,155,87.59,1020.83,198.99,-185.64,968.34,115.49,93.08,1003.2,157.1,84.8116190848997,1020.74262987641,197.988904659692,-184.221134902166,968.259476763594,112.740076366741,91.5073642617952,1003.13402124898,156.011187702336,89.0735089687164,1020.87382667987,199.483457960804,186.334967196176,968.380338503421,116.661433215952,93.8783255070093,1003.23292410088,157.61846338548,264.729191919192,90.3849494949495,198.616060606061,261.121616161617,78.9135353535353,274.696868686869,150.761212121212,66.7272727272727,164.818181818182,16.2705006659043,9.50709995187542,14.0931210385088,16.1592579087536,8.88332906930365,16.5739816787297,12.278485742192,8.16867631426737,12.8381533648022,2.70627107362146,3.54459371145606,2.83764953609983,2.31570993068771,3.91534409089335,3.45829480211221,3.09283505906899,2.30021423839776,3.03494591769748,0.643919320914365,0.374332138743631,-0.0479360421437349,0.101237226714797,0.237375284019843,-0.649495903819173,0.404809511491402,-0.232147239429294,-0.410992430603672,80,1019,198,-200,972,121,87,1009,155,86.8222222222222,1020.55555555556,198.933333333333,-185.7,968.277777777778,116.155555555556,92.8111111111111,1003.05555555556,157.455555555556,0.503258334775646,0.503258334775646,0.503258334775646,0.503258334775646,0.503258334775646,0.503258334775646,0.503258334775646,0.503258334775646,0.503258334775646,71,49,69,64,56,91,59,29,58,447.404973040121,425.566099946071,437.073618554247,560.318571428571,384.938571428571,537.162857142857,340.844476872503,340.841196774734,215.874633633036,467104.761428572,422610.467142857,445771.294285714,0,219.9256745954,0,67.5750711344991,0,155.965192560983,0,212.758486224229,0,57.6981706513129,0,199.326140194754,0,129.779141271592,0,53.0682807620184,0,116.92147963777,1
1619015,20,1009,148,-245,944,70,58,990,126,80,1039,207,-181,981,131,97,1019,174,50,1029,178,-227,962,101,77,1009,155,48.5,1026,181.53,-223.44,961.36,100.74,73.67,1004.09,153.38,45.3980435605037,1025.92869446567,180.492047094956,-222.438823049863,961.275300117692,99.4842682203382,72.7511542804505,1004.03396536047,152.489068476042,49.9299509312797,1026.035574432,182.045461355124,223.908106150715,961.402423545936,101.352059673201,74.131302430215,1004.11797613627,153.805396524309,142.171717171717,73.7373737373737,189.302121212121,211.521616161616,82.3943434343435,124.941818181818,68.869797979798,56.7493939393939,131.995555555556,11.9235782033632,8.58704685776046,13.7587107394596,14.5437827322061,9.07713299640054,11.1777376146436,8.29878292159748,7.53321936089703,11.4889318718302,2.71750549738303,2.45918558829049,2.26849078747533,3.78959296630658,2.55447959755091,2.65283983462367,3.09051264230169,2.70824999748139,2.89346789446098,0.183701188510216,-0.250115328254745,0.0267310248570192,0.843324340710971,0.201567126409258,-0.0105129452660477,0.280514620418962,-0.182565137479385,-0.458351962039026,50,1029,188,-227,962,90,77,1009,155,48.3333333333333,1026.22222222222,181.533333333333,-224.4,961.233333333333,100.766666666667,73.5777777777778,1004.04444444444,153.655555555556,0.503258334775646,0.503258334775646,0.503258334775646,0.503258334775646,0.503258334775646,0.503258334775646,0.503258334775646,0.503258334775646,0.503258334775646,60,30,59,64,37,61,39,29,48,447.095105550193,425.265810942926,436.501615947106,538.298571428571,359.425714285714,527.631428571429,201.204077548744,223.409468667326,135.124820696967,466449.664285714,422015.014285714,444601.911428571,0,124.388955269035,0,66.2996047167194,0,158.905643807483,0,203.161574432609,0,69.0044914255797,0,98.168159187247,0,61.1832314255021,0,50.034357678734,0,94.0073264950687,1
1620578,10,980,-108,-272,944,-60,48,980,77,141,1078,198,-90,1027,131,165,1038,174,50,1029,158,-236,962,90,87,1000,135,52.99,1029.19,144.74,-222.88,962.29,79.43,95,1004.68,132.27,43.6228654981449,1028.98607011229,109.933969416995,-213.082331548763,962.058668272737,0,89.8626189258113,1004.58024017863,128.777074558406,58.6846657995085,1029.2919459512,153.470583500552,225.771388798492,962.409034662497,86.1575881742287,97.927932685215,1004.73011301543,133.898207605629,642.373636363636,211.973636363636,2629.85090909091,1310.32888888889,231.420101010101,1125.25767676768,570.585858585859,101.714747474748,437.754646464646,25.3450909716978,14.5593144194236,51.2820720046578,36.1984652836124,15.2124981843911,33.5448606610264,23.8869390794605,10.0853729467357,20.9225869926414,5.4763812068961,4.35466008084165,12.7636680492461,7.40849553608011,7.27779751808076,7.86330981824328,3.45641262363356,4.84204014631986,2.21581211765698,1.56406685377562,0.0375874658351922,-3.01971430096156,2.12130681355992,1.89681005439539,-2.0131885588922,0.995176508045322,0.506038057675679,-0.186541807312749,40,1029,168,-236,953,90,87,1000,145,50.6,1029.11111111111,152.577777777778,-227.1,960.711111111111,83.4222222222222,93.6444444444444,1004.41111111111,132.433333333333,0.532546308974078,0.532546308974078,0.532546308974078,0.532546308974078,0.532546308974078,0.532546308974078,0.532546308974078,0.532546308974078,0.532546308974078,131,98,306,182,83,191,117,58,97,446.671139742048,425.244124693176,436.407639517836,525.822857142857,350.931428571429,527.978571428571,2702.25831323683,2342.62968484709,807.32454344721,465616.722857143,421983.000000001,444429.089999999,0,543.711165537905,0,168.618689093596,0,2705.19972130281,0,1386.94509575852,0,230.977631054591,0,1100.36257718485,0,494.69317512818,0,101.458058829219,0,289.427524029953,1
1622140,50,911,59,-300,944,-40,77,980,58,343,1068,485,27,1018,181,194,1028,165,111,1029,148,-172,972,80,145,1000,111,117.15,1023.86,154.33,-170.8,973.85,79.01,142.48,1001,110.81,107.736549030182,1023.3844215028,144.611908325634,0,973.711525267933,78.3802513092485,136.366847556094,1000.88363281135,106.64972237322,124.714914905957,1024.08508435579,163.515534430219,176.710554297133,973.919016140459,84.4405708175874,144.944886077433,1001.0583899054,112.666277119642,1848.1691919192,465.616565656565,2949.07181818182,2074.72727272727,135.785353535354,896.595858585859,715.625858585859,118.080808080808,419.024141414141,42.9903383554863,21.5781501907964,54.3053571775549,45.5491742266232,11.6526972643828,29.9432105590877,26.7511842464191,10.8664993480333,20.4700791745939,16.6579123789498,13.4253426871432,26.7578047335565,8.73209554053144,4.79678663088732,7.68439881619081,3.29699633522032,3.34544158658121,3.21141977469145,3.26174950603851,-2.39909660615722,4.52821920638947,1.3074290062447,-0.221478396204163,-0.140174780925611,-0.598667175537723,0.354846626383619,-0.070616582744295,121,1029,138,-172,981,70,145,1000,116,111.711111111111,1025.58888888889,147.444444444444,-173.655555555556,974.2,79.1777777777778,143.588888888889,1000.66666666667,111.088888888889,0.506582677431054,0.506582677431054,0.506582677431054,0.506582677431054,0.506582677431054,0.506582677431054,0.506582677431054,0.506582677431054,0.506582677431054,293,157,426,327,74,221,117,48,107,447.615903577423,425.731650811913,436.15783358047,555.145714285714,378.025714285714,537.552857142857,4658.13600969382,2150.09361790649,729.470175584928,467589.171428571,422946.462857143,443923.118571429,0,2053.29876173936,0,507.418269706884,0,3342.96040661743,0,2271.26272831395,0,110.978936373644,0,903.983598517989,0,648.640586224655,0,100.590969607847,0,361.734615799311,1
1623703,70,990,118,-254,944,50,77,980,97,161,1049,198,-145,1000,131,184,1028,155,111,1024,168,-190,972,90,126,1000,126,110.27,1023.43,166.2,-195.39,969.73,86.61,124.45,1000.91,123.44,107.164239447762,1023.32897873679,164.71768681872,-190.772531177282,969.578147422444,82.4693202244856,118.378312410991,1000.80668397137,121.692756734676,111.799686940528,1023.4803222339,166.898771715073,197.724985775698,969.805934195084,88.5206755509694,127.270695763007,1000.96144281386,124.309533021406,343.128383838384,104.045555555555,235.111111111111,927.189797979798,148.764747474747,337.997878787879,717.199494949495,104.022121212121,217.602424242424,18.5237248910251,10.2002723275193,15.3333333333333,30.4497914275254,12.1969154901863,18.3847186213953,26.7805805566178,10.1991235511744,14.7513533020677,2.52312629525285,3.38995453365672,3.12892309183481,1.85324464229124,2.74179900887479,2.51555640610703,1.92311677696241,3.10488349218286,2.45586360902159,0.194954859319198,-0.351005698810903,-0.404738040632647,-0.236653522434674,0.0331692494345322,0.0311275378182189,-0.089810308013287,-0.388632270930842,0.156011157180322,101,1029,178,-181,972,90,145,1000,126,110.022222222222,1023.66666666667,166.555555555556,-194.733333333333,969.711111111111,86.6222222222222,124.311111111111,1000.96666666667,123.155555555556,0.503258334775646,0.503258334775646,0.503258334775646,0.503258334775646,0.503258334775646,0.503258334775646,0.503258334775646,0.503258334775646,0.503258334775646,91,59,80,109,56,81,107,48,58,446.983762209719,425.857465935297,435.689793260854,557.1,368.978571428571,535.2,405.232150570255,1143.79842138634,748.879627172378,466228.431428571,423194.841428571,442960.499999999,0,209.584007804535,0,75.9857229923851,0,181.76096004129,0,620.21856058217,0,114.119085826269,0,280.489849364122,0,538.177199529406,0,80.7385612212239,0,162.654059400895,1
1625265,80,990,128,-218,944,30,67,980,126,161,1039,198,-127,1000,121,126,1019,194,121,1019,158,-181,972,80,97,1000,165,121.79,1022.73,158.3,-173.91,972.83,85.66,95.28,1001.47,162.21,118.196216385241,1022.6380950795,156.600267784259,-170.924526696801,972.728230338449,80.2041769718528,93.1456345737294,1001.40163435686,160.998764466943,123.547925923505,1022.77581610048,159.13453427839,175.356294440776,972.880861154129,87.896302538844,96.2820855611261,1001.50413379077,162.790202407884,435.642323232323,94.6637373737374,267.585858585859,510.244343434343,99.960707070707,392.044848484848,193.900606060606,69.0596969696969,190.470606060606,20.8720464553029,9.72952914450321,16.3580517967715,22.5885887880218,9.99803516050564,19.8001224361075,13.9248197855702,8.31021642135131,13.8011088706888,1.89676050185635,3.45744326696413,2.56377852857539,1.79471898294478,3.33462238985381,2.48674204312097,2.76279277722417,3.31751135960539,3.19514520329241,0.0735817418648317,-0.288408588376241,0.00731824411594148,0.107120099438027,-0.0191119826946199,-0.271123227043343,-0.127690485832548,-0.152683718004529,-0.287318809853148,111,1019,168,-190,972,80,97,1000,155,121.711111111111,1023,158.111111111111,-173.966666666667,972.855555555556,86.2333333333333,95.3666666666667,1001.46666666667,162.588888888889,0.503258334775646,0.503258334775646,0.503258334775646,0.503258334775646,0.503258334775646,0.503258334775646,0.503258334775646,0.503258334775646,0.503258334775646,81,49,70,91,56,91,59,39,68,446.736310974801,425.325858302551,436.787519661283,558.351428571429,379.105714285714,539.554285714286,586.974874169849,844.046922617634,260.396560535465,465710.682857143,422131.182857143,445192.037142857,0,301.05157935869,0,59.7991053403647,0,202.043187270139,0,369.090898105179,0,74.0094410747573,0,271.914992788247,0,157.445327146944,0,61.7604570711005,0,157.160616062061,1
1626828,70,1000,138,-245,944,50,58,980,126,141,1058,198,-127,1000,141,126,1047,203,111,1019,168,-181,972,101,97,1000,165,113.21,1023.52,167.1,-185.28,971,96.52,96.06,1002.18,160.5,111.193745462707,1023.40069403373,166.25531668666,-183.247364436668,970.881335692891,93.7656754621373,94.3461409986382,1002.05741012168,159.114896420779,114.110954776481,1023.57989429258,167.52492351886,186.298738589396,971.05924639025,97.8075661694943,96.7798532753589,1002.24174728456,161.183621996777,206.874646464646,123.848080808081,143.626262626262,382.365252525252,116.222222222222,252.73696969697,140.218585858586,125.017777777778,222.131313131313,14.3831375737231,11.1287052619827,11.9844174921547,19.5541620256469,10.7806410858642,15.8977032837127,11.8413929019599,11.1811349056246,14.9040703544808,3.37356679586589,3.29197723927921,3.00232581902616,4.64804827054509,3.56269806736917,3.59240313812184,5.06823854759742,5.51771389856943,2.98387251409485,-0.498346679861672,0.399580011950676,0.244551149929501,-0.428912431646376,-0.0999511524999123,0.121671150079834,-0.803861220015571,0.711454351261984,0.054027365113788,121,1019,158,-181,972,101,97,1000,165,113.622222222222,1023.22222222222,167,-184.9,971.022222222222,96.4111111111111,96.6444444444444,1001.85555555556,160.288888888889,0.503258334775646,0.503258334775646,0.503258334775646,0.503258334775646,0.503258334775646,0.503258334775646,0.503258334775646,0.503258334775646,0.503258334775646,71,58,60,118,56,91,68,67,77,447.17010470995,425.809368254332,437.001540288244,558.784285714286,378.102857142857,539.46,207.052830571728,553.847501001493,232.496057774153,466629.304285715,423098.4,445643.58,0,189.504160545591,0,98.1020653395251,0,123.634240928538,0,426.513720915542,0,106.53375470728,0,217.873718873122,0,128.706086185527,0,118.895590342851,0,188.786106918988,1
1628390,90,1000,148,-209,944,70,77,971,116,141,1049,198,-163,990,131,116,1019,194,111,1029,168,-181,972,90,97,1000,155,115.68,1022.82,169.8,-184.05,969.97,95.18,94.88,1001.91,157.89,114.816082291091,1022.74292916437,169.030730709474,-183.599805753664,969.896957072098,93.2961012780967,94.065517212206,1001.81845275298,156.313594642326,116.102454754411,1022.85843595289,170.184605649277,184.278837634711,970.006407195334,96.0878764465112,95.269827332687,1001.95559282834,158.646052582471,98.9066666666667,79.4218181818181,132.080808080808,85.1388888888889,71.3425252525252,175.401616161616,74.8743434343434,92.2847474747474,241.735252525252,9.94518308864481,8.91189195299282,11.4926414753445,9.22707369044427,8.44645045285446,13.2439275202493,8.65299621139079,9.60649506712762,15.547837551417,2.81596483438733,3.08518492366697,2.66072023956518,3.66817520848541,3.26296643268601,2.65744367693443,2.61863536794681,3.34590132826697,2.80894110100136,-0.0748109220569514,-0.278245787595743,0.125774703202914,-0.46538311551963,-0.340299704628835,-0.00065357238477414,-0.309237051137641,-0.390557594749252,-0.205669245389067,111,1029,168,-181,972,90,97,1000,165,115.777777777778,1022.77777777778,169.777777777778,-183.633333333333,970.2,95.1444444444444,95.1444444444444,1002.16666666667,158.122222222222,0.503258334775646,0.503258334775646,0.503258334775646,0.503258334775646,0.503258334775646,0.503258334775646,0.503258334775646,0.503258334775646,0.503258334775646,51,49,50,46,46,61,39,48,78,447.154160817949,425.136837513329,436.652597856146,560.7,377.614285714286,537.72,140.048053237491,182.961673653939,244.331170365494,466577.982857143,421758.857142856,444925.680000001,0,70.4865095206375,0,69.5661825549903,0,81.3569812518401,0,85.0039530396592,0,46.8544870025285,0,156.592984558436,0,66.46660628394,0,78.1460639649219,0,163.594170672001,1
1629953,80,1000,138,-200,953,60,77,980,135,141,1049,198,-163,990,131,116,1019,184,111,1019,168,-181,972,90,97,1000,155,114.86,1022.32,165.4,-185.01,970.73,92.47,98.11,1001.38,157.43,113.786279522461,1022.22689400114,164.464726952675,-184.619258639394,970.667572459875,90.7093342547182,97.6564622981717,1001.3272345791,156.418066025053,115.372267031553,1022.36655852977,165.868622710867,185.205912432622,970.761160121273,93.3443624435884,98.329192003189,1001.40627120066,157.93311875601,119.131717171717,96.159191919192,156.808080808081,73.2625252525253,61.1081818181819,164.110202020202,43.4928282828283,53.1470707070708,160.267777777778,10.9147476916197,9.80607933473883,12.5223033347736,8.55935308609975,7.81717223925518,12.8105504183154,6.59490927024992,7.29020374935233,12.6596910617036,3.54444776914796,2.61696762865151,2.95814239404292,2.55378608234001,3.01602624766491,3.34554865660936,3.35985954274533,3.99304438157888,2.24994541407647,-0.202213295056873,0.0302072040572395,0.190489373009637,-0.143847349482602,-0.196681556007295,0.312042667122653,-0.325761240051751,-0.562225684741846,0.0481403726845394,111,1029,168,-181,972,90,97,1000,165,115.111111111111,1022.22222222222,165.222222222222,-185,970.944444444444,92.2444444444444,98.2888888888889,1001.7,157.311111111111,0.503258334775646,0.503258334775646,0.503258334775646,0.503258334775646,0.503258334775646,0.503258334775646,0.503258334775646,0.503258334775646,0.503258334775646,61,49,60,37,37,71,39,39,49,446.613180729152,425.415451965166,436.507091884337,558.248571428571,376.367142857143,538.68,187.266853729299,164.650957996718,161.973974343785,465452.802857143,422310.698571429,444611.151428572,0,100.276126493773,0,79.1585390885039,0,103.423857897322,0,65.2686964608078,0,48.5480851679219,0,105.686292782684,0,37.8733639640752,0,37.1536359599285,0,126.879798096357,1
1631515,-828,490,-900,-590,712,-242,-194,904,-48,1383,1529,504,254,1212,535,194,1209,271,131,1039,178,-209,957.5,161,106,990,155,135.9,1058.33,157.64,-218.42,956.91,139.47,77.97,999.98,147.56,324.984497378575,1028.15100149802,194.106282353736,-230.43343842416,949.675029371899,183.081097619941,0,996.164472246064,0,374.311608155558,1069.77777598901,227.537908929479,271.876699994685,960.423286889692,188.936841298885,116.78771339486,1002.01060872627,156.867778718257,122869.060606061,24608.1829292929,27195.0812121212,26474.3874747475,6804.18373737374,16409.3425252525,7636.41323232323,4106.32282828283,2862.16808080808,350.526832933031,156.869955470424,164.909312084313,162.709518697424,82.4874762456322,128.098955988144,87.3865735243306,64.0805963477466,53.4992343945975,7.75073132898342,6.47711083713569,20.3788356550641,4.54507609593287,4.13475107387628,5.49400665556371,3.76592815411548,4.20954576707431,4.35618207329487,0.961958907926288,-0.764360260804584,-3.36559735248635,0.449175474362618,-0.0365586462615439,-0.858507960085775,-1.19775350859751,1.14160743591818,-0.705050804989312,111,1029,178,-181,953,90,106,990,194,121.488888888889,1066.37777777778,173.722222222222,-223.611111111111,957.233333333333,145.877777777778,84.5777777777778,994.855555555556,149.744444444444,0.644836841689628,0.644836841689628,0.644836841689628,0.644836841689628,0.644836841689628,0.644836841689628,0.644836841689628,0.644836841689628,0.644836841689628,2211,1039,1404,844,500,777,388,305,319,487.556669044716,434.311144388286,436.678251054505,579.372857142857,376.268571428571,525.218571428571,142935.270592122,34206.1448992093,9037.492295026,572703.072857143,442297.268571428,446688.055714286,0.519403299022541,139302.637582966,0.0841161044615555,25369.4617016623,0.242199872212193,26296.6438473217,0.323171588763323,31099.8281273712,0.31423696016178,7671.06987960778,0.117855359785773,19428.8528384314,0.0611071475803068,8575.0754704566,0.358201218770224,4630.76669832123,0,2927.87763396087,1
1633078,-1242,0,-1693,-945,592,-272,-203,800,-9,1878,1911,732,636,1398,797,320,1457,388,121,1083,227,-176.5,962,191,101.5,971,126,135.68,1136.89,191.24,-113.94,990.05,169.13,97.33,1004.89,125.65,0,0,168.377510410974,354.808278396678,968.499928204699,502.284042760078,0,990.068215575765,82.1870630838538,532.032724557428,1219.31914198047,342.631026032378,400.966931304815,1001.12826850509,285.574981397181,131.035911108368,1012.88210074026,141.214482260142,267322.987474747,196182.119090909,81639.6791919193,149285.006464646,22281.6237373737,53482.9425252525,7775.03141414141,16289.1291919192,4195.56313131313,517.032868853371,442.924507214163,285.726581178439,386.374179345161,149.270304271726,231.263794237776,88.1761385758155,127.628872877258,64.7731667537811,7.00303156615587,2.91965375875139,22.1624713524601,2.3918205569447,4.05035421243291,2.78607754474708,4.53570659069682,3.42868541039318,4.57999676783128,1.262246150302,-0.420847575876526,-3.53405757208723,-0.108471337464149,0.647601102090308,0.198512026758553,-0.731599685668239,0.840549170300054,0.619839647051792,131,1019,237,-218,953,191,116,895,126,104.166666666667,1150.41111111111,221.733333333333,-111.344444444444,983.733333333333,164.244444444444,100.9,997.011111111111,124.011111111111,0.62085166808952,0.62085166808952,0.62085166808952,0.62085166808952,0.62085166808952,0.62085166808952,0.62085166808952,0.62085166808952,0.62085166808952,3120,1911,2425,1581,806,1069,523,657,397,555.181705789612,470.692597526269,438.347818691933,627.347142857143,447.96,526.23,405195.414913122,171875.386601533,18307.9314248854,808797.432857143,533393.725714286,455589.467142857,0.278767949637188,268288.478133905,0.0462892536369633,234052.16365513,0.278590998522151,79478.4922891999,0.0826119465775977,171001.193500905,0.54818097388667,25755.8273311578,0.189148372127189,61443.7078953154,0.245426219312613,9024.76715224695,0.306160050250087,19373.3256871985,1.26999090150287,4723.01975000048,1
1634640,-1414,-58,-1841,-1009,638,-505,-223,800,-106,2090,2215,722,727,1425,1151,407,1647,427,156,1088,217,-195,953,181,87,1004.5,135,286.88,1204.18,124.88,-173.92,975.23,170.62,75.41,1023.43,126.9,214.075020594045,1278.19037338611,0,-689.956573983869,955.445762048063,0,0,1002.83615721765,0,694.807354595502,1272.18886962589,390.784953650982,391.332978421191,985.117145318261,296.429755591439,132.556365369604,1035.17368107965,151.457980971621,404502.147070707,170116.20969697,138502.894545455,124134.68040404,19578.0172727273,59352.9450505051,12004.5675757576,24419.7829292929,6904.95959595959,636.004832584397,412.451463443845,372.15977018675,352.327518658478,139.921468233889,243.62459861538,109.565357553186,156.268304301585,83.0960865261391,4.20662846512771,3.73902241333501,15.2094179819452,2.84708799668088,3.51274770151515,5.38997881455456,3.5840692362596,5.76088571876032,4.18236848601828,0.87581498857839,-0.0106563941688824,-3.03522414436497,0.123544243680396,0.367977505528818,0.41123736707141,0.111379466157811,1.3292672215359,-0.00299464934415315,171,1019,207,-236,953,181,97,895,77,267.255555555556,1208.5,167.577777777778,-178.988888888889,973.255555555556,166.355555555556,74.6111111111111,1009.36666666667,127.711111111111,0.692080881944536,0.692080881944536,0.692080881944536,0.692080881944536,0.692080881944536,0.692080881944536,0.692080881944536,0.692080881944536,0.692080881944536,3504,2273,2563,1736,787,1656,630,847,533,602.779859469865,464.764454699245,446.683661439498,692.545714285714,416.541428571429,525.317142857143,536921.885285798,143554.311419047,26865.7413888138,965971.997142856,519200.524285714,476612.254285714,0.23852919702635,425044.736131032,0.199121922738882,193477.405515351,0.433539254842529,128403.361610779,0.274812488044152,145044.632451782,0.728853697154704,21967.6186679806,0.379236239903762,68233.6552101165,0.742786242664147,14075.3983487677,0.477249414025865,28459.8565106984,0.759050026635915,7022.59357143747,1
1636203,-1989,58,-2039,-1427,703,-363,-174,780,-97,1686,2235,722,845,1481,909,407,1704,368,151,1058,227,-236,948.5,202,77,994.5,130.5,181.49,1211.19,181.94,-210.1,982.72,204.37,71.96,1005.68,133.94,0,848.364570247321,238.304021047825,-569.854724440869,960.094362295052,17608.60245556,0,983.373373441028,0,511.070376758427,1277.32275091302,374.437524828909,436.820787051166,995.386819281831,304.559238901072,127.12458456176,1018.68713548371,159.352816103136,230559.908989899,166234.539292929,108183.127676768,148151.909090909,25309.4157575758,51504.2758585859,11093.3519191919,26597.1894949495,7528.68323232323,480.166542972226,407.718701181255,328.912036381717,384.905065036704,159.089332632882,226.945535004736,105.324982407746,163.086447919346,86.7679850654793,9.00641771663683,3.52977234433641,23.9630989393412,3.74328392631106,4.65372785156809,3.52322010502229,3.74456643391287,6.78630078975656,2.69645673213684,0.191037603867136,-0.0972152047472595,-3.90607392350131,-0.014507213332902,1.13716072571011,0.397600999053877,0.217401704563616,1.50647803320383,0.00954333348124785,131,1039,217,-300,935,262,67,876,223,168.555555555556,1221.21111111111,222.611111111111,-212.444444444444,971.388888888889,199.344444444444,70.2555555555556,991.355555555556,134.044444444444,0.65770477874422,0.65770477874422,0.65770477874422,0.65770477874422,0.65770477874422,0.65770477874422,0.65770477874422,0.65770477874422,0.65770477874422,3675,2177,2761,2272,778,1272,581,924,465,579.635713589476,474.292276618479,439.43489506924,674.837142857143,418.71,519.248571428571,293122.861883626,165857.70344489,28461.1051723959,871264.2,546155.85,462547.482857143,0.372063377645035,248403.060122656,0.110380374755468,195203.682680919,0.183387395760162,109961.177782409,0.33536972332504,164999.86936583,0.450092761712216,29312.8747564568,0.184181378548111,57781.7582202209,0.422268486521784,13008.5306341643,0.519126151362621,31273.2305616076,0.528033707915582,8456.18565182114,1
1637765,-1343,-58,-1663,-1018,527,-404,-145,800,-135,2080,2235,633,609,1425,1141,359,1580,417,151,1083,227,-67.5,953,166,67,956.5,135,245.94,1167.77,138.13,-100.79,974.48,164.8,70.36,1002.76,135.35,354.825391523246,0,0,-764.135132876559,949.73700043109,441.067195861387,0,983.755108483378,0,701.42972563187,1260.11856981794,396.044606073609,400.59272334879,986.747536100293,321.299735449627,120.806374004023,1013.92258087095,158.406849599378,435875.935757576,226476.805151515,139163.063737374,151834.248383838,24302.4541414141,76842.9090909091,9741.06101010101,22738.7701010101,6841.52272727273,660.209009146025,475.895792323819,373.045659051776,389.659143847335,155.892444144718,277.205535822987,98.6968135762295,150.793799942206,82.7134978541757,4.19357808645939,2.93907769101199,8.96845438970045,2.07667942703959,3.63165911974001,4.7700566513439,3.21813575487599,5.76225733378926,4.93982745844339,0.846397246035338,-0.118401044492878,-2.25600909520177,-0.233477940832895,0.432260427025616,0.743512499715159,0.0570968225580014,1.50902679775791,0.166553534574671,141,1019,217,-227,953,282,29,895,135,223,1171.53333333333,177.044444444444,-97.7444444444444,971.088888888889,151.133333333333,69.8777777777778,988.411111111111,134.322222222222,0.670257093811906,0.670257093811906,0.670257093811906,0.670257093811906,0.670257093811906,0.670257093811906,0.670257093811906,0.670257093811906,0.670257093811906,3423,2293,2296,1627,898,1545,504,780,552,596.06373108893,469.028979553648,437.82621443492,665.074285714286,445.067142857143,517.915714285714,638606.578789061,179480.947499166,24645.1571176129,958608.771428573,530305.178571429,457596.818571429,0.181353686193774,481090.50182551,0.0962046761367968,266621.083235834,0.184323496542384,150171.768826323,0.126200367628872,172229.297777543,0.449702928288815,27781.032346796,0.281920564087341,86904.9452132645,0.319414668338617,11444.7123121158,0.573592898101573,26426.738536502,1.26790833105049,6872.09756449644,1
1639328,-1343,-49,-2099,-1054,546,-505,-184,809,-48,2373,2264,861,800,1509,1272,388,1476,407,161,1029,207,-195,967,181,92,956.5,121,204.4,1136.08,166.72,-149.87,979.18,172.7,87.49,1000.15,121.91,0,1152.32539505482,259.229273421547,-2838.24517896175,952.462950068305,780.534448188933,80.9487915168528,979.95139774129,0,619.681305188401,1211.74861254305,412.161303375268,402.414798435644,992.370646482452,318.094262758699,137.404257575957,1011.52923338873,149.080280386106,345682.383838384,179451.448080808,143516.547070707,140885.508181818,26268.7147474747,72079.4646464646,11338.8180808081,23122.5934343434,7437.25444444445,587.947602970183,423.617100788918,378.835778498688,375.347183527222,162.076262134449,268.476190092277,106.483886484332,152.061150312443,86.2395178815631,8.50125893898114,3.93905368491329,16.843845969116,3.39892896209463,4.81484127503592,5.82447585891941,3.9781137668108,3.57248775931201,4.01140090673437,1.65737475832032,0.311944535912243,-3.04176607591367,-0.182390183855548,0.547107690937019,0.561057809699367,0.0668858145705415,1.07382676236525,0.631060008985779,121,1029,207,-381,898,161,155,895,48,158.077777777778,1133.84444444444,206.155555555556,-144.622222222222,974.444444444444,166.988888888889,87.8111111111111,989.122222222222,117.966666666667,0.639599409660309,0.639599409660309,0.639599409660309,0.639599409660309,0.639599409660309,0.639599409660309,0.639599409660309,0.639599409660309,0.639599409660309,3716,2313,2960,1854,963,1777,572,667,455,562.786946309914,469.346027088323,436.821962660243,645.942857142857,429.432857142857,518.378571428571,485342.631626348,178473.831708843,25670.5806917447,866664.24,534823.341428571,456126.964285714,0.382654936503204,390003.251857597,0.150879350723659,209631.217341907,0.512582170554361,135870.438970417,0.232613768127275,165789.885966545,0.644496860039287,29738.9757166896,0.713571094895745,83078.6882635247,0.750886515012874,13132.1342853075,0.446300664433313,26533.7799416956,0.684251241647234,8278.79796299431,1
1640890,-1292,-39,-1405,-1018,675,-353,-126,780,-165,2595,2392,1584,727,1509,1404,330,1323,388,121,1063,198,-22.5,962,156,97,990,116,185.4,1167.34,163.52,-101.31,991.58,147.88,83.49,1008.16,116.43,297.460281640288,731.507525190348,259.527289775869,0,970.122573777904,0,0,993.676550838429,0,638.612997049074,1284.24302217298,378.797940860296,414.729249028809,1003.15411577683,326.674210797241,118.720048854437,1015.567289745,139.758112465789,377225.656565657,289492.388282828,117928.373333333,163370.337272727,23320.4884848485,85704.5915151515,7195.82818181818,15141.7519191919,6036.75262626263,614.186988274464,538.044968643726,343.407008276379,404.190966342306,152.710472741225,292.753465419543,84.82822750605,123.05182615139,77.6965419195901,7.99027513142521,2.7460342776485,10.2259646482096,2.47426352939674,4.36908669808512,5.16150264304407,3.91946531509353,2.32070159548424,4.91733023453503,1.8111810578968,0.00460910713784251,-1.2294219755491,-0.304612708833885,0.910456443521382,0.972122229897265,-0.0173257106594518,0.358720602488466,-0.115611022724502,181,1019,158,-236,1018,161,97,828,126,136.188888888889,1164.62222222222,189.822222222222,-98.0111111111111,982.877777777778,134,82.5111111111111,1004.77777777778,116.755555555556,0.677640305783194,0.677640305783194,0.677640305783194,0.677640305783194,0.677640305783194,0.677640305783194,0.677640305783194,0.677640305783194,0.677640305783194,3887,2431,2989,1745,834,1757,456,543,553,579.501899727515,475.743439617129,438.999874520315,649.825714285714,444.921428571429,517.748571428571,568548.497382597,219597.743468524,15377.9530465693,943111.962857142,550729.101428571,456430.157142858,0.389854294225332,406039.114651875,0.0902010180721275,336538.56394414,0.342985900832665,109894.122331427,0.128890960151069,187480.033413531,0.264189691659178,27069.2215821546,0.348412632195296,95979.4878698771,0.291441221403858,8474.76430126222,0.218996707803672,17770.7308399955,1.12047681203627,6579.57493176522,1
1642453,-1030,39,-2108,-963,703,-515,-155,857,-77,2040,2068,900,718,1351,969,281,1485,407,171,1029,217,-158.5,962,181,97,995,97,267,1132.97,119.57,-149.07,978.14,178.61,90.23,1019.27,106.86,1007.56512508954,739.575948425618,307.878713329699,-507.950497942506,962.407831064982,0,0,1005.77576761735,0,600.392888032495,1204.29663704587,439.153788552484,384.963569704979,986.342688927129,288.972888001626,122.026513512433,1026.64923415936,131.623250225786,292103.656565657,168393.302121212,180362.692020202,127247.560707071,16276.8084848485,52125.0483838384,6817.188989899,15249.8152525252,5965.27313131314,540.466147474249,410.357529626559,424.691290257055,356.717760571395,127.580596035794,228.309107097896,82.5662702918026,123.490142329359,77.235180658254,5.41598753336041,3.41472244530091,15.845231908216,2.69779420097842,3.43837085067845,4.05841791762902,3.27087440645237,4.41463603279276,5.35837489394906,1.28579797005194,0.0320006066102274,-3.20576859788757,-0.186853974079843,0.625451969835811,0.161023206867683,-0.293431331028577,1.04426512648378,0.691746299774447,181,1009,227,-718,962,141,87,876,58,235.277777777778,1136.9,172.244444444444,-147.044444444444,973.3,176.7,90.8777777777778,1010.45555555556,104.488888888889,0.650022421648354,0.650022421648354,0.650022421648354,0.650022421648354,0.650022421648354,0.650022421648354,0.650022421648354,0.650022421648354,0.650022421648354,3070,2029,3008,1681,648,1484,436,628,484,562.770251034394,464.204801634959,443.336060742921,651.231428571429,431.862857142857,521.297142857143,429112.992274501,144247.18988494,16130.3615759362,858710.597142856,516246.077142857,465524.485714286,0.344093594271359,306326.976599858,0.162390090290761,190932.036719259,0.366282667014854,177596.027612168,0.117020946625594,148654.111701609,0.751597174003997,18146.2516193958,0.545736249973554,60886.2856212672,0.492567279764235,7810.22615666676,0.389345466874509,17779.1933097688,0.712311305401483,6566.03049474505,1
1644015,-919,-9,-1683,-1145,731,-242,-233,771,-58,3010,2745,821,654,1296,929,281,1504,320,181,1058,227,-145,972,186,97,995,116,208.75,1119.99,172.88,-136.52,994.58,189.67,89.47,1009.29,113.84,0,11755.0372444943,229.70808600435,-649.898915564663,980.686512472442,0,0,995.613357077727,0,596.434765921639,1203.36845978279,359.423009836599,367.936679334909,1001.6988469595,287.191382182683,127.901954637136,1016.53874987627,137.829895160665,315310.977272727,195674.797878788,100300.40969697,117918.878383838,14354.7511111111,46973.9203030303,8438.41323232323,14833.0564646465,6098.5195959596,561.525580247888,442.351441592302,316.702399259888,343.393183368334,119.811314620578,216.734677204711,91.8608362269973,121.791036060321,78.0930188682676,12.0386286467524,4.43162609722106,16.8706319021132,2.91815865584483,2.91416780222153,3.4181064167803,3.90178270823542,4.88673508539294,2.90125028330489,2.45962242849681,0.134345073220433,-3.25670563721966,-0.0551036688703783,0.448161688479084,0.490269655771912,-0.574910655146476,0.847411140724144,0.239183119663199,181,1019,178,-181,972,171,106,866,126,152.933333333333,1120.84444444444,213.333333333333,-136.444444444444,992.277777777778,182.011111111111,92.1888888888889,1004.03333333333,112.477777777778,0.644836841689628,0.644836841689628,0.644836841689628,0.644836841689628,0.644836841689628,0.644836841689628,0.644836841689628,0.644836841689628,0.644836841689628,3929,2754,2504,1799,565,1171,514,733,378,551.142104669491,468.026966004717,439.922111151794,643.551428571429,449.027142857143,519.685714285714,411583.123335312,151607.638455563,16249.1782310937,828434.991428572,523395.801428571,458017.294285714,0.300295917818196,321485.649780518,0.0873107840404873,226854.960158875,0.397197880520864,93303.9037765993,0.210602531073296,136768.006893371,0.217170777782846,15682.3502114518,0.349016915105897,52712.4330254789,0.188857562076883,9688.41544025253,0.25562777571267,17523.0113326566,0.58516563601204,6156.61766885276,1
1645578,-2141,196,-1009,-1263,712,-555,-116,790,-67,4161,2362,1425,800,1388,1141,359,1409,359,171,1058,212,-104.5,953,191,87,985,111,377.49,1156.26,163.81,-92.93,968.04,175.5,84,1012.92,121.35,31005.5149735486,933.436944475256,0,0,953.907696913015,534.508712909481,75.9775930875661,999.720394704733,89.226872505656,1042.56335538901,1229.30342877583,419.098401333148,469.294843355433,975.520199688351,336.458823632254,122.065883849665,1020.1070434028,140.823684087585,953979.444343434,176009.830707071,150312.882727273,213739.055656566,14685.0690909091,83236.6565656566,7923.31313131313,14759.044040404,5157.05808080808,976.718713009756,419.535255618727,387.702054066357,462.319214024862,121.181966855259,288.507636927788,89.0129941711497,121.486806034252,71.812659613804,7.37660437555025,3.47365304822405,7.15527386040393,2.9740091371519,5.37368150770457,5.03577233322094,3.870665615515,3.48641365085711,4.25064497248742,1.8584316432819,0.265025007818296,0.367407474405838,-0.44273513265603,0.919555289297199,0.676191807577323,0.211415176095221,0.953746881657767,0.494221578114823,191,1000,217,-190,953,202,87,942,87,289.344444444444,1152.43333333333,152.311111111111,-77.0777777777778,962.288888888889,164.355555555556,82.5333333333333,1005.73333333333,119.211111111111,0.644836841689628,0.644836841689628,0.644836841689628,0.644836841689628,0.644836841689628,0.644836841689628,0.644836841689628,0.644836841689628,0.644836841689628,6302,2166,2434,2063,676,1696,475,619,426,625.665208823414,475.638780819873,441.233886785908,727.525714285714,450.261428571429,522.115714285714,990997.171499069,247853.095595306,15626.8591628051,1188758.03142857,550749.364285714,460864.187142857,0.558103877310434,1051186.47570005,0.141273996377383,198925.784272853,0.393629578607625,135618.300384509,0.514199584860327,236381.158992627,0.774630298744656,15951.1714035251,0.376499520197121,93176.8516184544,0.621987672170647,9274.61451022813,0.403082538570918,17243.5312045702,0.912264432128483,5332.54464945731,1
1647140,-1191,539,-1297,-627,685,-343,-155,790,-9,1494,1617,1752,527,1351,707,553,1390,398,161,1058,148,-181,972,141,169.5,966,135,183.95,1057.29,202.34,-156.19,969.26,178.38,164.91,993.58,151.29,153.843819500781,1016.253533528,0,0,959.639600720236,0,99.5259148856135,982.422741596732,117.114435365114,457.242812956092,1074.09168603057,468.583823877863,282.688078984594,974.091155898666,248.607361113866,210.71770215148,999.905385524051,170.731104371758,177003.421717172,36172.5312121212,180433.661010101,56078.014040404,9483.46707070707,30289.0864646465,17380.4463636364,12736.9329292929,6323.68272727273,420.717745902371,190.190775833428,424.774835660142,236.807968701233,97.3830943783728,174.037600720782,131.83492088076,112.858021111895,79.5215865490165,5.47046030930573,4.36161816473263,6.19608171794695,2.85592576050961,6.10660147913145,4.57755317581424,3.35767159239859,5.23843450942632,3.43122076209953,0.585696122415495,-0.411191633833857,0.443243680674609,0.522193114635136,0.531268860304133,0.676241736261875,0.250643164975345,1.44003985347338,0.722663035698512,202,1039,99,-154,972,141,58,961,116,172.388888888889,1060.65555555556,196.111111111111,-163.555555555556,967.433333333333,171.266666666667,163.277777777778,983.811111111111,147.744444444444,0.592902378512491,0.592902378512491,0.592902378512491,0.592902378512491,0.592902378512491,0.592902378512491,0.592902378512491,0.592902378512491,0.592902378512491,2685,1078,3049,1154,666,1050,708,600,407,528.197224774517,445.573354405146,441.721915374452,618.677142857143,424.907142857143,561.334285714286,209650.118447677,58850.7704437325,18601.9533787068,678134.888571429,467387.892857143,460012.217142857,0.253084808448356,200088.27828166,0.328822002700278,38062.5633774931,0.218934191542538,192658.015939984,0.254418313583587,65696.5944751488,0.601981435668014,11017.9342123009,0.44561587640835,33914.9978354331,0.195033020869203,15584.5725126007,0.425815609967878,14642.5524241523,0.0942660841226028,7215.79776975756,1
1648703,-1111,186,-2069,-1090,666,-262,-106,828,-58,2363,2225,683,718,1453,1090,300,1466,359,171,1078,188,-218,953,186,116,971,135,209.29,1171.23,162.35,-209.92,976.24,200.87,103.83,998.83,134.28,777.000630297599,968.344267827764,198.406853465517,0,960.312071653781,0,0,986.922877839103,105.401216217435,539.101687995873,1231.67738064803,340.460467602334,392.211346087795,984.747033506575,307.559278839056,131.163828855367,1005.55477722499,149.523576736246,249321.541313131,146716.623333333,90460.4116161616,110872.054141414,16850.6892929293,54791.8718181818,6488.16272727273,13615.193030303,4369.8804040404,499.321080381283,383.036060095304,300.766373812236,332.974554795729,129.810204887479,234.076636634633,80.5491323806329,116.684159294666,66.1050709404385,9.24585518402775,3.69315906959843,32.7657313644264,3.6978674511296,5.68333017882131,4.65470042109769,3.02739685916519,5.33407905422588,4.30831998944699,1.699100305238,0.0780770303519055,-4.44271888321694,0.292422411244606,1.00678766663697,0.654099615718048,-0.237110792309416,1.38968074811037,0.180975997005781,171,1029,198,-245,916,181,116,933,106,174.411111111111,1174.94444444444,188.744444444444,-217.5,968.722222222222,192.777777777778,104.255555555556,989.866666666667,133.166666666667,0.626275189074183,0.626275189074183,0.626275189074183,0.626275189074183,0.626275189074183,0.626275189074183,0.626275189074183,0.626275189074183,0.626275189074183,3474,2039,2752,1808,787,1352,406,638,417,560.193351804502,465.736398453514,436.332440291786,661.23,414.51,530.117142857143,320409.954682902,143226.62321959,14186.9776345383,824388.484285714,522063.93,450300.711428571,0.244782336509684,283683.911186147,0.124459329068507,173318.720120618,0.44432870387388,84059.9856170546,0.14042903235008,124489.521992716,0.333477273796559,19338.7519442089,0.192111821800518,61872.2501259541,0.176089206069038,7691.54862348588,0.369807738302203,16158.6215954701,0.572565979452187,4931.40475189168,1
1650265,-1646,0,-2118,-963,629,-424,-135,828,-19,2636,2245,1049,772,1453,1040,262,1352,339,191,1044,193,-81,962,146,97,980,116,304.97,1136.15,101.56,-73.55,976.54,151.35,95.77,999.26,119.82,0,0,157.282426749574,-1740.41095508569,952.080681150563,0,0,986.821634562946,0,828.843803137841,1235.17154679016,454.159729610629,383.890778737911,989.263604910238,305.618602182524,122.426181840324,1005.9211002857,137.633062888246,599975.100101011,237183.765151515,197925.885252525,143396.492424242,25264.755959596,71207.9873737373,5875.02737373738,13491.6286868687,4632.35111111111,774.58059625904,487.015159057206,444.888621176722,378.677293251447,158.948909903767,266.848247837113,76.648727150145,116.153470403896,68.0613775287506,4.98749947166162,2.63865115934369,11.3322517464516,2.83012722909436,3.97330760437851,3.96199501895359,2.76411311681584,3.32421588840506,3.51571973485877,1.27071050121618,-0.0564317107284246,-2.57026458409524,-0.247540791201357,0.694487667210253,0.813566036501376,-0.297509040646209,0.819799097850779,0.539184589956103,191,1019,178,-200,944,212,165,923,106,265.333333333333,1136.42222222222,157.277777777778,-66.8777777777778,970.188888888889,137.655555555556,96.7777777777778,992.244444444444,117.2,0.667771492132412,0.667771492132412,0.667771492132412,0.667771492132412,0.667771492132412,0.667771492132412,0.667771492132412,0.667771492132412,0.667771492132412,4282,2245,3167,1735,824,1464,397,524,358,597.793538520838,463.838824395465,435.327932585181,661.148571428571,451.86,520.65,802896.623578314,177240.579502705,13964.095703168,1036667.94,522607.431428572,448203.552857143,0.236842764203739,673626.774386064,0.0670329196802773,279846.675585916,0.322131691957426,201100.992094014,0.0998241998307383,159832.18860875,0.456196277335178,28173.1211537775,0.502964097232455,77649.8723376512,0.212811595017371,6686.63858148032,0.234368482615953,16001.1889017828,0.785373554114471,4670.36522435016,1
1651828,-1292,19,-801,-827,564,-363,-106,809,-87,2181,2549,1623,681,1444,1121,281,1457,368,181,1029,207,-181,962,191,126,971,106,230.52,1125.43,175.38,-133.91,978.64,176.12,104.4,1002.85,107.5,329.906057551385,645.978484633889,299.66510858294,0,961.505133140004,395.409867837174,0,987.888432363261,0,624.814916595307,1196.41906119888,349.337802134267,345.008072369329,986.987973584278,291.160952052297,137.196938741358,1011.10547916624,134.914639680058,340660.817777778,166490.793030303,92200.7632323233,102119.880707071,16574.757979798,54299.44,8003.67676767677,16794.1085858586,6712.83838383838,583.661560990424,408.032833274852,303.645785797075,319.562013867529,128.742991963827,233.022402356512,89.4632704950851,129.592085351917,81.9319130976348,6.84500671316791,4.38615906423741,9.52707819022844,3.0503860753799,5.1508246308706,5.14442365276829,2.4368222625401,4.12878802425282,3.68983203008883,1.23183021768661,0.520522125653852,-0.0682316552900897,0.201743799031879,0.389121106465488,0.524552904696007,-0.122346356587914,1.06264840611492,0.446784118141735,171,990,217,-181,916,181,38,914,67,200.9,1122.65555555556,182.877777777778,-136.355555555556,975.711111111111,168.988888888889,104.988888888889,993.477777777778,105.844444444444,0.642224642484918,0.642224642484918,0.642224642484918,0.642224642484918,0.642224642484918,0.642224642484918,0.642224642484918,0.642224642484918,0.642224642484918,3473,2530,2424,1508,880,1484,387,648,455,556.448627641523,459.271749753154,437.46489153735,656.284285714286,437.507142857143,520.607142857143,416761.122701141,123455.160359899,16885.1896491411,833078.207142857,504835.941428572,454011.107142857,0.414392715878629,390118.256718139,0.138900553750938,185146.664812981,0.601395649420662,73010.4001809482,0.14182241674375,120055.915391563,0.423615603978484,17950.3257776794,0.524181369666148,60780.0931303969,0.145296002173826,9021.20373847918,0.24831260736866,19454.1459154718,0.370227741331499,7362.76205029075,1
1653390,-1565,88,-1782,-1154,694,-292,-67,847,-77,2858,2578,920,700,1407,898,320,1504,310,151,1058,217,-167.5,962,171,106,1000,111,175.36,1120.2,177.69,-103.23,989.63,169.7,100.65,1011.85,107.3,443.486396540131,743.948759086049,233.513419267424,-1203.16129541504,970.517455840213,-333.148447881971,0,999.71126224012,134.27049634363,595.126356331158,1216.65314695685,352.351486444999,388.903008473835,999.829750507555,283.718733960237,126.981376587278,1018.51537543623,125.238093246424,326691.162020202,227673.575757576,93512.9635353535,142009.209191919,20496.9627272727,52220.4343434344,6054.39141414141,13669.845959596,4213.42424242424,571.569035218146,477.151522849478,305.798893940697,376.841092759162,143.16760362342,228.517908146023,77.8099698890921,116.918116473008,64.9108946358332,10.0497570532771,3.03720277162627,21.6414933208139,2.64578795054327,3.79786041786689,3.0432909468226,3.18530873056114,5.44777767964186,3.4316966420372,1.78126471858492,-0.0100444096787904,-3.61428873377222,-0.192159209743417,0.805767546872945,0.505602658216784,0.111346397046557,1.17212835481222,0.0684932172698147,232,1019,188,-172,935,-30,126,885,67,130.311111111111,1121.41111111111,217.255555555556,-100.455555555556,982.355555555556,160.833333333333,99.2111111111111,1003.26666666667,107.133333333333,0.642224642484918,0.642224642484918,0.642224642484918,0.642224642484918,0.642224642484918,0.642224642484918,0.642224642484918,0.642224642484918,0.642224642484918,4423,2490,2702,1854,713,1190,387,657,387,551.194022772297,467.576772235682,440.283585780188,631.392857142857,452.614285714286,522.771428571429,468505.089075453,173809.489105107,13760.5768770019,839387.927142857,527743.457142857,458221.037142857,0.308123842289216,352992.311134492,0.0879683097693448,263074.794204477,0.348496311252398,91084.2101613982,0.131909805642421,163620.301807684,0.457700514772243,22817.6453414957,0.244055525664884,59633.4786727402,0.157596891197002,6991.89185952866,0.354772639899891,16076.9532333894,0.416215639216408,4598.66472641288,1
1654953,-1373,68,-2069,-1063,444,-262,-116,828,-29,2717,2392,1396,727,1472,1303,368,1533,349,181,1039,207,-158.5,953,191,92,990,116,318.41,1179.92,100.55,-148.73,975.11,170.32,89.76,1012.24,114.01,711.033882587484,854.337300272171,268.192899759335,0,949.177866969679,907.603392605248,0,995.905785626788,0,747.897700223767,1253.44130297354,463.547699810926,382.60628588668,987.259889795995,307.009283247266,132.365705528283,1021.48923636033,136.056054624555,462591.961515152,180711.003636364,206834.512626262,125522.178888889,24083.412020202,65904.8460606061,9559.41656565657,19000.4468686869,5568.65646464647,680.141133526823,425.10116870736,454.790625042186,354.291093437146,155.188311480607,256.71939167232,97.7722688989908,137.842108474467,74.6234310699157,5.20586253909713,3.46769685353816,11.0953231719345,3.11326718986507,4.71691358349043,6.0934088005985,3.02738930251188,5.01386155696599,2.8072885008156,1.2209378374533,0.102925569509123,-2.25891061956041,-0.18317528889146,0.34487384748557,1.1394531963236,0.273261616335426,1.28541742849951,0.361048953795196,181,1009,217,-336,935,212,87,923,126,280.844444444444,1183.72222222222,147.933333333333,-146.677777777778,970.855555555556,154,88.2111111111111,1000.01111111111,111.922222222222,0.675191440145872,0.675191440145872,0.675191440145872,0.675191440145872,0.675191440145872,0.675191440145872,0.675191440145872,0.675191440145872,0.675191440145872,4090,2324,3465,1790,1028,1565,484,705,378,602.629302100162,463.287159976882,441.116096798925,685.234285714286,427.157142857143,521.147142857143,601827.26594277,156618.379252736,20130.1510771715,1005146.80285714,520853.297142857,462630.938571429,0.250835423072315,493091.476748088,0.135415852899647,209508.9106131,0.416241970018508,202496.588255705,0.147235272405435,144708.482031597,0.564585234109405,26836.3202515662,0.518855155466861,76303.8304499246,0.253915426995294,11202.7264966078,0.350232696184271,22373.4165373549,0.564697776425992,6309.76646526198,1
1656515,-1050,-98,-1693,-1018,694,-404,-97,838,-135,2070,2107,900,718,1370,787,320,1304,271,181,1053.5,207,-218,967,186,87,980,126,212.91,1158.33,167.73,-174.37,986.31,198.75,83.63,1003.83,122.45,414.871507546705,1108.9834557562,226.963206748467,0,970.163106795935,0,0,992.435841328812,0,498.256048633632,1228.03819566005,341.722679961398,405.043121161192,994.691947288204,286.077804102311,112.521953413545,1009.7919241111,140.568879913016,204978.203939394,168029.718282828,89536.4011111111,135005.083939394,16772.3776767677,42766.6136363636,5724.45767676767,12126.3243434343,4813.74494949495,452.745186544699,409.914281628279,299.226337595993,367.430379717565,129.508214707669,206.800903374148,75.6601458944382,110.11959109729,69.38115702044,8.49632857369382,3.36632670210006,20.3886786770387,2.79811196734876,3.71209465942279,3.62298857254277,3.31468260270154,2.6520972816256,4.04818497277291,1.57598082659806,-0.117024536965392,-3.53785004789319,0.0631398143026793,0.620951652137123,0.0968653436597825,0.293524656221187,0.587376535961563,-0.521816902937401,151,1009,198,-218,898,181,29,1085,145,181.244444444444,1166.5,204.966666666667,-176.588888888889,981.444444444444,196.833333333333,82.1333333333333,998.688888888889,124.188888888889,0.63164478557425,0.63164478557425,0.63164478557425,0.63164478557425,0.63164478557425,0.63164478557425,0.63164478557425,0.63164478557425,0.63164478557425,3120,2205,2593,1736,676,1191,417,466,406,553.20920518803,469.216972227592,436.989043176116,659.558571428571,433.152857142857,518.532857142857,310985.840848883,154792.929916638,13618.2638980435,802761.981428571,529419.647142857,450900.227142857,0.235820085296575,233748.012747495,0.103316513012901,193309.998890365,0.228854478430439,86786.1959031039,0.0923980969750399,151572.394750096,0.415299799922176,19007.3695371418,0.261018881558327,46504.0144490935,0.225989847907715,6697.48997164024,0.172947973807141,14291.3016138946,0.769208440134263,5334.78839810178,1
1658078,-1252,-88,-2267,-1554,657,-393,-126,847,-87,4666,2774,693,672,1287,1242,330,1552,378,202,1049,217,-72,962,136,121,980,87,318.26,1103.15,118.33,-74.81,977.57,146.87,107.21,1014.92,97.25,590.727534832295,703.575878461049,134.011130723025,-477.832318602405,960.575528746145,0,0,1001.13943012956,0,909.158303047385,1212.90236622739,453.738768456036,409.625621757233,986.10159212933,285.699089953048,135.535714850367,1022.98568904946,120.679534304703,732605.446868687,256759.825757576,193815.031414141,163834.963535354,16922.4697979798,60659.7708080808,6945.3998989899,16603.145050505,5157.56313131313,855.92373893279,506.714738050489,440.244286066431,404.765319086694,130.086393592796,246.292043736863,83.3390658634347,128.85319185222,71.8161759725003,11.6574440461396,4.94141038196499,13.4007451761705,4.61897582049124,2.78130667491095,7.12141583605397,3.29067096863981,6.8041810281365,5.23389070247232,2.45035682609177,0.643624561293146,-2.99334534174882,-0.92026616361913,0.308597659794346,1.41409274442408,-0.370819849261672,1.69723532799937,0.91035020713661,282,1000,217,-136,842,-50,155,980,77,227.922222222222,1084.15555555556,176.466666666667,-54.2333333333333,975.522222222222,129.966666666667,108.222222222222,1001.48888888889,93.6,0.642224642484918,0.642224642484918,0.642224642484918,0.642224642484918,0.642224642484918,0.642224642484918,0.642224642484918,0.642224642484918,0.642224642484918,5918,2862,2960,2226,630,1635,456,705,465,592.380751384815,463.670806547415,441.8197968283,659.888571428571,449.841428571429,522.591428571429,889457.602836447,205009.384784425,18862.2908819081,1072962.78857143,523634.344285714,462614.228571429,0.353632371999493,782782.361279672,0.225460376159706,303137.921825614,0.387354832249461,193619.89680963,0.804792652958783,183701.64503674,0.621689027796291,17258.0235427134,0.985590764952016,68817.5804247479,0.510303645648438,8072.81244736657,0.667822859063191,19410.0118009594,0.743936150416402,5661.80279002422,1
1659640,-1111,39,-1465,-1572,675,-434,-48,838,0,3606,2803,465,636,1351,1111,271,1400,359,217,1053.5,198,-163,972,196.5,135,980,97,264.01,1145.32,144.72,-165.81,987.19,191.5,114.8,998.8,104.18,222.080694641567,809.623913195735,201.675570795236,0,975.74307068127,-3033.43958170437,0,988.885948818577,0,648.726806907191,1203.62942802176,291.354938176788,366.532495148793,993.078370522689,272.575494129608,135.775918336058,1004.28689128157,118.10520733651,354692.111010101,138349.391515152,64589.7187878788,107932.438282828,11778.3372727273,38005.202020202,5309.15151515151,11101.7373737374,3126.63393939394,595.560333643956,371.953480310578,254.145074293953,328.530726542934,108.528048322668,194.949229339852,72.8639246482888,105.364782416789,55.9163119258945,17.503240590049,7.38715756958668,21.9380324559623,5.42137590261812,5.18262413468645,7.44154888907768,2.38449418228284,5.33201753994824,6.06696801163194,3.22085987040398,0.661307492650197,-4.12409388289244,-0.413516099767112,0.70446359008138,0.700270709000422,-0.318520244018379,1.29170861033265,1.14272012436517,252,1009,198,-163,944,141,145,914,77,193.455555555556,1145.83333333333,187.333333333333,-163.844444444444,982.644444444444,186.311111111111,115.9,990.344444444444,101.744444444444,0.587141331157068,0.587141331157068,0.587141331157068,0.587141331157068,0.587141331157068,0.587141331157068,0.587141331157068,0.587141331157068,0.587141331157068,4717,2764,1930,2208,676,1545,319,562,359,553.970206370762,462.382302795503,434.953659761843,666.021428571429,434.091428571429,521.905714285714,438892.321184874,135163.211583491,11948.282992867,837624.844285714,512077.765714286,446132.614285714,0.308785223222259,384701.631097491,0.148728580765432,163836.842066789,0.319928504480462,66918.6382840701,0.557428872549747,119261.808116502,0.214490090503622,12920.8123418855,0.74186490596933,41745.4591350406,0.21622325248965,6261.72317606955,0.36705650566428,12696.5471330075,0,3513.21960957573,1
1661203,-1303,-9,-1871,-1300,611,-303,-97,847,-19,3303,2794,861,681,1268,818,291,1504,339,191.5,1044,222,-72,962,121,106,975.5,97,316.76,1074.04,125.94,-87.66,974.69,147.61,104.26,1016.07,104.58,0,0,264.877837221125,-1518.33335809244,958.434051352406,0,0,1003.32116392433,0,816.722608968308,1165.9267386933,435.57635381182,392.208133520966,982.70521012153,244.938012566445,130.486934211821,1023.42805804805,120.030829373124,572423.153939394,207902.261010101,175622.097373737,147619.135757576,15847.407979798,38591.8362626263,6218.88121212121,15158.3283838384,3505.47838383839,756.586514510663,455.963003992759,419.072902218382,384.212357632567,125.886488471948,196.448049780664,78.8598834143268,123.119163349327,59.2070805211538,6.90462667883596,4.71999669002169,10.3615020299047,3.34234207075423,2.86452097094842,4.77935883282237,2.86719423093589,6.23095791043527,5.58372143198904,1.5715174729577,0.381054079117802,-2.54387752782224,-0.579056921263837,0.195581154173669,1.03034707699262,-0.0916752935750598,1.59049996751934,1.21405857896852,171,1009,227,-518,972,121,77,961,77,260.144444444444,1065.4,177.011111111111,-73.6444444444444,973.766666666667,134.611111111111,103.977777777778,1004.04444444444,100.488888888889,0.626275189074183,0.626275189074183,0.626275189074183,0.626275189074183,0.626275189074183,0.626275189074183,0.626275189074183,0.626275189074183,0.626275189074183,4606,2803,2732,1981,657,1121,388,657,358,575.154573026877,457.494429441441,442.001293189411,650.031428571429,443.417142857143,524.961428571429,734728.50528278,169306.912605141,16039.0361326463,949777.602857143,505513.448571429,462359.67,0.247473491799414,620163.343572001,0.150277417782068,242890.629702417,0.359963175688005,178976.38216676,0.51595228679076,164307.851525566,0.242770383993959,15763.7357919041,0.843675224973437,42277.7159329601,0.301131529344143,6899.18716413589,0.503944629960168,17678.7231771526,0,3538.79551997375,1
1662765,-959,137,-1544,-1245,694,-494,-106,847,-67,3484,2558,742,627,1314,959,262,1476,368,171,1039,207,-200,953,186,126,961,82,239.03,1090.6,140.15,-163.3,972.36,182.31,113.82,987.7,90.21,0,892.32463430181,189.876866433153,0,961.434143119945,391.004365652721,0,978.916981984398,0,618.065522416515,1143.12651968188,347.636404883033,367.292771505239,978.098359062114,266.123110608605,132.314398309481,992.972718658473,111.699641897367,328151.160707071,118515.03030303,102231.361111111,109330.393939394,11305.4852525253,37964.2160606061,4598.08848484848,10549.0202020202,4382.79383838384,572.844796351569,344.260120117086,319.736393160227,330.651468981152,106.327255454682,194.844081410255,67.809206490332,102.708423228186,66.2026724414041,16.8836503248349,6.82495890581998,18.64599378194,4.22538406265644,4.03589007048412,7.30548712032932,3.41340428607431,10.9755267546385,7.92923836886677,3.07306497726813,0.545085559691376,-3.77017426307744,-0.297969880984102,0.764445615463843,0.716838748582162,-0.445460900591454,2.34986181502648,1.58183722491517,171,1009,207,-290,916,171,126,904,77,184.666666666667,1088.51111111111,192.233333333333,-155.6,967.9,175.4,115.022222222222,977.177777777778,84.8333333333333,0.569502306461186,0.569502306461186,0.569502306461186,0.569502306461186,0.569502306461186,0.569502306461186,0.569502306461186,0.569502306461186,0.569502306461186,4443,2421,2286,1872,620,1453,368,629,435,530.77352675848,455.716089646566,429.792941679826,629.905714285714,424.872857142857,510.741428571429,418465.980313996,135745.326253609,11556.2871853709,775540.414285714,498172.238571429,435419.455714286,0.244935545781783,360353.292178223,0.0868965112383206,140696.534822783,0.241296543153889,107641.39797553,0.534626916632886,127850.02763887,0.469191760775181,11387.5629538726,1.04533931982185,43921.956334015,0.300029473865756,5443.50080446811,0.587789202164913,11722.5671069488,0.5665782869873,4233.11368519068,1
1664328,-949,68,-871,-1236,731,-666,-29,742,-48,3888,1656,1514,1527,1268,626,466,1238,213,191,1053.5,108,-109,981,176,160,1009,116,310.19,1026.11,107.7,-64.16,987.37,148.73,182.69,1003.22,104.87,220.681043404155,746.159456839463,0,-1255.71852880403,980.801220507448,0,106.710357329505,993.734973451862,0,815.315086331659,1086.74477684505,340.584585675864,426.415947168958,990.743160460873,281.925929988712,215.345327323348,1007.91326015685,121.050526640738,574263.488787879,129406.543333333,105453.101010101,179509.145858586,6739.89202020202,57941.0273737374,13129.2665656566,9534.11272727273,3692.43747474748,757.801747680671,359.731209840533,324.735432329306,423.685196647919,82.0968453730228,240.709425186754,114.583011679989,97.6427812348293,60.7654299313966,11.0023973390982,3.01088275721731,7.78979199810748,4.43086460004899,4.74549877165605,3.68728757474963,1.97135807556918,2.84810766355271,2.3732007078981,2.63192969044856,-0.633158185782729,0.420490825657412,0.509080069204541,0.633979137980357,-0.740430733539708,0.353058458429509,0.100910461698004,-0.412865264787422,191,1019,19,-154,907,161,116,1009,155,217.055555555556,1039.31111111111,103.944444444444,-74.9333333333333,983.866666666667,159.077777777778,179.722222222222,1002.46666666667,106.922222222222,0.6098403047164,0.6098403047164,0.6098403047164,0.6098403047164,0.6098403047164,0.6098403047164,0.6098403047164,0.6098403047164,0.6098403047164,4837,1588,2385,2763,537,1292,495,496,261,544.207437307387,473.226265838755,443.146328132526,618.857142857143,459.402857142857,553.191428571429,584896.95778507,191386.588481161,15581.071794126,840750.325714285,532664.914285715,461535.420000001,0.433224627022512,673632.73547493,0.359089565863969,149859.044041252,0.424169655004399,114746.011240212,0.875789004619059,214475.252107071,1.44551663774295,7109.9175584538,0.100123020681672,68837.0986859068,0.154355533041408,11174.2211602835,0.486944264316426,10353.1385454067,0,3474.69886604203,1
1665890,-1020,176,-603,-1018,731,-353,0,771,-174,2565,1607,623,745,1296,525,378,1257,233,257,1078,39,-185.5,972,176,194,980,29,306.46,997.17,34.25,-103.63,977.65,135.13,189.61,995.99,32.2,282.37514695262,871.722023985719,0,-735.174265138834,968.73212826118,0,0,984.889105150557,0,591.237109796061,1031.7727996027,200.694917723394,328.376658732012,982.190119070641,266.639625712309,205.72775699939,1001.5806657479,69.8783228190259,258225.846868687,70916.2637373737,39500.3914141414,98072.7809090909,8987.78535353536,53370.2758585859,6436.32111111111,11280.5554545455,3884.9898989899,508.159273130666,266.3010772366,198.747053850218,313.165740318271,94.8039311080261,231.020076743529,80.226685779179,106.209959300178,62.3296871401574,8.99611198397094,3.84808834291432,5.60008977977911,3.44580376797068,3.97550430421827,2.23392617625368,2.84665950909998,2.3816489546144,4.08350534130937,1.42903577247385,-0.900347736928496,-0.346418205821825,0.546018089975263,0.468506982283985,-0.371866648012961,-0.230158292112222,0.238102449385337,0.273117906875104,191,1088,29,-263,916,282,233,952,-19,276.555555555556,1009.12222222222,38.0666666666667,-114.011111111111,975.522222222222,140.5,190.544444444444,994.944444444444,30.7111111111111,0.712949649963254,0.712949649963254,0.712949649963254,0.712949649963254,0.712949649963254,0.712949649963254,0.712949649963254,0.712949649963254,0.712949649963254,3585,1431,1226,1763,565,878,378,486,407,493.156005614882,455.722654870876,437.030153527017,573.377142857143,432.492857142857,521.914285714286,276606.991019693,131969.225126118,11956.3767008993,623312.091428572,490125.15,450158.879999999,0.715411319604487,288399.974012561,0.200895475171585,79725.4364166047,0.28939145419019,45618.0678440569,0.247687871885676,116231.212898342,0.256337333325761,10207.1770785474,0.0919516980327218,62395.230232316,0.130154715224895,7608.02377803993,0.17378044005113,13217.0031450291,0,3817.68947982732,1
1667453,-727,186,-1554,-1127,657,-535,-38,809,-242,3191,2686,603,663,1398,616,320,1342,242,262,1029,128,-136,976.5,161,165,990,48,283.47,1012.29,77.36,-151.52,967.75,168.97,174.07,1000.29,42.76,335.884899117489,899.050747760458,0,-246.980324033831,959.897855002396,0,135.753025817622,990.819599846722,0,561.000222816355,1054.95670527278,335.52365043317,298.116822739006,971.659554576602,278.812284521325,191.319601713991,1005.12365905892,84.752699072065,236733.342525252,89093.5413131314,107668.232727273,66581.141010101,7658.81565656566,49682.2516161616,6366.49,9791.3998989899,5408.68929292929,486.552507469905,298.485412228356,328.128378424166,258.033216873528,87.5146596666276,222.895158350651,79.7902876295104,98.951502762666,73.5437916681571,19.5388914673956,12.6596315658864,15.814276580035,6.3027233524482,8.85205916563712,3.87918799297223,2.51141349043811,3.16992602341874,4.65115897755461,3.25758856231365,1.41262800120794,-3.16333934829711,-0.575894505067383,0.591435393939546,-0.723695752773071,-0.216306428417614,0.415128889184802,-0.442384358388041,272,1019,188,-109,990,30,145,876,19,240.011111111111,1004.44444444444,118.1,-145.333333333333,967.188888888889,180.677777777778,176.511111111111,998.033333333333,43.5333333333333,0.672730389518331,0.672730389518331,0.672730389518331,0.672730389518331,0.672730389518331,0.672730389518331,0.672730389518331,0.672730389518331,0.672730389518331,3918,2500,2157,1790,741,1151,358,533,484,491.221069174298,448.489169656703,438.250568958284,588.48,422.228571428571,521.622857142857,356405.561444603,94772.1454798163,11450.1735860046,660099.008571428,476028.094285714,451739.905714286,1.80533015235772,240243.288238794,1.30356747694724,81451.6523042044,1.27029974552347,123707.687082993,1.84428335370732,72614.236728558,1.21782563161224,6880.76063290073,0.75964853446614,56832.9897345807,0.195027954841854,6762.85581923082,0.682353677999124,11173.3661996808,1.05043206446933,5264.93961831832,2
1669015,-808,196,-1445,-1272,694,-222,-126,857,-97,3191,2372,495,736,1194,757,281,1438,233,156,1019,178,-209,944,191,145,990,67,199.43,1012.69,168.42,-201.96,953.25,182.51,121.15,1011.81,69.14,321.203242103026,947.793753759461,184.719827257057,-260.920533468157,945.544320010973,169.154433354255,0,1003.85378907969,0,553.05600982179,1039.44490474484,285.383145963457,316.851889689804,957.122244021107,223.768742231796,155.359743820592,1016.1675501609,88.7668857175918,268786.49,55459.2665656566,53614.3874747475,60209.3721212121,7472.14898989899,16931.8685858586,9554.87626262627,8926.27666666667,3130.52565656566,518.446226719802,235.497912019739,231.547808183855,245.375981141619,86.4415929393888,130.122513754763,97.7490473745206,94.4789747333589,55.9511005840426,21.7549130557497,15.7751424862835,33.1752412603577,8.28959024018444,4.17755160597713,6.55451439536122,2.36351279254741,6.46834843891184,3.51949535866932,3.73732747762329,2.11507382136792,-4.92352381068578,-0.653870112917586,0.370712570375976,0.177201251761507,-0.564110375092785,1.34392478294555,0.165724675724901,131,1049,178,-272,944,141,223,990,48,143.477777777778,998.244444444444,191.655555555556,-193.688888888889,951.811111111111,184.6,125.444444444444,1005.42222222222,68.5222222222222,0.626275189074183,0.626275189074183,0.626275189074183,0.626275189074183,0.626275189074183,0.626275189074183,0.626275189074183,0.626275189074183,0.626275189074183,3999,2176,1940,2008,500,979,407,581,330,483.252588990274,439.012864411284,440.362808920578,591.66,400.2,515.185714285714,306577.60083612,68262.5360627582,11536.0939249366,629040.085714286,457093.097142857,456262.585714286,1.67329524784569,293433.620089248,1.7356430826189,55889.6825790551,3.69673202031085,32774.2391211733,1.21049264935552,58816.2243129938,0.986442993026756,8040.23609654761,1.33216779642565,18478.1724279652,0.136711790615484,10987.6937174203,1.55113958673094,10311.7259141549,0,3415.88016109345,2
1670578,-1545,19,-1356,-1172,648,-252,-155,761,-106,1727,1970,762,745,1416,565,407,1590,262,111,1039,217,-285.5,935,212,135,971,77,137.81,1081.51,202.07,-261.92,949.21,217.56,132.85,995.5,80.92,0,632.570828224888,366.377418477851,-305.959934725507,929.120269689632,0,0,978.834393578894,74.6410299914509,441.019829486158,1121.96011069913,301.842757077257,404.350961418419,959.682306807831,264.714185490691,166.388431088222,1005.11048148947,98.6096344177383,177279.690808081,90030.9190909091,50784.6112121212,95856.1753535354,20192.4302020202,22970.955959596,10137.3611111111,19421.0404040404,3207.89252525253,421.045948571033,300.051527393061,225.354412453187,309.60648467617,142.100071083797,151.56172326678,100.684463106833,139.359392952325,56.6382602597619,9.85052151097635,6.10188515805837,28.0431150042777,5.41375126686304,3.80204566631294,3.40430798152998,4.15638212851687,6.70015160033139,4.64692238132499,1.04680620286537,-0.444577738840177,-4.09681887590108,0.809316401877041,0.666763682907969,-0.138829580784348,-0.269557140755604,1.54527298457559,0.0984575277812682,111,1029,207,-272,935,191,126,971,87,115.766666666667,1089.42222222222,222.211111111111,-275.177777777778,945.077777777778,218.722222222222,134.777777777778,984.9,81.0555555555556,0.601435386429077,0.601435386429077,0.601435386429077,0.601435386429077,0.601435386429077,0.601435386429077,0.601435386429077,0.601435386429077,0.601435386429077,3272,1951,2118,1917,768,817,562,829,368,514.423517315911,454.098008169284,434.657530418077,609.167142857143,387.792857142857,518.258571428571,204889.055258199,100374.109440921,20045.7047571339,661886.584285714,494812.898571429,448995.45,0.687602674797762,199645.591608918,0.121632335476733,105790.145535481,0.756097712443737,51706.9422747131,0.637058578415156,111553.458287525,0.420490448754255,23133.5616236696,0.361915543725124,25063.1790960632,0.545455151054108,11694.6241978398,0.711093171576591,22812.2504262132,0,3658.92122556197,2
1672140,-2252,68,-3217,-2309,472,-323,-116,733,-97,2737,2862,1009,500,1453,696,349,1504,330,111,1034,202.5,-181,944,176,116,971,106,161.76,1046.29,140.77,-189.95,947.4,171.81,106.63,1015.99,105.6,501.587487496233,772.749623982462,450.457372346805,0,918.202313576077,0,0,999.32462577271,0,653.034991405514,1115.40792986243,431.795472417208,424.785345792437,960.849009990644,244.623404440376,157.119222248584,1025.17916970645,123.673117531661,404331.719595959,150921.298888889,168314.27989899,145819.785353535,25923.2929292929,30628.2160606061,13451.0031313131,18946.111010101,4185.53535353535,635.870835623053,388.485905650242,410.261233726744,381.863569031579,161.007120740957,175.009188503364,115.978459772982,137.644872807166,64.6957135638471,8.16685979374024,8.16782823645972,46.524658572951,11.4109346646055,3.78383494809888,4.0550020666231,2.22130753093237,3.97634883982043,4.69342556786218,0.749551435165353,0.910236157754952,-5.66644082539069,-1.70508110638069,0.0993133802655068,0.568812617829003,-0.0449077981905089,1.03755372799591,-0.0153521154953908,131,1029,198,-290,898,202,116,933,106,140.777777777778,1038.2,180.511111111111,-170.555555555556,947.777777777778,163.988888888889,106.3,1007.88888888889,105.5,0.672730389518331,0.672730389518331,0.672730389518331,0.672730389518331,0.672730389518331,0.672730389518331,0.672730389518331,0.672730389518331,0.672730389518331,4989,2794,4226,2809,981,1019,465,771,427,533.487421500594,450.340890255877,443.671609885167,578.065714285714,398.254285714286,526.38,569101.707123069,154917.498248292,24121.2611295801,795872.948571428,498648.865714286,467560.208571428,1.01664933720461,433768.970761868,0.332317054067898,167107.774990279,1.1804744235102,138466.266089382,0.612610458364476,152229.673167765,0.771645056919035,27411.3236931914,0.598558644436953,34857.9513818929,0.206201329333938,15752.0598450807,0.557306298474816,21065.8392023774,0.521785760086411,4156.4881027982,1
1673703,-989,245,-1128,-963,481,-232,-135,847,-29,1656,1725,712,654,1268,909,291,1323,281,141,1049,198,-254,944,202,106,980,97,141.85,1108.81,182.53,-255.15,955.63,214.5,95.23,1004.41,104.71,242.31997709021,973.237758972378,0,0,936.830138997608,146.874635204313,0,994.672399133358,0,446.396785382691,1147.17041890035,288.434273275559,379.355071140482,963.789847425257,279.927347717225,125.88594043816,1009.83959617357,123.869164847431,180958.25,87414.4988888889,50380.9384848485,79604.7954545454,15820.3768686869,32675.8282828283,6846.98696969697,11047.0322222222,4423.62212121212,425.39187815472,295.659430576616,224.456985823227,282.143217984316,125.779079614564,180.76456589395,82.7465224024368,105.104862980845,66.5103159007091,6.88665980885948,4.33470825162275,15.0855314751918,4.22209909818395,5.46647577124019,4.97958010217648,3.26022879657796,4.35673465636679,2.93070960470631,0.786255017529778,-0.402708170646653,-2.67856692898109,0.293653730086028,-0.232351663840246,0.758135931937614,-0.201397924201316,1.29757078541844,0.291556550458585,121,1019,188,-200,925,212,135,923,116,127.066666666667,1119.21111111111,206.011111111111,-258.944444444444,955.988888888889,207.044444444444,95.6555555555556,995.333333333333,103.3,0.644836841689628,0.644836841689628,0.644836841689628,0.644836841689628,0.644836841689628,0.644836841689628,0.644836841689628,0.644836841689628,0.644836841689628,2645,1480,1840,1617,787,1141,426,476,310,526.252896708828,454.663246053711,436.977817622407,614.224285714286,392.134285714286,516.15,222633.30777991,93347.5620547583,12618.453533649,685056.167142857,493354.482857143,450414.364285714,0.360350103317663,206485.153078694,0.0766100122680784,101297.6148246,0.295806577436289,51463.3248032666,0.241728217272925,91774.3303286408,0.698130772240777,18048.0288187856,0.345254236931383,36885.9410908681,0.162765167842789,7907.46478368013,0.494043270282727,13004.0677226576,0.41562098969036,5079.13885541733,1
1675265,-1454,49,-1405,-945,546,-252,-126,809,-38,2262,2058,841,836,1361,929,368,1485,281,116,1058,217,-195,925,171,87,971,130.5,196.73,1119.3,144.01,-145.54,951,166.13,88.43,1007.13,131.71,0,681.905318388325,237.845875855265,0,930.842210634409,0,0,991.07717548563,0,653.292530188429,1205.51564071148,363.868671363722,384.295068924908,961.574146907039,289.098858524208,128.601127522273,1016.33350333441,147.583162996326,392008.522323232,202460.070707071,112789.424141414,127778.594343434,20428.1212121212,56544.4172727273,8806.44959595959,18811.0637373737,4478.04636363636,626.105839553691,449.955631931717,335.841367525524,357.461318667397,142.926978601387,237.790700559814,93.842685362044,137.153431372947,66.9182065183786,4.43662686478237,2.93468198000201,10.2929000168761,3.36476951517421,4.06575135259625,4.54621774895404,3.97812920564505,4.81385467540553,2.63940103534156,0.702011798359243,-0.335886841686999,-2.33977772002415,0.426197956348805,0.7791900157087,1.07799466839874,0.477407255567623,1.35526725912208,-0.131952629214147,111,1019,217,-327,925,171,135,971,165,178.733333333333,1128.26666666667,182.222222222222,-156.277777777778,944.655555555556,147.533333333333,84.7555555555556,994.333333333333,132.566666666667,0.689703907672028,0.689703907672028,0.689703907672028,0.689703907672028,0.689703907672028,0.689703907672028,0.689703907672028,0.689703907672028,0.689703907672028,3716,2009,2246,1781,815,1181,494,676,319,571.257939900571,453.220148574531,439.464285500123,625.731428571429,416.395714285714,525.972857142857,533554.018411332,148633.908819103,21728.3514075724,862482.642857143,495379.581428571,459108.355714285,0.243705354970891,447700.80332196,0.0619551924902983,240518.513166697,0.257716201147523,108523.444790195,0.135431987620168,147620.009124248,0.388731050376955,22743.4199682841,0.251529925547565,64275.6251429519,0.256911252636368,10029.7517231886,0.4250063131163,22265.3021150843,0.515685474091307,4405.28471568463,1
1676828,-1666,-39,-1366,-727,657,-161,-58,838,-106,1686,1862,633,690,1416,717,320,1514,417,151,1029,217,-209,944,191,116,971,87,210.07,1091.31,174.8,-133.64,976.43,187.91,111.46,1001.49,94.81,0,1275.59397441165,255.500573941507,-409.989486123568,962.070053335429,0,0,989.539622270412,0,498.696049713651,1139.90615841831,296.56702446496,321.515598377435,983.850623824572,245.305992588848,139.101329972075,1008.4724636796,120.158270626703,206634.692020202,109523.771616162,57976.7272727273,86376.3943434343,14693.4394949495,25116.0221212121,6995.80646464647,14176.2524242424,5504.11505050505,454.570887783415,330.943758992614,240.783569357893,293.898612353707,121.216498443692,158.48035247693,83.6409377317499,119.064068569163,74.1897233483523,8.10449084828769,4.57056164584274,20.2117770546127,3.54414694758558,4.64186247429056,4.56883036760341,3.10715170694555,6.38143643597358,6.20311244535295,0.610263217888429,-0.426518504227526,-3.52801302681675,0.715300796397837,0.706631869857345,0.406107757720052,0.354319900690555,1.70556238493381,0.748581462334587,111,1019,217,-245,925,191,116,952,67,190.211111111111,1103.67777777778,201.266666666667,-147.866666666667,972.933333333333,184.988888888889,108.644444444444,990.577777777778,93.3555555555556,0.595761096670324,0.595761096670324,0.595761096670324,0.595761096670324,0.595761096670324,0.595761096670324,0.595761096670324,0.595761096670324,0.595761096670324,3352,1901,1999,1417,759,878,378,676,523,522.482355671531,451.831610850934,436.181860347238,632.648571428571,441.728571428571,517.611428571429,280035.242095117,96340.6788403862,15115.5737580053,701158.200000001,484932.582857143,450344.528571428,0.404467802892601,226628.711296684,0.108664534415613,128090.647294642,0.378261368501169,60231.0764649841,0.0946816707186879,100855.184570603,0.304775602240639,15862.8998729215,0.309522564697618,29077.1929095477,0.184619924585376,7712.24411992762,0.369464205529312,16566.7748154582,0.392338682680116,5146.95247159281,1
1678390,-1585,-117,-1871,-1172,592,-313,-135,838,-106,2646,2225,801,836,1351,1191,262,1409,330,181,1049,217,-185.5,962,181,116,980,116,186.12,1095.52,181.11,-132.83,984.96,199.05,102.61,1009.47,117.49,0,442.514548722709,210.308736863818,573.019531942448,966.238669846413,0,0,998.553617592385,84.8304412312282,590.055421125846,1191.46942889862,362.888453935917,396.638664277703,993.959204394225,304.280084790313,126.794282205469,1015.50391924404,133.299549886712,316691.662222222,221651.848080808,99886.0584848485,141089.314242424,17988.5842424243,53500.4722222222,5604.01808080808,12341.9485858586,4004.91909090909,562.753642566818,470.799158963573,316.047557315111,375.61857547574,134.121527885811,231.301690919505,74.8599898531123,111.094322923625,63.2844300828339,9.35733599598096,2.88922610406297,24.8072607699296,3.31558709553293,3.66630458191824,5.93419070975094,4.3827396379945,4.53145236895356,4.88020669474581,1.44591856267474,-0.253652862540771,-4.26157720680589,0.102036204723951,0.148154391733969,0.87247679152297,-0.704306545766971,1.1979890480853,0.285586899975678,212,1068,227,-400,935,181,135,904,135,150.222222222222,1106.38888888889,225.888888888889,-136.188888888889,984.166666666667,190.977777777778,105.044444444444,1000.84444444444,115.9,0.560477556418096,0.560477556418096,0.560477556418096,0.560477556418096,0.560477556418096,0.560477556418096,0.560477556418096,0.560477556418096,0.560477556418096,4231,2342,2672,2008,759,1504,397,571,436,544.783258178371,468.921653205533,439.724875570129,626.892857142857,450.505714285714,526.958571428571,465372.702261333,165986.871501031,13226.0879541469,814051.212857144,530512.928571428,456468.758571429,0.566402427250412,356573.524455602,0.0637304326322411,255509.420963535,0.324720747546071,96095.2862413005,0.10775060258599,163237.553916275,0.704875737271168,20627.4444175363,0.536840920845517,61066.2452103872,0.38813024300811,6350.92993961147,0.241423231290335,14400.7191895475,0.386973570929955,4444.89119459021,1
1679953,-1070,-19,-2257,-1427,657,-313,-155,828,-116,3202,2333,584,818,1416,1000,407,1523,378,191,1049,207,-140.5,944,166,116,971,106,299.18,1156.25,93.8,-148.94,957.88,171.56,103.4,1005.08,110.46,1166.75033338262,1719.44921938258,250.242473388136,0,938.498703929512,0,0,989.845232547058,0,711.97818786814,1232.02225223411,444.817310814226,436.365443178077,968.11261741597,309.296847704596,143.802990233166,1013.66581278052,134.294824918907,421620.472323232,182792.694444444,190973.737373737,169930.986262626,19907.0157575757,66900.7135353535,10088.6262626263,17507.6501010101,5892.61454545454,649.323087779291,427.542622956407,437.005420302469,412.22686261648,141.092224298775,258.651722467401,100.442153813159,132.316477057886,76.7633672102426,7.24632515655215,3.59360869864707,12.9292354567323,3.69452196765947,3.67214022722968,4.21527517071619,4.38198682410548,5.0515668080092,4.78407495000132,1.48843387631459,0.0355267198087691,-2.97398653719107,-0.573750750610141,0.722715139502795,0.929616107556013,0.285256273468342,1.27271001740133,0.671496354489303,222,1049,188,-181,935,232,116,914,174,263.588888888889,1160.03333333333,154.833333333333,-135.7,952.122222222222,154.911111111111,101.3,993.944444444444,106.555555555556,0.667771492132412,0.667771492132412,0.667771492132412,0.667771492132412,0.667771492132412,0.667771492132412,0.667771492132412,0.667771492132412,0.667771492132412,4272,2352,2841,2245,759,1313,562,695,494,586.23508904564,462.40073835012,438.664793319865,663.955714285714,420.214285714286,522.402857142857,576061.625275651,202277.184127165,18565.4223451963,952566.089999999,524280.591428572,456956.905714285,0.309129609974899,471371.238536967,0.151673823638981,212401.227731971,0.283053438793936,191165.429191317,0.322943821775882,196079.771892319,0.438246726476292,22263.9244190378,0.296771328140684,77590.8849658305,0.405008877270284,11885.2600801593,0.329031752714411,20901.3797014913,0.483247034911112,6334.96263151833,1
1681515,-2252,78,-1980,-1009,583,-212,-77,847,-87,2848,2421,653,727,1324,1050,271,1657,349,202,1039,227,-209,962,202,101.5,971,116,224.45,1159.58,178.86,-183.9,976.89,212.77,89.67,1001.22,119.64,0,873.431283135547,294.89571994964,0,962.488207631113,0,131.298632738682,990.047858475825,93.7294130538,624.953254251868,1227.30996899724,399.234091730654,374.753011995901,983.858866911307,296.544381164102,118.075018526359,1007.90292191262,139.333054226196,343625.017676768,163296.953131313,128683.798383838,107697.585858586,13802.2201010101,43098.4819191919,5960.60717171718,13562.435959596,5151.48525252525,586.195375004586,404.100177098839,358.725240795568,328.173103496593,117.48285024211,207.601738719096,77.2049685688504,116.4578720379,71.7738479707285,11.457076094758,3.87844450143189,23.0203590874302,3.24129646369023,4.80954365612445,4.84999756849208,2.33060635926601,11.9258330600609,4.17188827101204,1.15365677524683,0.229537621997394,-4.22076186383631,0.118938301339635,0.252922541904439,0.5636355762302,-0.161712169106319,2.2393144276617,0.313182326676469,212,1009,217,-227,925,191,29,895,87,189.344444444444,1160.81111111111,233.166666666667,-188.588888888889,974.366666666667,207.9,89.8222222222222,990.7,118.4,0.615373590438883,0.615373590438883,0.615373590438883,0.615373590438883,0.615373590438883,0.615373590438883,0.615373590438883,0.615373590438883,0.615373590438883,5100,2343,2633,1736,741,1262,348,810,436,569.476497680953,461.781717751047,436.212381675574,669.81,431.04,518.798571428571,458302.878657856,133372.680820237,14791.7089881934,881247.510000001,512724.282857143,449667.304285715,0.402986059245211,367232.637908517,0.129419866186117,191270.253554627,0.333944143236251,131521.369872767,0.194306212652455,117409.353892355,0.639692041254531,16152.7227914846,0.58975701928747,47135.7479138391,0.190924710874978,7083.93806705552,0.310260515813363,15673.8415082765,0.313740331545571,4904.39942065752,1
1683078,-2626,-19,-1841,-1127,500,-464,-116,809,-155,2959,2441,1099,918,1527,1363,388,1600,466,212,1029,217,-72,953,161,111,990,126,301.12,1116.89,131.59,-76.65,983.69,144.64,93.26,1016.95,125.02,10959.7843035635,1038.66808625206,291.717044676672,3938.87247880777,947.415241222978,-330.636618315075,0,999.091765361586,132.481817813524,886.799323409755,1231.15140011292,486.770983112182,422.708469278769,1001.81484816307,331.294944120794,138.788255987313,1027.09002039743,152.527440154223,702767.46020202,271000.502929293,221848.547373737,174552.755050505,36350.4786868687,89732.9397979798,10671.4670707071,20935.9671717172,7711.73696969697,838.312268908204,520.577086442818,471.008012005887,417.795111329112,190.658015008204,299.55456898198,103.302793140878,144.692664540111,87.8164959998802,5.70446421584293,2.61759133508647,8.83282486262768,3.23105031950915,3.39263338084381,5.35226842905984,3.51128985879062,5.38872198672027,6.49201401508686,0.668757501654829,0.0372599033216034,-2.28304130095782,-0.367121673936585,0.480611706702465,1.02001235897944,0.293949755098304,1.3055575147982,0.646629969525409,232,1000,217,-227,925,-60,29,857,135,274.522222222222,1117.16666666667,182.066666666667,-69.1222222222222,976.788888888889,127.955555555556,90.2333333333333,1004.58888888889,122.177777777778,0.68007704572828,0.68007704572828,0.68007704572828,0.68007704572828,0.68007704572828,0.68007704572828,0.68007704572828,0.68007704572828,0.68007704572828,5585,2460,2940,2045,1027,1827,504,791,621,607.454789309763,473.716742994231,444.513422286184,664.114285714286,450.72,529.384285714286,917625.3411772,218566.741583697,23002.8160968494,1088182.62857143,553745.048571428,470331.732857144,0.582642253372898,761475.624895261,0.0929270203923745,315876.521645799,0.361679478932569,219517.228176764,0.180884333752618,197051.142944638,1.00046933698185,42557.0121333363,0.80643418296192,102784.855554905,0.621436255161276,12544.9983084615,0.343371225712845,23601.334609453,0.877510629684282,7528.34346033139,1
1684640,-1242,58,-1594,-1000,509,-262,-106,809,-126,1777,1960,772,763,1333,1010,407,1371,320,151,1039,222,-240.5,953,181,111,961,116,180.29,1157.36,193.24,-235.63,971.69,218.64,99.91,993.78,115.2,243.723526375499,806.017039156507,260.132823701152,0,958.190649398986,206.369064731446,0,980.599543479137,0,448.660172067903,1210.40286681749,337.188700878306,389.997038450294,977.898619489771,300.568727581563,133.707180061506,1001.16261416415,135.911515332587,170496.43020202,126861.545858586,77125.7802020202,97551.7102020202,12226.5190909091,42967.7882828283,7975.35545454546,14876.6581818182,5253.43434343434,412.912133754895,356.176284806535,277.715286223175,312.332691535837,110.573591290638,207.286729635132,89.3048456386632,121.969906869761,72.4805790776698,8.89265768709564,4.09676169300373,21.2698394036278,4.44487230534153,5.94831330187358,5.03293266208929,4.64790230234239,4.23655120799295,3.2717395966001,1.17556234231424,0.118496680920463,-3.69916618744743,0.20023663681559,0.0612796246188514,0.687278284492792,0.637297983662162,1.21600413686157,0.00868086307891842,151,1019,217,-254,953,171,135,904,58,155.422222222222,1162.71111111111,229.344444444444,-239.288888888889,969.022222222222,213.433333333333,95.5777777777778,984.255555555556,114.766666666667,0.615373590438883,0.615373590438883,0.615373590438883,0.615373590438883,0.615373590438883,0.615373590438883,0.615373590438883,0.615373590438883,0.615373590438883,3019,1902,2366,1763,824,1272,513,562,446,545.531856787562,462.872191031187,433.519022583542,656.095714285714,409.157142857143,518.095714285714,243728.607710099,112338.121321189,15718.7269493593,762885.972857143,513739.268571429,445146.912857143,0.555373239580204,184888.005736471,0.119972775678618,147881.140269663,0.276473552140584,77546.3697727979,0.150583181964976,108266.004169447,0.522878434903431,13705.1658283099,0.528700513910107,49376.848091108,0.349311308958652,9260.89816518874,0.341787299565899,17026.5383946909,0.68087579820545,5828.36834810293,1
1686203,-1333,-196,-1801,-972,555,-454,-135,800,-77,2353,2009,762,836,1509,1353,378,1390,368,156,1073,227,-68,935,161,82,1000,126,265.05,1131.12,136,-93.62,971.46,168.4,87.42,999.68,124.88,0,1383.62160857141,636.854951397394,0,944.415373975842,0,85.1643457964195,985.191182602385,0,770.630021475935,1228.75760831826,414.201521001553,404.471927332417,985.282304722865,336.414327875612,128.419391059139,1007.23128426395,145.598763731015,528908.20959596,232740.207676768,154613.03030303,156396.803636364,27319.8872727273,85672.7676767677,8938.67030303031,15307.835959596,5660.59151515151,727.260757635086,482.43155750507,393.20863457334,395.470357468627,165.287287087444,292.699107748499,94.5445413708814,123.724839703254,75.236902615349,4.69244404325661,2.74354343218974,12.8017730318421,2.68500157008166,3.73706642480526,5.24496095938734,3.82520064858998,3.11990958165413,3.89856388248437,1.09327172742733,-0.318714793930069,-2.88440627268394,-0.175346197557925,0.590195458727528,1.03932017777261,0.263656556787557,0.571408774350045,-0.192526921081703,171,1019,247,-245,888,-151,48,1047,106,234.688888888889,1143.33333333333,185.755555555556,-92.7111111111111,966.466666666667,149.055555555556,85.6888888888889,993.533333333333,125.722222222222,0.65770477874422,0.65770477874422,0.65770477874422,0.65770477874422,0.65770477874422,0.65770477874422,0.65770477874422,0.65770477874422,0.65770477874422,3686,2205,2563,1808,954,1807,513,590,445,591.113237346754,467.554208640159,436.202372454802,656.644285714286,448.388571428571,519.42,712371.081874536,198610.240171583,17679.8430159671,975119.481428571,534665.725714286,450945.171428571,0.270135828891483,610064.525371589,0.0737742925304831,277359.351344629,0.352313900332775,155888.25605163,0.0865762729812138,176672.684574656,0.419797704493327,31094.6112284839,0.337188811587504,100379.889388549,0.32274541079145,10455.41935377,0.198895752914157,17891.5895627717,0.72609344404828,6264.73864076186,1
1687765,-2676,-78,-861,-1318,740,-333,-58,800,-97,3232,1862,1495,827,1453,717,436,1352,300,151,1058,188,-172,972,181,135,985,126,234.42,1093.57,209.78,-93.59,990.03,161.57,154.26,1007.86,126.75,608.578537584227,1110.26149961485,0,-589.738184176856,978.342045849437,0,0,994.910727799883,125.68529804485,821.17619303046,1148.75402502015,412.984987620616,423.15220665855,996.45385743646,282.52212302756,192.519972989817,1014.765046698,148.752848712218,625633.943030303,124990.368787879,127827.223838384,172018.890808081,12889.786969697,54256.4495959596,13401.8105050505,14107.3943434343,6123.07828282828,790.970254200689,353.539769740094,357.52933283632,414.751601332751,113.533197654681,232.930138874212,115.766188954507,118.774552592019,78.250100848678,9.83412849748954,4.22920930943055,5.96562089449697,3.33688820155113,6.58760094736278,2.74833399044656,2.36556801288515,3.28855011769815,3.38271472201032,1.3890507980324,-0.108737784507399,0.720427011277036,-0.176933087943045,1.30489384197075,-0.0219671031172671,0.439327285302094,0.781013339448926,-0.103961028376147,212,1058,198,-172,944,191,135,895,155,180.666666666667,1101.63333333333,197.011111111111,-83.4888888888889,982.722222222222,159.1,151.888888888889,1001.45555555556,127.355555555556,0.639599409660309,0.639599409660309,0.639599409660309,0.639599409660309,0.639599409660309,0.639599409660309,0.639599409660309,0.639599409660309,0.639599409660309,5908,1940,2356,2145,713,1050,494,552,397,576.48837796686,473.918336626881,444.379867062546,659.044285714286,453.432857142857,552.372857142857,683382.493566289,179304.178945402,14854.6516328141,927652.607142857,536484.355714286,466688.335714285,0.624250838643791,693158.834100207,0.0912504278704161,141308.081521841,0.551787824663588,136113.195600124,0.44689591396215,201566.285430113,1.48606978324517,14238.87736328,0.436079991508605,57210.496192005,0.170323134434849,12975.6707780679,0.576999139515785,16691.1455218149,0.969728602014996,6125.69139087686,1
1689328,-858,509,-1188,-900,657,-202,-97,847,0,1606,1794,1000,809,1388,707,368,1380,368,181,1078,148,-181,972,181,155,966,126,193.24,1123.68,164.13,-175.56,984.4,223.84,144.61,991.02,129.06,129.931210007735,1069.81928840517,188.813301770241,-271.333366083218,973.109480949076,0,0,982.634868840127,0,380.453282283121,1149.9753823452,321.715075804663,331.78212730646,990.057281171145,285.593557350302,165.182777552625,995.601958615992,142.874560366778,108487.881212121,60390.543030303,77335.2859595959,80058.6529292929,11282.8888888889,31777.1054545454,6437.67464646465,9194.56525252525,3794.60242424243,329.374985711,245.744873863735,278.092225636741,282.946378187269,106.2209437394,178.261340325224,80.2351210285411,95.888295701432,61.6003443516546,11.510378611147,4.17113447501799,9.74572706238799,4.53818582859091,6.33199369989837,3.33667496724719,3.92769705085065,5.06085205524432,4.03840680179851,1.71012798997993,0.62253943804429,-0.583805679010873,0.0594126542723941,0.595241562794489,0.647309450923513,-0.196202142662128,1.2078041556734,0.393506731303449,191,1029,128,-172,916,111,155,933,126,168.577777777778,1116.65555555556,164.877777777778,-172.844444444444,981.166666666667,217.844444444444,145.155555555556,984.577777777778,128.555555555556,0.554383065415791,0.554383065415791,0.554383065415791,0.554383065415791,0.554383065415791,0.554383065415791,0.554383065415791,0.554383065415791,0.554383065415791,2464,1285,2188,1709,731,909,465,533,368,524.064225307777,459.234251294208,435.110392509824,634.735714285714,442.577142857143,542.01,141938.629134075,92984.0872669021,9273.01651994014,673152.287142858,502224.205714286,445252.178571429,0.377553569820291,114370.717054717,0.0648359722196486,63950.7624230883,0.274027132384081,88360.614462304,0.255701965189453,87164.6721465814,0.51916480524735,11614.2557439393,0.19193452004287,35270.9627653789,0.103672650354829,6322.42354470926,0.35347513338768,9190.30550925999,0,4066.52713341511,1
1690890,-1383,137,-2079,-1100,685,-373,-97,809,-9,2757,2303,1287,863,1500,888,271,1409,339,181,1063,178,-109,948.5,126,116,1000,106,308.94,1114.04,101.59,-91.04,973.03,126.51,106.96,1016.79,115.67,878.672209823372,779.530101247031,174.936901639511,0,953.253363726009,0,0,1001.36565866655,78.6217328762012,823.804078649772,1210.67268078536,458.889932336721,395.880941698385,983.999832317059,277.534087996412,128.868615263764,1025.33318974858,131.459309293789,589100.238787879,226912.341818182,202282.264545455,149932.766060606,21685.1405050505,61636.7574747475,5218.86707070706,17622.4706060606,3941.41525252525,767.528656655814,476.353169211859,449.758006649637,387.211526249679,147.258753576996,248.267511919597,72.2417266592311,132.749653883016,62.7806917174799,5.2295773428788,2.93939590425645,9.83064341846801,3.26068127456818,4.80941713617294,4.08455344952325,3.09925041819767,3.97096551103566,4.97159759532088,1.34441446939686,0.0569479620492037,-2.01773536768222,-0.321118278404543,1.12417417285447,0.951050557824266,-0.257574666628385,1.07751502711627,1.01314793025783,181,1019,178,-109,861,171,87,933,116,262.022222222222,1109.65555555556,141.7,-85.4888888888889,963.9,110.388888888889,107.522222222222,1006.74444444444,111.855555555556,0.662763123158257,0.662763123158257,0.662763123158257,0.662763123158257,0.662763123158257,0.662763123158257,0.662763123158257,0.662763123158257,0.662763123158257,4140,2166,3366,1963,815,1261,368,600,348,593.359110936366,459.385295388669,442.766815131151,653.387142857143,432.214285714286,531.18,759786.160975753,184764.683451985,17929.697314887,1009269.20142857,515143.954285715,465084.351428572,0.197590054973187,673131.521645786,0.0936969014897539,266692.3165815,0.246480565257824,185998.425731447,0.397647975344858,171043.38057844,0.453822689474901,23432.7957990431,0.381765031440814,66628.5226290108,0.229258322487069,5815.29723838163,0.21229363566889,20444.7905374555,0,3955.33111842436,1
1692453,-1131,-9,-1584,-1218,731,-404,-87,780,-48,3333,2490,891,836,1407,1000,310,1323,339,196.5,1044,202.5,-190,948.5,181,116,1014,77,247.2,1161.21,177.31,-182.38,987.43,201.39,109.16,1006.08,91.5,0,-45987.8730326744,195.189267789279,0,972.565448839143,0,0,990.114821264183,0,646.137199052957,1235.41994884331,337.108573014689,426.097969955267,995.328192105498,296.489848055545,135.698415613448,1014.13178630787,113.431036317227,359985.292929293,179650.288787879,83033.6908080808,149794.965252525,15818.388989899,47826.5635353535,6563.79232323232,16430.6197979798,4539.74747474747,599.987743982569,423.851729721466,288.15567113642,387.033545384021,125.771177103099,218.692852044491,81.0172347296075,128.181979224772,67.3776481835592,13.007722803747,4.27206298230254,18.527708961044,3.5344644775161,3.67687257483747,4.86096085688507,2.86765070696472,2.22461563774149,4.15688122195534,2.55157395426321,0.294514053773605,-3.12175591039326,-0.349406186635486,0.777048899577236,0.775359165928314,-0.165877487250957,0.239795316135568,0.550352905285266,242,1009,217,-218,925,171,145,1104,77,187.9,1161.28888888889,206.811111111111,-174.966666666667,982.8,190.333333333333,109.088888888889,1002.78888888889,89.4777777777778,0.62085166808952,0.62085166808952,0.62085166808952,0.62085166808952,0.62085166808952,0.62085166808952,0.62085166808952,0.62085166808952,0.62085166808952,4464,2499,2475,2054,676,1404,397,543,387,568.174708769997,471.504320171157,437.715930797063,679.594285714286,431.331428571429,517.174285714286,437593.708386293,180447.724988653,17249.1709435182,881741.965714286,540061.68,454175.974285714,0.264733873610798,392784.074105746,0.0894860300051809,213435.437154582,0.373149091023132,76754.160522132,0.294146976580039,169764.306683675,0.380202308618093,17976.9928388195,0.68609104469964,53778.2360794711,0.264888173618826,7654.20152580465,0.293018613256274,19386.3834428072,0.523735749926994,4962.85284494965,1
1694015,-1464,-98,-1841,-900,675,-272,-126,790,-262,2626,2156,861,745,1500,909,300,1609,349,196.5,1058,227,-27,935,146,97,980,97,298.81,1159.41,123.42,-76.7,979.74,131.69,90.16,1019.83,103.6,440.917098039804,881.538442769379,232.283463549821,-1561.67425444629,950.8075201445,0,0,996.614914280261,0,787.065429300513,1263.03446112923,495.425877402463,390.692410983372,995.751525231069,280.664443775837,130.340630656753,1032.94581174426,140.331322234204,535539.973636364,253560.102929293,232539.700606061,148240.070707071,31950.1337373737,62050.7817171717,8949.34787878788,27195.7788888889,9050.42424242425,731.805967204671,503.547518045013,482.223703903137,385.019571849368,178.746003416506,249.099943229965,94.6009930116374,164.911427405407,95.1337176947493,4.60082279683345,2.64486214233403,9.36779404402831,2.53541326032262,3.31624252219611,3.23595649350478,2.71686367242153,4.36624293901345,4.91984733086593,0.935003208947908,-0.0700113886411731,-2.38058042706718,-0.251191414044131,0.893044814681755,0.649028935273637,0.0485401024508042,1.13535564976986,0.0583920367324461,232,1009,227,-218,925,181,116,838,87,273.633333333333,1164.74444444444,181.144444444444,-75.3333333333333,969.4,118.144444444444,88.8666666666667,1006.31111111111,101.855555555556,0.689703907672028,0.689703907672028,0.689703907672028,0.689703907672028,0.689703907672028,0.689703907672028,0.689703907672028,0.689703907672028,0.689703907672028,4090,2254,2702,1645,825,1181,426,819,611,611.633864127444,464.710175786368,444.367743882176,677.845714285714,443.455714285714,520.11,733439.970385629,172056.311919378,27932.768136692,1054360.64571429,524114.652857142,472996.547142857,0.357752583343707,606604.758763329,0.156046470022133,297520.631120821,0.25285587229819,237687.058012711,0.13469210770408,164699.488015622,0.575488568610021,35669.8416454832,0.352237737126943,68764.3164871091,0.334434603377151,10196.6477681941,0.274577532068406,31393.7161987067,0.578973426809076,9631.60813021804,1
1695578,-1686,-78,-1920,-1145,490,-414,-165,780,-87,2121,2088,1029,827,1435,1020,310,1400,398,202,1039,227,-200,962,217,106,975.5,106,219.47,1137.45,191.87,-171.8,976.38,203.44,88.45,993.89,109.18,0,1008.05130037789,220.144540809542,0,954.135248717815,455.260985037675,0,978.331902119083,0,580.865173684909,1214.0622677606,375.466389973856,400.958701115215,986.955064833248,303.950917090243,125.035554943384,1002.29203828026,129.411436897981,292158.857676768,181974.431818182,105213.043535354,132578.424242424,20972.1167676768,51513.461010101,7889.3813131313,16941.412020202,4875.80565656566,540.517213117924,426.584612730208,324.365601652446,364.113202510461,144.8175292141,226.965770569267,88.8221893061149,130.159179546439,69.8269694069967,8.64170576202817,3.53888789779723,22.2471470018389,3.57827911558374,4.85012838382033,5.12191480152242,3.33186440580642,3.55898553005163,5.29970536331975,1.31426936469037,-0.0405647724479541,-3.49953917695839,-0.136970130374481,0.339480007318136,0.333401038420433,-0.209181006191372,0.863049502786609,0.566493582625494,212,1000,227,-190,907,202,106,1066,155,184.8,1146.23333333333,223.644444444444,-166.122222222222,972.788888888889,199.111111111111,88.1444444444444,985.755555555556,107.722222222222,0.618119489100038,0.618119489100038,0.618119489100038,0.618119489100038,0.618119489100038,0.618119489100038,0.618119489100038,0.618119489100038,0.618119489100038,3807,2166,2949,1972,945,1434,475,620,485,557.560138276402,466.069823917977,432.664422183276,663.767142857143,432.008571428571,510.651428571429,401485.655975143,152332.742607308,17405.796562443,836711.378571428,525957.574285714,444415.945714285,0.31677207804339,322982.929253358,0.109528294531946,212212.23444976,0.473027527394906,100312.649551576,0.137234731818803,153332.467794814,0.43422055152556,24034.6556015849,0.529901935929541,57650.6796911465,0.445178042249988,9039.47855664908,0.275005236197709,19698.7893090099,0.440641407960984,5453.50259016447,1
1697140,-1565,29,-1722,-1445,638,-414,-184,800,-58,3242,2549,1386,890,1546,1202,300,1514,310,111,1063,217,-72,962,151,116,1009,116,254.56,1160.31,135.5,-88.23,988.57,158.25,96.4,1017.45,117.82,0,609.924746500322,278.527777602109,-6637.45342999753,956.385800056558,0,0,997.865095370151,0,869.552988609665,1290.60920111395,449.519610250765,466.058526367666,1005.64754760304,345.759844400705,137.080341406053,1027.8387859971,138.922856290821,698304.652929293,322578.59989899,185563.262626263,211541.431414141,34400.3485858586,95461.4217171717,9594,21462.6944444444,5472.73494949495,835.646248677808,567.960033716273,430.770545216665,459.936334087819,185.473309632029,308.96831830654,97.948966303887,146.501516867384,73.9779355584822,6.01659863432181,2.69245362691674,7.88835980056017,3.05224781898169,3.5814783687625,4.22046255739259,3.22575838497513,3.11843020348618,3.03609451861778,1.41541081281314,0.233391260495091,-1.68511071493578,-0.491550088477536,0.730820824818987,0.928927214503648,-0.723634985324714,0.670538860770447,0.221958727696714,282,1019,158,-872,1055,151,145,923,126,199.8,1148.95555555556,170.577777777778,-77.0111111111111,978.911111111111,139.922222222222,101.188888888889,1010.86666666667,117,0.696799527469347,0.696799527469347,0.696799527469347,0.696799527469347,0.696799527469347,0.696799527469347,0.696799527469347,0.696799527469347,0.696799527469347,4807,2520,3108,2335,908,1616,484,714,368,619.82658516848,482.734595788103,443.843746561836,664.444285714286,453.681428571429,527.858571428571,898164.178117423,275212.100952894,22102.963201124,1124512.45285714,577751.747142857,469089.921428571,0.411097867916245,791979.808928216,0.094187625764434,377317.921825588,0.257902527583984,184468.169329897,0.28032571982954,242480.327912546,0.560376083793012,39823.9913662796,0.57160042598884,110706.29674066,0.424492250420105,11162.3146205935,0.313240878335397,25223.7209855488,0.52435625936581,5616.4157840501,1
1698703,-1464,-39,-1316,-972,722,-232,-106,800,-58,2121,2147,1148,772,1481,808,330,1447,349,191,1044,198,-154,957.5,191,116,971,111,242.15,1128.31,161.05,-156.53,986.48,182.9,106.97,998.1,106.18,217.350612735038,1257.51503079793,215.427559775352,-262.964835160016,969.446004592602,0,0,983.59471830878,0,565.002858399849,1191.54144283781,355.857092102996,372.392145459595,995.878908301607,273.680068693356,137.347624660931,1005.8340519191,125.201597433899,263223.845959596,148169.246363636,101714.310606061,115327.544545455,18820.2117171717,41867.0404040404,7496.75666666667,15655.0808080808,4445.70464646465,513.05345331612,384.927585869909,318.926810735724,339.599093852523,137.186776757717,204.614369984223,86.5838129598522,125.120265377279,66.6761175119296,9.13196834577147,4.01082883111966,11.5591714874827,3.46976619525352,5.72750258100424,3.46494677697263,3.06998276605637,3.43536077810317,3.95174163152947,1.59581336558257,-0.144272141013596,-2.23319469849423,-0.027998908374488,1.20596509755441,0.222097652185665,-0.127998029896639,0.760972654474123,0.345565854898179,191,1009,198,-154,935,161,145,847,97,202.522222222222,1136.4,194.555555555556,-157.066666666667,977.1,178.866666666667,107.088888888889,991.266666666667,104.944444444444,0.6098403047164,0.6098403047164,0.6098403047164,0.6098403047164,0.6098403047164,0.6098403047164,0.6098403047164,0.6098403047164,0.6098403047164,3585,2186,2464,1744,759,1040,436,647,407,547.185941842949,463.360115045495,434.986304700655,656.361428571429,434.078571428571,519.107142857143,359413.597584981,140619.613054265,16120.332293369,799557.218571428,516579.21,448389.407142857,0.362963970010518,290662.445664219,0.0850598388302341,172710.397262758,0.314231113510171,100960.08242532,0.240614946394898,132872.010619824,0.602714772042364,21669.4420410548,0.372751027130939,47379.4651298808,0.235125936085252,8568.32783703914,0.249848829756877,18503.6900049646,0.42190565081384,4588.89163650696,1
1700265,-1686,-127,-1386,-1354,629,-373,-223,819,-58,3616,2343,851,663,1324,1050,291,1476,417,176,1078,217,-67.5,957.5,171,106,995,106,297.55,1136.71,120.29,-100.42,976.43,166.29,94.27,1006.61,115.85,546.562994630646,915.320555263586,0,0,956.27444181252,0,0,993.678833316388,0,762.185430193992,1230.2514092656,407.524293754372,410.081650406355,986.343190780978,290.176756477841,126.815574753261,1013.57721462156,138.020469496376,497364.27020202,223645.359494949,153137.743333333,159679.579393939,19653.8839393939,57121.3998989899,7268.03747474748,14217.2504040404,5685.2803030303,705.240576117129,472.911576824832,391.328178557759,399.59927351528,140.192310557298,239.000836607301,85.2527857301301,119.236111996494,75.4007977612326,8.01259381767939,3.04487698066672,8.30402242839411,3.17164277096523,3.12812431602679,4.20219293289259,4.38275720731575,4.25426501163179,4.75703395513181,1.4163190808421,-0.135114785421957,-2.26389507165914,-0.457767932253528,0.24690715314176,0.770397999924439,-0.750502288987658,0.926263989449729,0.695131843386579,202,1078,207,-218,888,-20,135,914,97,266.3,1140.95555555556,165.233333333333,-87.4222222222222,975.822222222222,154.233333333333,97.5,999.955555555556,113.077777777778,0.647436078125837,0.647436078125837,0.647436078125837,0.647436078125837,0.647436078125837,0.647436078125837,0.647436078125837,0.647436078125837,0.647436078125837,5302,2470,2237,2017,695,1423,514,657,475,587.005890542607,465.544851031448,438.766267309221,666.235714285714,446.7,521.455714285714,686940.397038743,194504.500323536,15970.8005424975,968794.804285714,525103.885714286,455344.547142857,0.256563099825679,549879.496785342,0.068666468750593,267782.498923768,0.29139665191446,162861.168284186,0.400057746857587,183115.402519455,0.589795667537604,23105.0562838028,0.545316930928688,66980.2892679633,0.356918873979978,8319.06651660415,0.289207720220978,16787.5693897992,0.87657889270397,6187.96942634454,1
1701828,-1575,98,-2000,-863,555,-343,-77,838,-77,2171,2176,891,636,1379,838,300,1495,349,181,1034,217,-200,953,171,116,971,87,217.33,1111.28,162.21,-144.23,986.2,155.91,101.93,1001.57,94.11,0,851.402858394636,228.399716874716,-1915.106885529,968.147685853177,0,0,986.497289592717,186.339665636644,580.196561520318,1176.02116477553,371.855065852275,343.129989945502,995.130664787293,239.755521312857,131.712224185912,1010.19671846626,121.634575676491,292318.91020202,149578.324848485,113095.056464646,97915.0475757576,17873.3333333333,33509.8807070707,7028.67181818182,17530.2475757576,5998.2605050505,540.665247821626,386.753571216201,336.29608452173,312.913802149662,133.691186445978,183.05704222201,83.8371744405894,132.401841285375,77.4484377185912,8.09137711217086,3.61933758693046,21.4241139790325,3.01723990135293,4.55316582099917,4.327116419386,2.79929972083567,5.30895371400657,3.40020907881018,1.15950942553718,0.149673646441733,-3.6689150949706,-0.052004246726249,0.477112482609881,0.232192778353974,0.0201517244328176,1.39895861327252,0.2671089532217,232,1009,198,-218,944,202,116,914,87,186.911111111111,1113.56666666667,203.988888888889,-141.455555555556,982.977777777778,153.366666666667,100.433333333333,988.777777777778,92.8,0.652595941135158,0.652595941135158,0.652595941135158,0.652595941135158,0.652595941135158,0.652595941135158,0.652595941135158,0.652595941135158,0.652595941135158,3746,2078,2891,1499,824,1181,377,657,426,545.581859005134,456.854348240873,435.921435191406,638.922857142857,427.662857142857,513.261428571428,401159.368888415,109124.660740839,17924.0197695591,796255.722857142,499502.545714286,451131.638571429,0.373360755766072,321030.90711195,0.165991292538297,162082.848162549,0.33574621339496,98897.3634923497,0.153758808806336,112646.143347484,0.825050798110303,19879.9719140814,0.312543612862682,35793.6731331805,0.240209229155096,8321.42345255575,0.367468349437618,20527.5770067992,0.857709039343678,6763.26854342801,1
1703390,-1272,-58,-2801,-1545,537,-585,-242,819,-203,1989,2500,1069,900,1425,979,388,1476,495,131,1073,237,-145,957.5,202,87,980,116,175.88,1121.01,241.08,-111.72,972.11,196.49,92.32,1013.29,117.05,0,-8024.34651782377,220.918189603384,0,949.926074073984,0,86.5919467373483,998.074651555252,0,555.630182765479,1218.01345230666,480.112049421799,462.885039723688,983.144226448999,325.20837935084,127.705755547665,1021.99404597091,144.372746735663,280597.096565657,229185.201919192,174129.306666667,203819.395555556,21792.6443434344,67830.4746464646,7864.42181818181,17894.1473737374,7214.93686868686,529.714164966028,478.732912926605,417.288038010517,451.463614874505,147.623319104518,260.442843338927,88.6815754155383,133.769007523183,84.9407844835852,6.02303740146517,3.00671034436289,33.4782214065729,3.30318111767734,4.02618132256334,3.92116511601921,6.36229340437358,4.98083269761035,7.38088738362865,0.804230934677343,-0.226504908513436,-4.76168033246166,-0.272885590487813,0.477750014212567,-0.102577714759746,0.272504826131609,1.37858729042012,0.369748344661231,141,1039,217,-263,962,202,67,952,126,160.166666666667,1129.25555555556,282.844444444444,-102.522222222222,967.933333333333,198.344444444444,90.4777777777778,1001.8,115.7,0.587141331157068,0.587141331157068,0.587141331157068,0.587141331157068,0.587141331157068,0.587141331157068,0.587141331157068,0.587141331157068,0.587141331157068,3261,2558,3870,2445,888,1564,630,657,698,562.465760932532,475.929986292535,441.697476615897,659.13,452.948571428571,523.997142857143,398276.653093591,214603.80806929,19696.7322915367,866909.678571428,551398.122857142,463553.177142857,0.409553427691361,299834.537919955,0.102276195295023,266952.468841908,0.507285723029737,178776.932790595,0.126534173562306,236839.06619363,0.449134720090075,24536.25024557,0.318168568009325,77195.4671370545,0.964983383132082,9296.21081738357,0.458336288035851,21260.8918315748,0.862556368735224,7981.61558774306,1
1704953,-797,333,-1554,-1445,712,-414,-116,809,-9,3535,2009,940,1318,1314,959,466,1542,466,141,1058,153,-195,967,161,106,971,165,346.14,1098.37,174.84,-115.49,972.77,176.3,118.67,996.92,163.92,158.504745432112,985.62175533824,0,0,962.460202410096,0,0,981.748663560615,0,802.451120006696,1140.98087188173,424.519493074229,462.913976889875,978.152958386366,290.881831677401,147.036015996082,1006.00027832998,185.086898509862,529408.99030303,96384.5384848485,151159.368080808,202981.222121212,10607.8152525253,54071.2626262627,7613.15262626263,18370.7814141414,7462.01373737374,727.6049685805,310.458593833137,388.792191383531,450.534373961868,102.994248638093,232.532282976499,87.2533817468562,135.538855735695,86.3829481863969,7.87414107307179,4.19098326508614,8.08324007956928,3.88189557215371,4.439088948708,4.34550400559379,5.25384378268423,7.64486994623451,5.5187534700634,2.06813273732724,0.211474130653322,-1.2804777917942,0.247352259308698,0.741116708650006,0.518509408400233,0.759120100513851,1.86644789393256,1.11892303588802,121,1039,158,-218,879,141,97,1000,165,275.5,1097.26666666667,197.811111111111,-118.533333333333,968.688888888889,168.744444444444,115.777777777778,982.655555555556,158.422222222222,0.60425113944325,0.60425113944325,0.60425113944325,0.60425113944325,0.60425113944325,0.60425113944325,0.60425113944325,0.60425113944325,0.60425113944325,4332,1676,2494,2763,602,1373,582,733,475,576.276405051705,473.419996539799,439.019245108408,694.007142857143,442.962857142857,548.361428571429,572018.964698557,211964.233884805,22229.6100606814,911135.121428572,538150.628571429,457677.132857143,0.241442235229346,585348.75981168,0.229406060288166,105511.3001974,0.521097007711547,156386.090987003,1.42254370222133,228108.161713466,0.599509591985641,11730.1760327612,0.553259932412003,60540.8952280961,0.686942640594922,8907.90832077188,0.929228621810419,20864.9938056217,0.57445109998342,7592.12959872852,1
1706515,-1323,19,-1178,-854,638,-252,-38,819,-9,2010,1754,891,763,1333,727,407,1390,368,131,1063,198,-190,953,166,106,961,135,134.72,1077.88,201.81,-139.62,979.98,178.39,123.69,1001.77,133.49,0,616.820621290245,0,-544.862293609605,965.46555945732,0,132.140802983873,990.596091590169,112.900758078736,511.17202583866,1141.0727058343,349.31720541651,372.396455407406,987.477554175284,285.399737210811,143.600383007846,1007.99661209748,146.633590967418,245603.395555556,141638.005656566,82116.3978787878,120389.268282828,14900.1208080808,50131.3312121212,5375.61,12640.4415151515,3719.0201010101,495.583893559461,376.348250502863,286.559588705016,346.971566965981,122.066051005514,223.900270683448,73.3185515405208,112.429718113813,60.9837691604094,7.52980901486056,3.03483474789178,10.7363591397267,2.8882998979723,3.84552621236774,2.67869487867842,5.43777979661394,3.88712519521404,5.11492800996824,0.941416017107485,-0.451275908677347,-1.74788586166006,0.304451647747162,0.627679945566711,0.353487214897875,0.99587836879537,1.20195215745665,0.746418248899077,161,1019,168,-190,935,161,106,904,87,114.566666666667,1088.88888888889,220.255555555556,-146.844444444444,975.766666666667,172.611111111111,120.511111111111,993.444444444444,131.755555555556,0.612613890073306,0.612613890073306,0.612613890073306,0.612613890073306,0.612613890073306,0.612613890073306,0.612613890073306,0.612613890073306,0.612613890073306,3333,1735,2069,1617,695,979,445,571,377,533.065820466546,462.320486873504,438.349991759917,606.175714285714,436.607142857143,539.55,330619.837318302,141055.583292141,12716.7366636735,722299.829999999,512247.45,453505.564285714,0.287321846956728,259411.927610843,0.0401893686206881,166507.876305838,0.130371959552831,87868.2414984241,0.168382688904904,137121.092823882,0.626115748391409,17182.5181494145,0.17673419030272,58130.7447574047,0.347828294408181,6092.59234412793,0.430762392939041,15004.4576457691,0.216674441819417,4151.04869946279,1
1708078,-1252,117,-2009,-936,583,-515,-184,819,-145,2000,2156,861,672,1416,1181,349,1561,368,141,1058,217,-158.5,972,171,106,980.5,106,296.67,1186.86,127.67,-173.93,979.24,161.21,103.76,1010.57,102.41,160.824864027725,921.71699051612,263.692682113722,-621.175364944973,957.470178290863,452.187502635406,0,994.268189862914,0,696.118689592515,1257.93844841471,481.082414976894,379.455438754012,990.043130373622,303.514530129943,141.719652836154,1020.22603867966,133.796076175649,400573.87989899,175527.757979798,217313.799090909,114883.621313131,21489.3155555556,66800.41,9412.44686868687,19807.5203030303,7488.46656565656,632.909061318441,418.960329840187,466.169281582248,338.94486470978,146.592344805435,258.457752833998,97.0177657374508,140.739192491041,86.5359264447811,4.28684394524096,2.97442260547035,11.2704883609116,2.93708234941122,4.25878654884612,5.50402067661071,4.22808718186582,6.72704306137442,3.45322221500704,1.02435638248056,-0.0223451638141609,-2.73267059905566,-0.159459493739839,0.460388576461727,0.678552154309638,-0.0945715511844588,1.69738623605846,-0.128015214590277,141,1029,188,-263,981,171,48,914,67,273.511111111111,1194.62222222222,187.5,-173.466666666667,974.622222222222,152.633333333333,104.5,996.122222222222,103.644444444444,0.647436078125837,0.647436078125837,0.647436078125837,0.647436078125837,0.647436078125837,0.647436078125837,0.647436078125837,0.647436078125837,0.647436078125837,3252,2039,2870,1608,833,1696,533,742,513,600.101563491838,465.294903794309,440.901719724003,690.514285714286,414.222857142857,521.46,578321.694047793,138275.744675586,20758.3940746269,985041.711428573,521268.385714285,462363.008571429,0.23690899377873,423216.892846329,0.120484848423562,203278.323920771,0.260307764669149,220043.033687704,0.0718985802832743,131824.289444254,0.7102877082903,23735.2244444274,0.343794853753599,76848.8212324402,0.342328519656404,10372.7296941766,0.369858624408124,22578.9114379165,0.611878745885074,7906.28513926086,1
1709640,-1191,-107,-2009,-1063,657,-454,-242,809,-135,1707,2137,762,681,1462,959,427,1485,427,161,1058,227,-227,953,217,97,975.5,106,185.52,1172.73,197.92,-198.44,976.83,213.7,103.22,1005.97,110.46,0,1100.12780003918,249.262726455417,-809.884407074056,960.2336127422,1525.78356797587,0,988.757645677929,85.7828095543488,467.357614680664,1239.16100245287,369.872897087635,421.092483903477,985.483490475614,310.509709993102,148.884048843387,1015.5962140536,136.238173798682,185864.110707071,161842.764747475,98619.831919192,139333.784242424,17152.384949495,51261.202020202,11628.3753535354,19656.5950505051,6423.66505050505,431.119601395101,402.296861468586,314.037946623003,373.274408769774,130.967114000023,226.40936822535,107.834944955406,140.201979481408,80.1477700906585,7.42058225530025,3.62646561554265,27.8710494146711,3.00261679150203,4.22670949802882,4.18428103175908,4.44546634472154,4.25933396537067,5.03217554556997,1.27715368404169,-0.1861334698675,-4.19390924062033,0.183368566869149,0.693634127520601,-0.0808099547732184,0.397853883497222,1.13370097953138,0.509449567470759,181,1029,198,-909,925,292,19,923,97,158.411111111111,1182.58888888889,232.888888888889,-201.177777777778,971.833333333333,215.333333333333,100.544444444444,995.155555555556,107.833333333333,0.626275189074183,0.626275189074183,0.626275189074183,0.626275189074183,0.626275189074183,0.626275189074183,0.626275189074183,0.626275189074183,0.626275189074183,2898,2244,2771,1744,805,1413,669,676,562,560.778419593722,470.962551449288,439.311851804506,666.93,425.181428571429,522.707142857143,295776.610435398,153394.421548411,22582.5287132149,810321.038571429,533534.087142857,459498.415714285,0.130259052036154,205673.803008745,0.117678743309348,190052.779842942,0.337044715812426,101799.829275345,0.212679113625093,156518.682286787,0.269383911730207,19873.672274592,0.233062220905475,55842.4186044753,0.436871398652532,13609.675298167,0.318789143990262,23166.3418260856,0.625794651416241,7025.95202581579,1
1711203,-1303,9,-2594,-963,592,-383,-165,838,-281,2565,2176,1326,718,1416,969,398,1514,320,181,1049,222,-31.5,953,151,106,966,106,263.99,1122.35,128.65,-63.69,990.55,152.84,89.21,1014.85,111.77,631.921832567872,445.985857873953,303.736129852974,-7264.15771824276,961.777450229739,0,0,997.649901158221,85.9267858138671,782.90522414913,1214.26308928502,517.136935443602,395.368321948029,1004.86251298374,286.78967903326,136.795065700485,1024.77071093977,139.245287173391,548737.242323232,216934.674242424,253413.926767677,153797.670606061,28847.845959596,59483.0852525252,10863.0968686869,20438.8762626263,6966.38090909091,740.768008436671,465.762465471859,503.402350776868,392.170461159507,169.846536495732,243.891544036535,104.22618130147,142.964597934685,83.4648483440239,4.60075800616928,2.58525955393855,15.3749133576915,2.74859150078909,2.92518346194664,4.06264698795329,3.36563659447592,4.94200973045917,7.11724905390917,1.04014194041024,-0.0487144360653701,-2.9561182027887,-0.263585254182011,0.342180760184324,0.773658052001831,-0.0935288424747467,1.37536675461844,-0.646286415724402,151,1049,247,90,842,222,135,895,116,229.022222222222,1124.23333333333,184.877777777778,-59.0444444444444,988.411111111111,140.766666666667,88.6555555555556,1000.45555555556,112.444444444444,0.655156704506618,0.655156704506618,0.655156704506618,0.655156704506618,0.655156704506618,0.655156704506618,0.655156704506618,0.655156704506618,0.655156704506618,3868,2167,3920,1681,824,1352,563,676,601,596.318951785064,468.789232550296,442.702383204566,649.281428571429,462.728571428571,521.07,729773.930072069,168406.786963707,21439.276043141,1009202.59285714,534991.328571429,466395.921428571,0.388630647067247,639980.970532447,0.160547630323019,250624.243890324,0.345742144973618,230464.212633087,0.128905214407261,172492.18267088,0.548595725711772,32434.9626501991,0.655168637623793,63169.5844565016,0.333727977848063,12614.8830519307,0.3416817582574,24067.9987098221,0.785664006717063,7286.21338048003,1
1712765,-878,39,-1752,-1900,750,-494,-194,800,-67,4848,2784,772,863,1333,1121,349,1704,436,181,1049,217,-200,962,196.5,126,947,97,248.18,1137.09,175.27,-166.31,985.59,207.94,109.64,994.49,107.32,228.875620096127,790.891080962501,227.590476008064,-418.009689515143,975.362209122619,188.749219324746,128.399708301355,980.177030359294,0,675.452500180435,1207.88412109772,368.6233443503,434.558845267243,990.97938929122,305.447573242938,145.323088323914,1003.39360671673,134.331530178138,398629.058181818,167687.254444444,106225.855656566,162810.478686869,10760.1029292929,50564.8246464647,9189.76808080808,17968.0504040404,6593.3107070707,631.37077710472,409.496342406675,325.923082423699,403.497805058304,103.730915976352,224.866237231081,95.8632780620822,134.04495665276,81.1992038573698,32.5133534087514,6.90407410366534,19.972180568374,5.7728346160341,4.03325021343511,5.52265341501595,3.51270305978929,11.1930143875525,6.49735363149945,4.75558694805678,0.926159437645274,-3.84935672046618,-0.389887310518392,0.782798452018119,0.232297772917921,-0.276113165821713,2.3425415545251,1.13284720095073,181,1019,207,-200,879,131,126,914,97,172.044444444444,1128.18888888889,224.877777777778,-167.3,980.644444444444,207.377777777778,110.4,980.155555555556,103.488888888889,0.595761096670324,0.595761096670324,0.595761096670324,0.595761096670324,0.595761096670324,0.595761096670324,0.595761096670324,0.595761096670324,0.595761096670324,5726,2745,2524,2763,583,1615,543,904,503,553.19504032896,473.046271468143,434.533232516179,668.802857142857,440.237142857143,519.192857142857,497374.339111123,200581.101899738,20767.5931393159,879044.271428571,541791.325714285,448269.638571429,0.342926126998836,436486.759353661,0.189303094452043,193079.529400216,0.598794051249525,107769.663293627,0.754846101115842,164302.913233804,0.376089136616485,12012.7585549837,0.939725697378921,51542.9890621499,0.589192474017912,10787.3346978719,0.551159943586278,21319.4022912059,1.09236752586744,7205.91187222134,1
1714328,-1434,-9,-2287,-1109,611,-343,-155,780,-116,2929,2205,1089,845,1490,1020,300,1504,330,171,1039,217,-118,967,191,116,980,111,271.85,1149.85,133.54,-113.3,974.36,164.01,98.08,1012.27,113.34,0,1289.27668978093,336.853945617988,0,942.295187901453,0,0,995.772056900232,0,844.635868288815,1267.42871594421,493.341362547273,446.999552572483,990.498702674567,328.875736411186,133.786770646428,1021.29991187702,136.352851088637,645966.997474747,287091.441919192,227831.079191919,188860.313131313,32030.5761616162,82080.7776767677,8362.84202020202,18548.4415151515,5804.18626262626,803.720721068424,535.809146916318,477.316539826475,434.58061752834,178.970880764487,286.497430488945,91.4485758238039,136.192663220717,76.1852102617448,4.94918865478719,2.4934019357433,14.0172346769182,2.81854106765587,3.09390260565812,3.55884073002507,2.99764176465786,4.25242774621749,4.31285299328506,1.1108435032815,0.0131086751582018,-2.94645073417271,-0.26738840545716,0.415904136075147,0.825833122448161,-0.503117857811815,1.00891798012633,0.130257132913501,202,1000,217,-172,1037,191,29,942,106,230.555555555556,1155.86666666667,190.844444444444,-108.3,969.088888888889,146.211111111111,101.322222222222,1003.53333333333,112.533333333333,0.677640305783194,0.677640305783194,0.677640305783194,0.677640305783194,0.677640305783194,0.677640305783194,0.677640305783194,0.677640305783194,0.677640305783194,4363,2214,3376,1954,879,1363,455,724,446,616.533090538892,473.286425849902,441.321432041739,666.531428571429,439.315714285714,524.438571428571,873172.086815278,229594.313846252,19259.9369319357,1098501.85714286,552452.37,462661.932857143,0.423856478694163,734203.563718181,0.120286914865322,331323.687216949,0.370265613021148,203284.335953859,0.12079024207727,212732.996157826,0.549698734868837,37185.3528445619,0.339664265322032,92354.627094236,0.445660807795692,9600.35465133289,0.161636594048024,21298.8724779021,0.584171906915186,5320.26768320849,1
1715890,-1030,-176,-1396,-1072,574,-323,-145,828,-38,2606,2009,1772,763,1425,1020,368,1419,349,181,1039,198,-181,953,191,116,952,106,233.2,1113.13,149.08,-140.67,980.46,169.23,111.66,991.33,114.93,225.32200492035,986.26490138757,171.7019363155,0,960.898528510343,681.792302266538,0,977.782877789768,67.3078473174495,631.533562053514,1184.27742949024,387.476708977456,366.587056509092,990.518742881729,282.883880770892,150.660080977013,999.02435906238,131.68868592252,347931.717171718,165105.69,129205.407676768,115755.576868687,20025.8266666667,51903.5324242424,10333.8428282828,15469.193030303,4174.75262626263,589.857370193607,406.33199480228,359.451537313123,340.228712587117,141.512637833752,227.823467676713,101.655510565256,124.375210674407,64.6123256527934,9.04731346201366,3.93122664849409,12.1864533897232,3.83030608283382,4.90433995174937,5.1961191372589,3.59015736149502,4.60161854541424,4.79998813854515,2.02213589429497,0.0709000730884975,-1.15578960175028,-0.279369982476297,0.746430045939758,0.648949116305325,0.0756189106663874,1.32396286045788,0.598248884242466,191,1000,207,-281,944,202,116,904,87,181,1119.63333333333,175.755555555556,-134.488888888889,974.022222222222,160.866666666667,110.488888888889,980.344444444444,113.066666666667,0.615373590438883,0.615373590438883,0.615373590438883,0.615373590438883,0.615373590438883,0.615373590438883,0.615373590438883,0.615373590438883,0.615373590438883,3636,2185,3168,1835,851,1343,513,591,387,551.400293916091,460.76114701904,433.106058765181,640.89,432.437142857143,521.965714285714,443881.267297395,144439.765818228,18786.0705416673,836351.087142857,512372.888571429,444895.731428572,0.502861533470282,393182.736372266,0.100263367609338,184640.666598025,0.323057911983232,109615.760032161,0.156370283307729,132418.776299713,0.569814712771633,22716.6719781992,0.383338230786376,59866.5806461622,0.465358649216376,11730.1594046823,0.331564732331541,17563.7256245695,0.434161184534168,4561.13351309529,1
1717453,-1282,-147,-2188,-1281,629,-393,-155,838,-67,2595,2156,1455,763,1481,979,349,1438,475,156,1049,207,-85.5,953,171,116,990,106,179.13,1125.73,168.07,-99.9,976.53,161.8,102.17,1007.17,114.75,214.927115794385,868.95966065059,237.852619970437,0,953.572299685088,644.919060138017,0,994.203890418103,87.7750238322877,613.023743422716,1219.42849318851,404.939489306736,395.974468873941,988.083159455721,284.380379070005,138.612589615807,1014.15265616178,135.51225036874,347182.376868687,221957.391010101,137099.45969697,148298.757575758,22926.7566666667,55245.4141414142,8863.37484848485,14256.7687878788,5248.49242424242,589.221840115153,471.123541133428,370.269442024277,385.095777146098,151.41584021055,235.043430330257,94.1454982911284,119.401711829767,72.4464797229129,8.57446554204862,2.72312117192554,22.3399361028634,3.17263301106199,3.88754628564638,3.64372962026615,3.30958634502124,3.90677435121174,8.2322221738739,1.70027106620263,-0.258819685244319,-3.36515412882952,-0.298377264740183,0.471831104347962,0.58491119199271,-0.230941299281417,0.89649869628749,1.34121592679057,161,1049,207,163,953,171,174,895,116,135.733333333333,1136.03333333333,213.477777777778,-96.0555555555556,972.133333333333,152.722222222222,102.422222222222,998.8,110.9,0.63164478557425,0.63164478557425,0.63164478557425,0.63164478557425,0.63164478557425,0.63164478557425,0.63164478557425,0.63164478557425,0.63164478557425,3877,2303,3643,2044,852,1372,504,600,542,559.232118693267,462.488816379091,439.498476541927,631.255714285714,445.041428571429,524.61,492218.8936262,180195.550972391,15539.0849593388,868619.978571428,520275.561428571,456892.555714286,0.546542045903462,383082.356634398,0.0543268952789137,261550.003308649,0.282367125174314,109612.0794829,0.120150979668345,170522.356914161,0.629905595276929,26777.1659172618,0.376501015037817,64136.7660867478,0.272310470421154,10456.9950715529,0.193943075332206,16312.2763155632,0.88079348415129,5177.8849978027,1
1719015,-2141,-39,-2128,-1281,527,-393,-135,838,-97,2636,2323,1138,718,1379,1050,378,1580,475,151,1029,217,-195,957.5,181,106,961,97,299.89,1151.69,120.1,-158.9,983.1,183.78,108.67,1012.5,108.03,201.149639881674,1355.15752631586,320.477982363925,-191.912123065863,958.64704046637,0,0,994.719326798004,0,815.465431517486,1225.79865801852,474.033100110108,380.447893935556,994.591845934803,310.42992768095,148.935858677486,1023.07151265197,140.858688052956,580858.442323232,177972.216060606,212407.444444444,120698.373737374,22956.898989899,63223.8905050505,10477.4960606061,21736.4343434343,8253.22131313131,762.140697196543,421.86753378354,460.876821335641,347.416714821515,151.515342424122,251.443612973268,102.359640779978,147.432812980809,90.8472416374394,5.8663548392019,3.5379197251487,10.9072153909366,3.50241052316655,3.90381811991512,5.25618822723693,3.20777665938467,5.82128597970557,6.28994517502688,0.984968451826463,0.339050621113557,-2.50651238675646,-0.117036582295429,0.149680050914205,0.806900097558984,0.222629125056076,1.6142874584465,1.17331332206795,171,1009,207,-345,953,191,106,933,87,265.988888888889,1148,171.066666666667,-154.566666666667,982.311111111111,170.988888888889,106.5,997.211111111111,103.111111111111,0.655156704506618,0.655156704506618,0.655156704506618,0.655156704506618,0.655156704506618,0.655156704506618,0.655156704506618,0.655156704506618,0.655156704506618,4777,2362,3266,1999,852,1443,513,742,572,601.594913982577,466.422436314401,442.544814982166,673.577142857143,431.991428571429,526.8,758361.395647071,152860.425891469,22930.6036694437,1025260.11428571,527280.12,466585.02,0.506506218268652,615510.504033112,0.153975472879086,201511.538934101,0.323697322456052,200047.762605003,0.242824053081071,135894.524765623,1.20115390796674,26281.3883439074,0.963084449728605,74680.1328733587,0.409632964676183,12203.3293751389,0.337362745796269,24858.6976433453,0.720811832619843,7738.84984528461,1
1720578,-2555,-127,-1950,-972,500,-626,-145,809,-194,2606,2029,1069,836,1555,1080,456,1504,417,116,1058,232,-218,957.5,212,97,966,116,121.59,1122.94,199.64,-137.45,978.54,195.28,98.25,1003.35,122.45,0,850.726013029993,230.391667282721,-680.369175093078,947.706216436848,388.692246637768,0,988.253011396057,96.8205580542198,651.901994167835,1222.3768731451,372.149889157581,455.284449547753,993.302823916252,329.953087574582,138.444393169243,1011.94236495959,141.930370252459,414335.436262627,235566.642828283,99635.768080808,190294.371212121,29404.0084848485,71449.2541414141,9609.88636363636,17491.0378787879,5202.25,643.688928180862,485.352081306223,315.651339425018,436.227430604864,171.475970575613,267.299932924448,98.030027867161,132.253687581057,72.1266247650616,10.5514838453556,2.65774573682891,25.6219707447233,2.45655933030141,4.08288655740175,4.63163286867554,4.7928652732677,5.18449345889157,8.31190147233908,1.13356439868711,-0.152127183182716,-3.90967643875136,0.122756748094224,0.35140602477424,-0.0262485456942345,0.683515215030483,1.35701423718421,0.161034151220467,161,1009,217,-372,907,242,9,933,97,76.7222222222222,1131.08888888889,238.422222222222,-143.033333333333,975.266666666667,196.1,94.3777777777778,993.088888888889,120.866666666667,0.628966689102201,0.628966689102201,0.628966689102201,0.628966689102201,0.628966689102201,0.628966689102201,0.628966689102201,0.628966689102201,0.628966689102201,5161,2156,3019,1808,1055,1706,601,695,611,563.037369313722,478.232342141529,437.959958256676,618.93,444.158571428571,524.592857142857,532605.800132783,210487.785719583,21007.1198026034,881861.558571429,558344.344285714,455716.47,0.515420411079631,453376.023044918,0.0481842150204788,276357.389064126,0.510715791785487,75166.5485271486,0.0697606786376902,223531.962855427,0.610336272814329,33404.4571292242,0.558639519173647,80828.3434322207,0.529000431790509,11419.8894069195,0.371016083338705,20074.6315938083,1.19737142011818,5363.40270567982,1
1722140,-1151,-264,-613,-1690,601,-565,-116,628,-155,4797,1892,752,2427,1444,898,533,1666,388,141,1073,118,-227,962,161,169.5,971,155,388.3,1149.49,172.11,-149.15,968.57,186.74,170.13,987.02,142.87,246.322424428417,852.611400418024,0,-532.966361541198,953.640511249837,258.051735983373,0,967.111210459049,117.530892396429,1043.36435630129,1212.55349985063,288.217365889011,594.58134010411,976.008959999856,363.928756764288,199.452124581314,997.462049403385,160.207896184926,947305.343434345,150463.363535354,53987.2706060606,334627.522727273,14611.7627272727,98557.8913131313,10946.3970707071,20931.3733333333,5307.81121212121,973.296123199073,387.89607311154,232.351609863286,578.46998429242,120.879124447825,313.939311512801,104.625030803852,144.676789200387,72.8547267658126,10.3789030005099,4.62388216121269,4.48600246953735,7.0866160373264,6.13333022580335,2.99653657699148,4.61591195456622,7.14910543657298,7.63463083125719,2.71641743302707,-0.638318685706853,-0.16353712950394,1.09857193048212,0.590153510931674,-0.136981549621722,0.137590070835892,1.01759007875687,-0.783185308977211,141,1049,79,-254,953,151,155,971,165,255.677777777778,1165.48888888889,177.588888888889,-172.011111111111,965.544444444444,190.9,169.188888888889,982.888888888889,144.844444444444,0.612613890073306,0.612613890073306,0.612613890073306,0.612613890073306,0.612613890073306,0.612613890073306,0.612613890073306,0.612613890073306,0.612613890073306,5948,2156,1365,4117,843,1463,649,1038,543,609.045059778893,500.257119801231,437.092383530277,732.814285714286,431.211428571429,557.151428571429,981321.437964969,369243.975464452,22371.2891798973,1132270.46571429,616527.685714285,454447.825714285,0.338222936003265,1110775.15961962,0.32334174078514,165270.754727692,0.714365314345047,55889.0170565497,1.32214397436978,367812.878854369,0.814430314196857,10572.8482869583,0.30480850513583,110739.238345213,0.525212385167168,12719.9262020822,0.792753280690769,24138.7512465425,1.58172401413532,5586.31660926319,1
1723703,-1373,225,-2059,-890,657,-303,-77,819,-19,2161,2029,1059,727,1277,737,233,1457,339,186,1058,168,-154,962,141,106,985,135,251.49,1093.27,142.85,-133.97,972.26,152.28,100.55,1011.93,141.18,299.089417271341,954.417084545442,245.539891350457,0,957.882675351013,0,0,998.763065587556,139.56342843753,653.248367774463,1143.55893158158,467.035533980017,352.370898344344,979.381263859994,266.323262220933,119.24541919923,1019.41779953069,158.515362031571,367157.787777778,113623.976868687,199713.19949495,107290.191010101,14038.5377777778,48221.0925252525,4150.67424242424,15363.9647474747,5247.80565656566,605.93546502724,337.081558185385,446.892827750625,327.55181423723,118.484335579763,219.593015656811,64.4257265572088,123.951461255908,72.4417397400536,5.00514061912561,3.28789051795103,9.54018417744789,3.03127025014844,3.59804705328807,2.92716104390372,3.04337183904332,5.28457674026473,2.99213305046788,0.835366988932176,0.0395150791063699,-1.84809396788218,0.182456149568397,0.267657144394349,0.568980840358617,-0.242764900200295,1.40911398119445,0.231637307851661,191,1039,138,-390,916,131,67,914,126,228.577777777778,1092.8,177.311111111111,-135.633333333333,970.155555555556,143.288888888889,101.555555555556,1001.85555555556,139.866666666667,0.647436078125837,0.647436078125837,0.647436078125837,0.647436078125837,0.647436078125837,0.647436078125837,0.647436078125837,0.647436078125837,0.647436078125837,3534,1804,3118,1617,620,1040,310,638,358,565.651834377619,455.214783242084,441.932964057206,637.547142857143,424.53,537.282857142857,480534.188729038,120855.357138916,16018.0408129912,836821.135714286,494691.852857143,462239.674285714,0.279720481565723,408481.109189662,0.0522504928455035,131960.130491398,0.275657078979416,208899.359528356,0.220965907526845,121613.594751213,0.542445380694182,15675.4336359348,0.271988341853795,55440.5107398383,0.248757453616189,4432.66144635038,0.347847289981904,17665.8396645456,0.304247467742936,5670.77618005938,1
1725265,-898,294,-1732,-990,750,-181,-155,780,-155,2828,2519,811,781,1314,838,271,1323,368,191,1049,207,-181,962,191,111,985,92,245.21,1147.53,169.02,-183.57,982.74,192.35,101.51,994.53,97.87,0,1019.49989439716,250.215853670514,0,974.685813442526,0,0,983.159244819598,0,531.576551401583,1200.52488937131,346.335328836086,382.054328597387,986.963991237776,266.900337204733,125.402830909035,1000.43788912656,120.801697007948,224692.612020202,125691.827373737,92303.4339393939,113401.580909091,8404.05292929293,34583.0984848485,5476.35343434343,11905.1001010101,5065.16474747475,474.017522904167,354.53043222513,303.814802041299,336.751512111068,91.6736217747119,185.965315273705,74.0023880313563,109.110494916897,71.16997082671,16.0024741616693,5.44276883334694,20.6287591751307,3.53657437875639,4.2851385282645,4.49076906159423,3.69399964785655,2.93048295985113,5.7068970921942,2.89577494728631,0.813196578347108,-3.4769102254259,-0.240444387237115,0.790028810317956,0.652743074450881,-0.492030255963712,0.552095877988777,0.343510119930176,202,1019,227,-227,953,181,116,885,19,197.922222222222,1139.13333333333,203.855555555556,-179.022222222222,979.322222222222,184.088888888889,102.877777777778,990.066666666667,96.6666666666667,0.595761096670324,0.595761096670324,0.595761096670324,0.595761096670324,0.595761096670324,0.595761096670324,0.595761096670324,0.595761096670324,0.595761096670324,3726,2225,2543,1771,564,1019,426,543,523,546.835565333981,461.594815708399,432.623142342991,669.325714285714,424.937142857143,511.675714285714,290593.186015797,132125.078322223,12776.9174650024,790192.2,510556.808571428,441940.667142858,0.460825170980613,246463.641768231,0.168495734453242,139703.966423599,0.569143387372235,88184.7627110728,0.353369850225079,126787.54275445,0.513661052551615,8872.47617589241,0.342794784201947,37228.4908658714,0.231535550979542,6173.51134952835,0.193915808001932,13817.6123132939,0.453253700954969,5383.08844070724,1
1726828,-1989,-186,-1990,-1100,638,-252,-135,790,-155,2676,2372,831,863,1481,1030,339,1552,368,191,1102.5,207,-76.5,948.5,161,126,1000,97,276.39,1154.43,139.51,-83.46,982.3,150.92,106.91,1015.54,107.88,0,809.518286368797,348.907834998911,0,951.130090362946,0,0,994.713688389947,0,876.49178547206,1276.70023498079,446.430901708204,423.789499633957,998.665048952851,318.664274746951,138.527000978149,1027.00885098426,133.301387839737,698834.765555556,300257.439494949,181654.05040404,174375.725656566,32746.0505050505,79565.7309090909,7838.36555555556,23662.3115151515,6193.09656565657,835.963375726207,547.957516140576,426.208928113948,417.583196089792,180.958698340396,282.07398126926,88.5345444194274,153.825587972715,78.6962296787881,4.91620231936378,2.55806222184126,11.5501679127893,2.91142253751156,3.09862951816385,3.65315428203252,3.21325431650483,4.4807606184579,5.19940040814501,1.05550453678389,-0.00578032625972118,-2.64336085571909,-0.311285603328255,0.617405300942896,0.92720708000531,-0.262695054241886,1.02338770502961,0.577854921662785,222,1029,207,-136,925,-111,126,952,48,238.311111111111,1154.95555555556,189.655555555556,-77.8777777777778,974.233333333333,132.677777777778,107.677777777778,1004.72222222222,104.888888888889,0.68007704572828,0.68007704572828,0.68007704572828,0.68007704572828,0.68007704572828,0.68007704572828,0.68007704572828,0.68007704572828,0.68007704572828,4665,2558,2821,1963,843,1282,474,762,523,622.278885869879,471.918308656953,442.83058072783,672.998571428571,449.897142857143,527.284285714286,920888.984513853,216766.530768715,23908.0475190664,1113215.09571429,547918.431428572,467874.072857143,0.233405571049893,760317.798213468,0.132012942577925,352636.069184407,0.259719211077405,184333.145416877,0.230902551422686,196737.400907099,0.521277033601025,37762.6223916772,0.31418825217529,91563.851127186,0.368704062236174,9060.02774796067,0.335868638227743,28093.2239676885,0.559606812196091,6319.47919198862,1
1728390,-2060,58,-1881,-1072,712,-202,-97,828,-87,2060,2450,900,818,1370,656,368,1666,398,196.5,1039,217,-172,953,171,111,952,106,235.47,1114.19,184,-135.8,983.18,185.21,107.76,991.68,106.72,510.611574539596,752.338543630642,297.338497352164,0,968.222280194376,0,0,977.623944833421,0,548.699799526116,1174.77304616679,367.230826592758,341.02829794608,991.162680895523,254.149778673915,138.967046453467,999.979279785336,129.268789736734,248106.413232323,140073.084747475,102022.707070707,98847.1313131313,15919.7450505051,30595.3190909091,7777.39636363636,16696.3006060606,5375.01171717171,498.102813917291,374.263389536667,319.409935773305,314.399636312021,126.173472055361,174.915176845547,88.189547927384,129.214165655553,73.3144714034802,10.0062866062961,4.89157662506432,21.7155865396929,4.16727412925179,4.65339547924709,3.40284968362518,3.86421202376076,9.23332826825786,4.76494136125642,0.40595257312629,0.137669989847725,-3.51012952341554,-0.0558388467260353,0.919172443488316,0.226094380540903,0.377096530151565,1.87885059901827,0.574572658276242,212,1000,198,-172,944,171,58,923,77,214.622222222222,1119.96666666667,217.111111111111,-135.422222222222,976.944444444444,182.433333333333,105.077777777778,980.544444444444,104.877777777778,0.572479800570449,0.572479800570449,0.572479800570449,0.572479800570449,0.572479800570449,0.572479800570449,0.572479800570449,0.572479800570449,0.572479800570449,4120,2392,2781,1890,658,858,465,838,485,541.627540238772,456.620736516246,432.500416943573,657.282857142857,442.538571428571,516.925714285714,339280.187253275,106960.188427034,17513.7719575317,778294.997142857,498555.372857143,443991.779999999,0.411767986000603,251985.471964626,0.154034386406476,157020.022823959,0.363683211775107,101476.780188597,0.132138100059385,114657.649227409,0.782807788335219,18502.8747494058,0.310567458593251,34541.2939967527,0.332504758409354,9090.3392108009,0.487140781593058,19171.1752902489,0.571225827867391,5768.99753837918,1
1729953,-1929,-88,-2306,-1136,601,-505,-126,828,-48,3343,2362,990,881,1490,1060,271,1704,359,156,1097.5,198,-167.5,962,166,116,980,116,246.57,1153.41,179.75,-127.19,978,186.8,99.86,1003.06,120.89,-1432.23800024827,0,212.225814336278,-666.755907351653,952.108610997004,931.948605905517,0,989.300957016869,96.0348145570549,818.164085009847,1256.30485551875,394.824733267813,446.191449940494,991.40627393617,333.370034646187,125.189855819072,1011.08004628714,135.282482236245,614743.136464646,250451.77969697,124824.755050505,184757.084747475,26669.0909090909,77011.4545454545,5758.06101010101,16316.663030303,3724.1998989899,784.055569755516,500.451575776288,353.30546988478,429.833787349802,163.306738713045,277.509377400935,75.8818885512281,127.736694141907,61.0262230437859,8.06725274601104,2.76879615058494,27.1616317111685,2.76682602530216,3.90441155423329,3.80329080683401,3.56110956242581,10.5191594753688,6.81659711534717,1.80103606713931,-0.260635001146275,-3.81043592572435,-0.113194699909184,0.662687917507708,0.665888886865767,-0.654691286832893,1.8912456026115,1.17688660301164,-30,1019,198,-590,962,151,135,914,97,178.788888888889,1164.18888888889,211.166666666667,-127.177777777778,971.911111111111,174.911111111111,102.877777777778,993.822222222222,117.411111111111,0.628966689102201,0.628966689102201,0.628966689102201,0.628966689102201,0.628966689102201,0.628966689102201,0.628966689102201,0.628966689102201,0.628966689102201,5272,2450,3296,2017,889,1565,397,876,407,597.580224454019,475.634943016023,437.051991011667,677.027142857143,444.69,524.49,741938.188843979,229969.760647707,17016.7978176313,1030106.11285714,554189.481428571,452681.447142857,0.379213565163834,702186.238029837,0.0511911593768333,298762.607209771,0.733643963027219,114454.34418853,0.163607727718784,218115.049389696,0.520246670803022,30748.1053358142,0.584694372178233,89019.0991780472,0.29976010964367,6685.51658967722,0.342225620937121,18919.8691845664,0,3839.88219703574,1
1731515,-2474,-254,-2257,-1045,555,-333,-145,800,-87,2808,2156,1594,890,1453,1262,388,1609,427,202,1029,198,-200,953,186,121,961,106,258.24,1121.98,141.04,-157.1,978.27,171.06,117.26,1002.55,112.8,309.802694331268,969.809642850978,254.904345766902,0,951.359745703967,-576.105958723249,0,982.505892315951,64.3820543217663,783.949488168721,1200.95219721686,457.924622618177,372.644924827912,991.933621771134,286.344862010828,149.185455055109,1014.41040511225,136.575766518076,553423.133737373,185300.06020202,191719.877171717,115337.202020202,27192.0374747475,53264.5014141414,8592.31555555555,24163.6035353535,5988.9898989899,743.924145150145,430.464934927364,437.858284347478,339.613312489664,164.900083307279,230.791034085255,92.6947439478396,155.446465174843,77.3885643941655,7.74927787273071,3.90951532190947,15.3734417250715,3.83133623171374,3.64902862966725,7.59248983880994,4.15624667458489,5.23235944381154,6.02097656889982,0.795507693378423,0.137515193290364,-2.04347402066389,0.0990852451712918,0.552099310912073,1.07371027590025,-0.205399801221454,1.49298194266938,1.09684303086431,212,1029,188,-290,907,131,106,904,116,231.022222222222,1124.91111111111,175.422222222222,-158.188888888889,972.822222222222,159.988888888889,118.522222222222,988.811111111111,107.688888888889,0.628966689102201,0.628966689102201,0.628966689102201,0.628966689102201,0.628966689102201,0.628966689102201,0.628966689102201,0.628966689102201,0.628966689102201,5282,2410,3851,1935,898,1595,533,809,514,587.285407375727,461.517694649654,438.208507582217,651.968571428571,425.241428571429,528.261428571428,662329.984875387,132656.272752994,25642.9324616724,971381.974285715,516338.541428571,458544.732857143,1.02500690037629,609060.671316604,0.190867238609264,203999.451511512,0.760525496123193,153853.95725024,0.161259737221608,132493.577611833,0.673124609140694,31766.2917149361,0.763914302438619,61984.527345949,0.337008447247283,9840.49293062647,0.245997771715656,27820.130884343,0.530863242977089,5880.70698139743,1
1733078,-2151,-225,-2148,-1236,425,-292,-106,828,-106,2979,2352,1831,809,1444,1191,359,1523,330,176,1112,217,-109,972,141,116,1019,111,255.96,1166.68,149.97,-138.45,981.4,167.53,107.91,1016.19,105.4,543.289831112736,1054.56413854315,527.913336065579,0,944.879601434669,0,0,998.442159587454,84.154021717179,858.526691489554,1275.46876088754,466.890725973434,473.747812659858,997.974809301317,324.609257415743,144.0732105563,1025.90274880224,128.287567597176,678335.917575758,268361.957171717,197470.655656566,207342.007575757,33139.1515151515,78085.7263636364,9204.56757575757,20034.6807070707,5402.56565656565,823.611508889815,518.036636901018,444.376704673597,455.348226718582,182.041620282702,279.438233539429,95.9404376462687,141.543917944469,73.5021472922095,5.6489514579826,2.76506455682875,13.0606644265877,2.64040530842738,3.42646329040772,3.7967244833809,2.81030789804653,4.10195128873188,3.96508563357468,1.00258041285373,-0.301589943630612,-1.94882764329348,-0.187742645764225,0.108177258836161,0.864179696631028,-0.182605606934376,0.969172582031451,0.165565654515861,191,1000,207,-90,972,-90,174,1047,67,222.122222222222,1179.14444444444,190.611111111111,-135.155555555556,980.2,151.011111111111,108.577777777778,1005.86666666667,104.911111111111,0.684914381866673,0.684914381866673,0.684914381866673,0.684914381866673,0.684914381866673,0.684914381866673,0.684914381866673,0.684914381866673,0.684914381866673,5130,2577,3979,2045,1019,1483,465,695,436,625.226530491091,481.488550196674,443.161267760967,673.975714285714,433.062857142857,526.928571428571,869832.761431691,244320.131480581,21505.0285139347,1106518.11,568183.662857143,467010.531428571,0.482318544799153,767702.658914602,0.0781330357075788,316523.611020312,0.440881944735411,187639.65975131,0.17679681863536,243098.824846097,0.504537682402569,37818.8450040717,0.528438820429059,91356.3739487874,0.28649668217604,10653.5679990321,0.256869897040944,23293.2344505107,0.583896638565123,5359.85423701912,1
1734640,-1555,19,-2158,-1081,453,-515,-145,809,-116,1858,1990,1049,745,1425,838,398,1419,349,161,1039,217,-218,939.5,202,126,961,106,212.75,1095.32,179.78,-182.47,962,194.61,116.4,996.61,102.15,387.96664394164,647.050312699339,260.688580539198,-823.81389466159,938.58038788897,0,0,982.384046732422,0,560.53366535829,1144.42407349723,403.27256291496,358.331341079733,972.728944773414,274.65063262261,151.113202599905,1004.846689799,121.968233569237,271651.946969697,111091.472323232,131624.153131313,96066.7162626262,20967.2727272727,37939.311010101,9380.0404040404,16651.8968686869,4486.49242424243,521.202404992242,333.303873849723,362.80043154786,309.946311903572,144.800803614043,194.780160719979,96.8506086921523,129.042229013168,66.9812841340208,6.63441048566784,4.66186005433464,21.6731263083314,4.78891906575666,5.38741745321069,5.3202953159246,3.40642396562757,4.53368873165985,5.05933854596536,0.78760706091426,-0.14750948565698,-3.3362158737262,-0.0292615848867379,0.269314650850265,-0.0512089013622121,-0.0349220095833793,1.43646839783901,-0.143827024285976,151,1009,217,-245,935,171,184,971,126,192.944444444444,1101.27777777778,209.677777777778,-179.422222222222,960.311111111111,193.344444444444,116.488888888889,985.788888888889,102.922222222222,0.626275189074183,0.626275189074183,0.626275189074183,0.626275189074183,0.626275189074183,0.626275189074183,0.626275189074183,0.626275189074183,0.626275189074183,3413,1971,3207,1826,972,1353,543,610,465,540.881873626385,452.577164739418,434.831259613038,637.65,417.488571428571,520.782857142857,348368.913389588,107798.719226457,20633.9442950398,765657.09,492872.537142857,448897.851428572,0.46896956097181,285323.437253237,0.120896940858943,128406.161952059,0.569301555142045,129056.123008029,0.181992381540647,112833.443657227,1.13337128814059,22720.4118091942,0.629345593369036,43284.967276952,0.754271107979776,10711.2899673181,0.605767591779176,19518.4812544594,0.854331196564046,4677.56822197544,1
1736203,-1343,-58,-1118,-1400,527,-252,-67,857,-58,2808,2137,871,800,1416,1242,359,1390,359,156,1068,237,-200,944,191,101.5,980,116,219.83,1139.48,154.37,-156.43,975.47,184.86,94.78,1007.76,126.82,0,978.496734169521,236.562905776398,0,947.096699281802,0,0,995.730512941036,0,705.21641359231,1234.47590498964,357.366044833585,454.964053525111,989.825525029538,324.268900759848,128.539488096071,1014.50553473108,142.286823001991,453540.364747475,227794.02989899,104929.69,184365.601111111,28497.8273737374,71694.0408080808,7615.30464646465,13779.0529292929,4204.27030303031,673.45405540948,477.277728266247,323.928526067094,429.378156304104,168.81299527506,267.757429043679,87.2657128915168,117.384210732504,64.8403447170842,7.29367313807817,2.63173063513253,8.58807729425618,2.87326790379595,3.39004954142624,5.671022871519,3.14533826211074,4.48931957444477,3.75226337768685,1.6113684232845,-0.236227867743432,-2.21540247055217,-0.169133730938389,0.514015466300914,1.34873136239275,0.47173655063357,1.27520238874884,0.16296860436276,181,1009,237,-227,1074,-60,0,866,106,167.488888888889,1149.8,189.444444444444,-154.411111111111,969.4,162.533333333333,91.0444444444445,997.777777777778,126.588888888889,0.684914381866673,0.684914381866673,0.684914381866673,0.684914381866673,0.684914381866673,0.684914381866673,0.684914381866673,0.684914381866673,0.684914381866673,4151,2195,1989,2200,889,1494,426,533,417,577.033154328166,474.746687995402,439.455228853469,648.72,430.242857142857,526.868571428571,602089.613169022,218269.002149642,17275.134936924,920987.760000001,553670.22,456852.608571428,0.257390086926001,520760.1072748,0.0493892914522291,270556.307384706,0.456536519326121,112316.934904014,0.0917659758227983,216488.46433112,0.338468241983119,32752.0714761946,0.306710921504954,83947.1369263083,0.252509756108232,8758.06443945454,0.474176346403296,16041.5208047857,0.761091398514742,4483.76896280052,1
1737765,-2232,-19,-1930,-900,592,-404,-67,847,-77,2393,2156,1168,809,1490,989,330,1466,398,181,1039,207,-190,957.5,176,135,980,87,237.76,1112.08,163.69,-143.72,976.02,159.98,120.53,1001.44,105.77,373.594570085578,1941.70072840663,289.440419676755,0,952.237850976267,0,0,988.441677463174,0,697.483791926379,1177.9579024736,432.362683403644,353.020424338309,987.800131605579,271.447269280794,148.606157342151,1008.90103578101,133.138912418571,434296.79030303,152386.761212121,161760.680707071,105018.163232323,23367.736969697,48575.7773737374,7632.63545454546,15150.7337373737,6604.72434343434,659.011980394158,390.367469459382,402.194829289327,324.065060184407,152.865094019848,220.399131971379,87.3649555287786,123.088316819159,81.2694551688046,7.21397421045743,3.70506073240975,15.5249751982997,3.68728215338112,4.96312532981867,5.06036187419792,3.06100619765559,5.20575498140452,6.47982594156703,0.481907085717327,0.165846348088387,-2.62459280100457,0.0449677100881069,0.559125082256347,0.320634965490517,0.143184567311729,1.4653120256154,1.53775559322082,171,1019,207,-218,925,191,155,923,87,219.4,1114.98888888889,197.711111111111,-144.944444444444,971.777777777778,156.777777777778,119.344444444444,989.477777777778,98.2333333333333,0.618119489100038,0.618119489100038,0.618119489100038,0.618119489100038,0.618119489100038,0.618119489100038,0.618119489100038,0.618119489100038,0.618119489100038,4625,2175,3098,1709,898,1393,397,619,475,568.093905830298,457.052899428656,437.447315875828,648.655714285714,425.262857142857,526.174285714286,522566.654464886,121877.446021025,16534.4986402415,883288.264285714,503166.917142857,453296.168571429,0.903286781751042,463545.761247598,0.157043660099126,167883.2924364,0.673459832460963,139584.149726897,0.146359213671894,124379.895413753,1.38477012248265,27415.413659829,0.808753958795419,56201.7673740675,0.258892436869444,8403.41292753772,0.199274609554658,16720.9330102965,0.562936265244398,7538.38258132836,1
1739328,-1787,29,-1623,-863,675,-414,-29,838,-58,2929,1833,811,854,1444,777,300,1619,475,141,1063,198,-181,957.5,212,116,971,116,200.07,1090.03,223.26,-86.48,969.15,209.9,120.88,1009.49,122.15,0,661.170964783116,307.920561443776,-611.532534975055,955.265889423148,0,0,996.816370822513,96.7433239462628,663.942264056145,1162.23991929377,387.302569059385,420.602876832767,976.716146073157,316.254296413503,137.576742220479,1016.92655093669,141.796156506444,404839.722323233,164279.019292929,101169.951919192,171139.383434343,14871.4217171717,56524.0101010101,4358.97535353535,15221.7675757576,5237.90656565657,636.27016457102,405.313482742592,318.072243239161,413.689960519159,121.948438764798,237.747786742611,66.022536709334,123.376527653187,72.3733829916536,10.6565919413474,2.89540336064152,15.4282097921332,2.26740617997845,5.70240247586644,3.01908137648348,3.24899769629763,7.97081747248053,9.99560877388751,1.89125353171042,-0.534654162245132,-2.52412893279233,0.45049615411329,1.14910648160542,-0.0453501317006279,0.305784767020896,1.81049704680089,1.78913393797981,181,1049,168,-163,972,272,77,952,87,150.244444444444,1104,249.522222222222,-98.0111111111111,962.166666666667,210.777777777778,119.444444444444,999.477777777778,117.088888888889,0.578389293411278,0.578389293411278,0.578389293411278,0.578389293411278,0.578389293411278,0.578389293411278,0.578389293411278,0.578389293411278,0.578389293411278,4716,1804,2434,1717,769,1191,329,781,533,550.956883918454,469.753709967895,440.909201872719,648.582857142857,468.244285714286,536.794285714286,495010.780864413,184790.635364687,15644.6410032323,832124.674285714,527527.71,459931.337142857,0.654161972406008,449153.040590706,0.0518324164522586,196325.256124269,0.362466002442986,101262.208353458,0.226498929197021,197076.561477902,0.719268156537411,16329.5569252093,0.376769102401233,63329.6666823976,0.377192157537371,4728.60715494785,0.512317037018718,17224.9195101275,0.892463309121932,6077.06135840638,1
1740890,-1090,343,-1782,-1309,685,-434,-67,676,0,3464,2156,821,936,1240,686,368,1552,339,161,1049,148,-185.5,962,186,140,980,140,316.69,1096.17,132.75,-140.95,974.12,174.4,137.05,1005.63,135.22,184.418671277497,997.889431899034,0,-390.928555186066,965.30800567667,234.045895668602,0,992.45405288783,0,693.217043933572,1134.91675906209,405.800702315804,388.509420735199,978.48208976966,270.95328010563,156.284068285926,1013.11071951687,151.109496723403,384098.296868687,87320.586969697,148537.017676768,132396.633838384,8603.4602020202,43434.6666666666,5698.99747474748,15254.1748484849,4595.58747474747,619.756643263053,295.500570168142,385.405004737572,363.863482419415,92.7548392377465,208.409852614186,75.4917046750666,123.507792662993,67.7907624588149,9.81369027424823,4.7397764153308,10.5821401912968,4.63858812495006,4.14404148998807,3.78708313373088,3.78424184310972,7.44559088503408,4.0351516283021,2.14429436341736,0.2853872377302,-2.06152978377509,0.343633012602164,0.229215801729969,0.0630525622016405,0.201411574572227,1.59708322360801,0.779828622793502,161,1039,148,-181,944,141,165,952,145,266.455555555556,1094.71111111111,168.2,-148.844444444444,973.344444444444,172.344444444444,136.211111111111,995.611111111111,131.422222222222,0.587141331157068,0.587141331157068,0.587141331157068,0.587141331157068,0.587141331157068,0.587141331157068,0.587141331157068,0.587141331157068,0.587141331157068,4554,1813,2603,2245,555,1120,435,876,339,556.775827944808,461.201727471427,440.957264254795,662.404285714286,431.815714285714,547.671428571429,457634.719224001,140601.199469758,16362.9724332797,828540.055714285,506478.192857142,460136.622857143,0.323197415799071,413414.650932149,0.394625552494927,96155.6300782778,0.328782375216359,161401.935662608,0.979969406571381,150710.579878231,0.66464763142888,9861.7489306937,0.284864934732199,48555.4692421951,0.659616141065447,6386.24568050932,0.703800713524736,17661.2795653522,0.305289105811996,5116.5100389257,1
1742453,-1303,235,-1316,-818,694,-393,-29,876,0,2505,1794,653,636,1296,1060,271,1276,320,161,1049,193,-236,957.5,202,106,975.5,126,202.18,1101.97,173.9,-181.6,969.7,212.98,113.71,1000.35,124.85,0,972.768715876218,0,-278.221368517768,958.312212001641,0,0,992.924394801533,0,564.80146954483,1142.19768429112,298.269877795261,349.662980597031,975.317179178138,298.971704346749,129.720815600273,1004.36834378628,137.126912019487,280933.280404041,91189.5647474748,59316.8787878787,90187.5151515151,11035.8686868687,44468.2824242424,3936.89484848485,8137.01767676768,3248.75505050505,530.031395677691,301.976099629548,243.550567209109,300.312362635165,105.051742902575,210.875039832225,62.7446798420779,90.2054193314774,56.9978512797197,10.2606629674911,3.65410481913352,19.0484342498922,3.72826458547451,3.87358113755238,5.56580230737105,2.70754864898731,3.46315535493705,3.83242089394681,1.32755678202572,-0.372969596065944,-3.10574243181611,0.617919484258495,0.221087246618626,0.318917299945172,0.180627340022489,1.05543283263209,0.335383736327101,141,1029,198,-245,935,171,106,933,165,178.611111111111,1112.04444444444,194.888888888889,-190.877777777778,970.611111111111,212.288888888889,113.844444444444,994.188888888889,123.677777777778,0.584238811642856,0.584238811642856,0.584238811642856,0.584238811642856,0.584238811642856,0.584238811642856,0.584238811642856,0.584238811642856,0.584238811642856,3808,1559,1969,1454,602,1453,300,400,320,533.116503439633,457.932114562847,436.282701579524,633.45,429.034285714286,530.961428571429,336765.788337469,106153.905094138,8497.39753244027,733963.358571429,498382.234285715,447594.449999999,0.435411549942634,329337.766182131,0.0667298214819354,106798.437708451,0.352837774137381,65411.2423380383,0.30058901390894,104253.588077724,0.71859626695889,12823.7453015027,0.772564469698183,48588.0686109382,0.396896408552561,4542.66937028296,0.367486537140072,9390.94715971174,0,3724.45472516477,1
1744015,-2070,-58,-1653,-1272,564,-474,-145,857,-67,2848,2107,752,763,1324,1101,271,1485,427,161,1058,207,-181,953,151,111,971,135,225.89,1113.35,134.27,-137.04,959.84,153.23,86.39,1004.97,144.38,0,998.741181403333,323.345609734377,0,941.746297377481,0,0,993.775669865669,0,727.887402006656,1194.12145529674,397.541406648414,386.721010548949,968.497052138002,297.344766222646,118.576684048762,1011.51037068337,167.000419161151,483630.078686868,188260.431818182,141424.986969697,132094.11959596,16862.3377777778,65590.3809090909,6663.83626262626,13321.7465656566,7114.70262626263,695.435172166945,433.889884438646,376.065136604946,363.447547241634,129.855064505693,256.106190688728,81.6323236385334,115.419870757407,84.3486966482745,6.26974567195486,3.20779255196228,10.6677203055073,3.34950179107391,4.45046900406546,5.37373611411766,3.89325688472937,6.65676373300713,4.40912561594765,0.848579375026369,-0.262592051811807,-2.61920523853769,-0.156388033032793,0.225374488038159,1.02308267221626,-0.810725014483697,1.75818954448439,0.390182224946458,171,1029,188,-209,962,40,116,961,126,197.911111111111,1119.86666666667,181.622222222222,-136.822222222222,957.588888888889,138.844444444444,90.3777777777778,992.988888888889,143.144444444444,0.662763123158257,0.662763123158257,0.662763123158257,0.662763123158257,0.662763123158257,0.662763123158257,0.662763123158257,0.662763123158257,0.662763123158257,4918,2165,2405,2035,760,1575,416,628,494,575.977402960561,456.524298446495,439.567006927325,631.504285714286,418.298571428571,529.602857142857,635273.02672255,162398.537204905,16013.0861057,905907.981428572,503980.11,456472.628571429,0.344733339669578,532932.021203603,0.0799981918655598,221070.790878973,0.311532847878409,141789.36678433,0.272891053068307,152926.786467784,0.640938466491374,17472.8949937329,0.717110745082057,74146.1992171566,0.246280269689378,7165.20450975146,0.37089625471402,15407.5005218658,0.790404367356795,6898.76649330673,1
1745578,-2737,-49,-2009,-872,648,-474,-116,838,-58,3010,2205,1386,854,1407,1121,339,1400,368,161,1029,217,-195,953,181,126,952,116,227.76,1114.29,181.66,-158.93,973.92,170.33,117.1,996.84,115.97,0,1096.05908717292,223.261650489041,-230.666871498537,956.20446251408,680.711608713102,122.163560056216,985.358349134685,110.533546372535,716.193926251822,1175.88888505675,382.114040569043,350.071921181919,983.240825027114,289.160733848841,147.181996181598,1003.43940524578,136.601793546059,465716.285252525,142497.44030303,114152.307474747,98274.3485858585,18426.6197979798,55153.1526262627,8030.43434343435,13333.9943434343,5263.64555555556,682.434088577443,377.488331346851,337.864332942599,313.487397810276,135.744686076398,234.84708349533,89.612690749884,115.47291606015,72.5509859034015,11.7784094573144,4.48282240914862,23.682156904852,4.31751074337737,4.83836593057865,7.91715295346103,3.41707271340616,4.70935697126502,4.5252981146417,1.20147425834695,0.158594714757597,-3.31361998133451,0.412360711122927,0.855807124665642,0.877872554025596,-0.178359768174319,1.48758051064444,0.273932783937625,161,1019,227,-254,953,171,135,933,116,175.5,1118.65555555556,215.488888888889,-165.177777777778,967.777777777778,162.2,118.577777777778,987.111111111111,115.6,0.623570208212797,0.623570208212797,0.623570208212797,0.623570208212797,0.623570208212797,0.623570208212797,0.623570208212797,0.623570208212797,0.623570208212797,5747,2254,3395,1726,759,1595,455,562,426,558.479358005913,456.661022973842,435.663055010911,653.018571428571,422.28,527.104285714286,571093.829138146,123021.925539767,16788.1242554452,874996.95,502682.914285714,448805.67,0.47193404776828,483033.118352914,0.0986806548877695,159386.528674255,0.920987062882872,110307.297992299,0.264157698353038,114166.374247608,0.529379601776913,20265.2140002875,0.66628996039674,63529.2510614802,0.288837270553201,9122.93122147702,0.273996623991427,15255.8075667715,0.602540165404733,5432.49788501602,1
1747140,-1505,39,-1970,-1163,666,-181,-135,857,-48,1939,1901,722,727,1361,939,359,1504,300,151,1049,227,-200,981,212,106,980,135,187.51,1113.98,202.26,-147.17,987.04,219.2,97.04,1012.08,129.88,0,634.905592253632,386.621265733809,417.896905052344,968.863053003247,0,0,1000.82398157795,0,486.779364805042,1187.52363344904,365.909415019619,421.972499103911,996.099914667199,300.471695838393,132.664162455427,1018.56240849542,148.689811352359,203832.474646465,170970.646060606,93919.7903030304,157981.597070707,18148.564040404,42661.2121212121,8265.67515151515,13296.4177777778,5292.77333333333,451.478099852545,413.485968396276,306.46335882619,397.468988816369,134.71660640175,206.545908023403,90.9157585433634,115.310093997784,72.7514490119154,7.7427978806927,3.07249292664833,28.8562747893453,2.87660462182874,3.71324131754346,4.46110779353227,3.91258599384825,6.29570690740559,3.03911361124917,0.72497381122971,-0.369040018860132,-4.22721354954798,0.17689949383206,0.369305470436707,0.568504447023356,0.0519619551444643,1.6262291924385,-0.229654464306689,232,1019,227,-200,925,181,106,952,145,170.733333333333,1126.25555555556,233.555555555556,-152.011111111111,984,214.244444444444,96.7111111111111,1000.76666666667,130.944444444444,0.607052749799416,0.607052749799416,0.607052749799416,0.607052749799416,0.607052749799416,0.607052749799416,0.607052749799416,0.607052749799416,0.607052749799416,3444,1862,2692,1890,695,1120,494,647,348,540.863360400421,474.057255271277,441.892774755082,644.464285714286,453.887142857143,531,315354.67146111,166058.120277902,17227.2440016507,763309.812857143,540239.601428572,461647.637142857,0.330762119035931,219719.775565706,0.097503773160007,200400.79473105,0.363840956622857,95292.8489185948,0.0922740412522605,180790.014937432,0.511242689692926,20079.8738799045,0.273860720139399,46377.3477320908,0.454800419115188,9843.38960111214,0.712587867522465,15621.3780324676,0.469812574764435,6022.45233801078,1
1748703,-1848,-107,-1782,-1236,546,-373,-184,847,-174,2262,2215,871,763,1518,1212,427,1447,378,171,1049,212,-145,935,151,87,971,135,257.76,1151.25,113.7,-133.79,956.52,154.12,97.38,1011.99,130.84,405.361394667025,994.655276678291,0,0,926.787039140318,0,0,995.515581887122,0,699.537718782912,1250.01081195324,468.227145731642,418.974044542141,971.578097735843,331.237588446722,150.15558597668,1021.28180733821,156.323830556956,427184.648888889,239545.926767677,208392.898989899,159231.803939394,29326.7571717172,86833.7026262627,13195.7935353535,19083.605959596,7391.95393939394,653.59364201994,489.434292594702,456.500710831756,399.038599560737,171.250568383632,294.675588785808,114.872945184467,138.143425321642,85.9764731737348,5.50669233227205,2.79083436824894,10.1751447460766,3.00308399391437,5.16926105760569,4.99822345368223,4.34894512396586,3.67642673853373,4.21181178925818,0.944139104638083,0.137885143123837,-2.63541042771043,-0.358606657912867,0.757737165821527,1.04802966811677,0.524667049187136,1.14733706558208,-0.0855864226594975,171,1000,207,-300,824,121,87,971,155,232.633333333333,1149.24444444444,177.155555555556,-125.322222222222,950.511111111111,133.4,93.8444444444444,1001.1,130.711111111111,0.670257093811906,0.670257093811906,0.670257093811906,0.670257093811906,0.670257093811906,0.670257093811906,0.670257093811906,0.670257093811906,0.670257093811906,4110,2322,2653,1999,972,1585,611,600,552,588.760593808619,464.090278200278,443.101262930257,652.59,418.65,531.518571428571,615267.047090667,188493.924818878,24067.1162596724,973335.732857142,526809.252857143,467143.015714286,0.357639891016682,479125.732514493,0.209116091840716,275862.910512974,0.262444107072475,224135.062157225,0.136511544976458,186882.312813425,0.973513420438573,32247.0402093923,0.384645986661935,100197.805210616,0.407369391509405,15530.2828783789,0.426983337231289,22256.1409636162,0.657036494659214,7666.1440193704,1
1750265,-1383,-137,-1455,-1363,703,-393,-213,790,-29,1969,2078,772,890,1398,1111,320,1438,310,151,1049,227,-218,953,191,97,961,116,158.3,1118.25,214.81,-193.8,963.22,195.41,91.79,992.46,117.59,161.080074191481,1132.9782725457,601.650989458574,0,948.204074741877,630.246312360436,0,980.537311229226,0,511.516588196316,1187.97629185098,333.555167850837,417.628519141114,970.935363451141,296.88144098276,125.924620309136,999.093849445586,137.032733315803,238980.131313131,162428.896464646,65773.4483838383,138237.515151515,15073.4460606061,50458.1029292929,7506.67262626262,13345.1195959596,5000.56757575758,488.855941268112,403.024684684011,256.46334705731,371.803059631729,122.773963284591,224.62881144077,86.6410562393062,115.521078578585,70.7146913714369,8.03945508755759,4.61140809507607,21.6090725580994,4.03811523478094,4.19376364449561,5.68769462657865,4.61584542434535,4.8183128551649,2.93360688993896,0.764987538191936,-0.171405749776578,-3.36232206142448,0.0220605466813698,0.58322335907563,0.407498543555038,-0.563056101188074,1.24174009792639,-0.0480778637373911,171,1009,217,-190,916,181,97,971,165,144.8,1128.6,240.533333333333,-196.033333333333,959.077777777778,192.655555555556,94.3111111111111,984.044444444444,117.5,0.628966689102201,0.628966689102201,0.628966689102201,0.628966689102201,0.628966689102201,0.628966689102201,0.628966689102201,0.628966689102201,0.628966689102201,3352,2215,2227,2253,695,1504,533,648,339,541.927008987623,462.760674816966,432.658525981004,639.154285714286,413.498571428571,515.074285714286,333377.767173923,155013.960447315,16092.1026709727,764655.402857143,516543.278571428,442638.642857143,0.320458013728464,268593.310902516,0.0622222329199088,192420.670543747,0.734496939621074,63611.5389835295,0.0953415072947017,159231.495764535,0.310618979450864,17269.8872970008,0.368465571692252,58125.270537134,0.431943772531002,8823.12415022299,0.401076549472821,15328.7879564703,0.452560380681482,5467.14711780328,1
1751828,-1181,-58,-534,-1090,703,-242,-97,800,-19,3676,2284,1198,736,1314,858,388,1276,310,161,1049,118,-122.5,962,156,174,980,116,238.37,1059.64,125.14,-92.94,972.32,138.03,185.56,993.1,122.5,0,1087.74203049288,138.639267680424,-615.779365148171,962.069750922756,0,0,984.797516931815,0,663.963229403557,1112.55769288608,264.653887180975,337.357110492724,977.621194532934,228.315023596784,210.532230311656,997.445848154174,137.44824480509,387905.972828283,116108.778181818,54930.9701010101,106234.319595959,10441.4319191919,33409.5647474747,9991.21858585859,8737.9898989899,3925.0202020202,622.820979759258,340.747381768104,234.373569544456,325.936066730823,102.183325054492,182.782834936639,99.9560832859041,93.4772159351673,62.6499816601745,16.7312141440609,6.46695305351285,7.44755778305175,4.21084888955898,4.16233478755451,4.86652690598281,3.12181422946867,3.37933299125789,3.04705981138906,3.1332541775909,0.145317006032359,0.459616449395592,-0.395694601019428,0.638727163175946,0.402498457377377,-0.129713385365707,0.697217177473343,0.193363356069008,161,1058,59,-163,953,151,174,961,87,170.588888888889,1060.31111111111,124.088888888889,-83.0666666666667,968.388888888889,134.511111111111,186.655555555556,989.511111111111,122.311111111111,0.607052749799416,0.607052749799416,0.607052749799416,0.607052749799416,0.607052749799416,0.607052749799416,0.607052749799416,0.607052749799416,0.607052749799416,4857,2342,1732,1826,611,1100,485,476,329,522.16711947227,448.879117084702,439.376144330057,609.921428571429,436.032857142857,557.64,417982.354995517,123517.80207473,12393.0719656451,749431.487142857,480720.33,453477.454285714,0.357040287874561,447869.892273678,0.0827938446830075,137342.156308939,0.417785242032712,54984.5682183009,0.654188554140984,124116.357471985,0.477401167137864,11052.3535574087,0.413774895184426,38780.1386723723,0.404611007825226,8873.19190586682,0.94631832567745,9581.59289982501,0,3545.03204067071,1
1753390,-1181,401,-1376,-881,648,-505,-38,819,-67,2404,1666,772,481,1138,656,378,1476,349,217,1068,39,-72,981,70,174,990,87,304.48,1031.06,41.09,-75.68,982.7,117.16,169.33,1003.07,90.04,309.473642670592,950.952616472361,0,-706.970069718016,975.643821168899,0,0,994.898919474124,0,651.218012650142,1060.66658286193,341.481112215595,277.467475571462,985.949369896852,294.796573928531,191.578417364796,1007.57455803529,112.085146205909,334724.07030303,62554.4206060606,116081.77969697,71980.543030303,6461.48484848485,73917.7317171717,8110.74858585858,9148.55060606061,4500.88727272727,578.553429082423,250.108817529612,340.707762895079,268.291898927834,80.3833617640171,271.878156013262,90.0596945689834,95.6480559450144,67.0886523394774,6.47274773719229,3.30287657247185,5.37042191438151,2.44996755093826,4.76179898295128,2.14055278964086,2.9026278961368,7.89025492850341,5.21136915735269,1.32966372847089,-0.527437213616002,-0.564659334916372,-0.111735595670893,-0.610564003512739,0.236259703146885,-0.100297656031224,1.47304850824102,0.670055232873603,212,1068,-29,-336,935,-272,165,1019,135,272.966666666667,1036.2,48.9777777777778,-73.9777777777778,985.055555555556,114.022222222222,169.166666666667,997.966666666667,87.8555555555556,0.689703907672028,0.689703907672028,0.689703907672028,0.689703907672028,0.689703907672028,0.689703907672028,0.689703907672028,0.689703907672028,0.689703907672028,3585,1265,2148,1362,490,1161,416,657,416,527.923356206803,454.699987304065,440.447523103909,589.984285714286,438.934285714286,541.045714285714,378172.301043423,106891.600734448,11000.9241053758,713874.792857143,486852.591428571,456202.225714286,0.227957974357319,379151.984623461,0.143353146709237,72219.7625933278,0.223954194332653,134443.860975255,0.237695110653596,84856.2908461554,0.587177816610902,7208.63978288072,0.110043900394928,85640.7918554301,0.236439026108588,7998.79065971767,0.660572311274937,10534.8038112555,0.392511058506701,4495.30050871143,1
1754953,-1404,58,-1485,-972,675,-353,-106,838,-9,2161,2215,1079,727,1342,1111,223,1466,320,191,1024,188,-172,953,166,116,971,121,230.91,1080.08,153.35,-146.96,975.23,169.22,110.08,996.83,120.87,134.271101023687,844.871801051851,0,0,964.159446921663,0,117.318815876976,988.472537169869,0,512.325160420606,1125.88665504126,324.205906793815,313.061591384188,980.930022988388,254.597329129746,121.980490243317,1001.7126384348,135.80754765476,211270.345353535,102068.64,82417.4217171716,77182.1397979798,11262.7849494949,36549.8905050505,2789.52888888889,9856.72838383838,3872.86171717172,459.641540065229,319.481830469277,287.084345998126,277.816737793064,106.126268894628,191.180256577531,52.8159908445244,99.2810575278003,62.2323205189371,11.4567108719507,5.55182311731954,15.8047359003937,4.89048553051843,5.17757748302319,9.05695964927415,5.69766905086157,8.94509395059161,3.45870804556918,1.74064081986312,0.155532845063299,-2.72250013839636,0.23144486924612,0.709713758613047,1.26290127162519,-0.972914550620905,2.04319927403236,0.407550439504834,191,1019,198,-163,953,171,126,961,87,193.955555555556,1081.53333333333,184.444444444444,-149.444444444444,971.511111111111,160.755555555556,112.488888888889,987.1,119.666666666667,0.560477556418096,0.560477556418096,0.560477556418096,0.560477556418096,0.560477556418096,0.560477556418096,0.560477556418096,0.560477556418096,0.560477556418096,3565,2157,2564,1699,667,1464,329,628,329,518.978606038149,449.198962443442,434.337165406114,627.574285714286,427.495714285714,526.191428571429,286455.674116404,96486.3087820838,10255.7733719205,700803.128571429,482164.744285715,444321.917142857,0.40128981459828,238666.463144353,0.10540860393399,115559.859447634,0.220264311960632,83295.5691644624,0.299834633404072,89397.1194744095,0.761195950106087,13005.373815948,0.577640934800859,42620.6590460623,0,3181.56892701882,0.412446730153965,11268.0754007767,0,4086.40821617378,1
1756515,-969,-29,-1534,-909,759,-282,-58,857,-106,1787,1892,801,736,1407,626,242,1342,427,186,1049,207,-145,967,176,106,1009.5,111,178.87,1087.37,181.95,-129.58,987.08,176.99,98.57,1016.53,112.85,0,733.367405920551,241.523331853932,0,973.558894669115,395.112098807891,0,1006.73231276298,0,486.458374375444,1175.07451253101,349.029010255595,387.305770677381,994.265236242322,266.983651184862,115.524845812492,1021.63577169165,131.856778361979,206714.417272727,200430.902121212,89611.563131313,134560.387474747,14380.235959596,40358.3938383838,3666.61121212121,10511.5243434343,4698.06818181818,454.658572197564,447.695099505469,299.351905174016,366.824736726884,119.917621555783,200.893986566009,60.5525491793798,102.525725276315,68.5424553238223,6.81344529526518,2.74946752263889,16.9700207496062,3.06564602048127,4.37581504805053,2.78793380840139,2.85578785130324,2.85931564457361,7.45336048444761,1.17054145527733,-0.345183204825111,-3.30127033880603,0.0447948187899371,0.848697320590867,0.256821102766739,-0.02784875653391,0.585566074712749,0.342580253801859,222,1009,207,-209,925,181,116,914,87,153.5,1100.38888888889,222.844444444444,-131.966666666667,980.644444444444,174.311111111111,98.5222222222222,1011.74444444444,113.1,0.601435386429077,0.601435386429077,0.601435386429077,0.601435386429077,0.601435386429077,0.601435386429077,0.601435386429077,0.601435386429077,0.601435386429077,2756,1921,2335,1645,648,908,300,485,533,530.378775266316,464.582156960812,442.072696309457,620.652857142857,443.352857142857,526.264285714286,350311.300665999,158715.440189043,11001.1835862026,745398.475714285,518506.881428572,460487.935714286,0.268147195828724,227039.78648047,0.0507990658649211,232358.846377042,0.190426384125883,88820.8506594589,0.0688194405277556,157510.351313384,0.374593408594474,16016.4501826775,0.213163894808636,46792.245703974,0.208639909158864,4116.79723182969,0.210094520084932,12195.4619029232,0.271900468681795,4971.40652835909,1
1758078,-1757,98,-1891,-1063,712,-353,-67,847,-48,2222,2049,910,609,1250,747,291,1400,330,181,1063,217,-158.5,939.5,181,87,985,106,302.17,1165.49,122.81,-156.11,966.33,154.91,85.92,1007.88,115.41,0,886.028189655948,322.259366929075,0,953.300921658621,0,0,996.686446009932,93.0875880155174,707.182345650682,1232.75788782713,444.161986216741,356.320740344987,973.13109599889,274.608211821861,119.638706111358,1014.07443513778,136.254357728478,412929.455656566,162954.616060606,184037.953434343,103630.442323232,13323.6980808081,51931.8807070707,7001.18545454545,12651.3793939394,5298.7695959596,642.595872735396,403.676375405604,428.996449209482,321.916825163321,115.428324430393,227.885674642068,83.673086799433,112.478350778892,72.792647952658,5.27802940661928,3.15476546785952,12.4173694183899,3.17997862178834,2.90383391137902,3.20208736460862,2.47725091323895,4.94367764554189,3.44275398340918,0.913076404845682,-0.0164916592273406,-2.73763416068202,-0.32412976419892,0.586643816929778,0.30982964814007,0.238589519464319,1.22940158830448,0.386214557144072,202,1000,227,127,925,10,9,961,48,278.055555555556,1172.5,171.555555555556,-151.744444444444,962.022222222222,149.011111111111,84.0111111111111,998.866666666667,113.777777777778,0.66024022990879,0.66024022990879,0.66024022990879,0.66024022990879,0.66024022990879,0.66024022990879,0.66024022990879,0.66024022990879,0.66024022990879,3979,1951,2801,1672,538,1100,358,553,378,590.772971317472,453.476372231278,438.805624761475,681.63,413.627142857143,518.232857142857,565645.509735693,116415.515160429,13676.7908722533,950176.607142858,492582.115714286,454810.984285714,0.317003017231527,451452.419258261,0.158579193159227,179194.799800948,0.28599104577216,180050.407947142,0.128685929996976,121273.945950485,0.845664192211155,14985.2421184472,0.318361493664912,58629.9218975488,0.301869462093877,7959.29845924917,0.269294566561254,14569.9021109764,0.319777763366081,5360.63120838518,1
1759640,-1444,98,-1782,-1018,731,-171,-126,895,-19,1818,2137,613,627,1342,797,271,1400,291,191,1019,212,-154,953,181,97,971,116,203.64,1084.65,150.49,-141.61,967.74,175.81,93.33,994.68,114.98,405.692923384103,887.845812012222,334.101105709845,0,959.184467016279,0,0,987.920207212972,0,435.944904775821,1136.25162266111,356.159332321926,327.950560298347,972.247489068498,249.145559864108,110.265271051224,998.613558890525,130.494444326186,150079.505454545,115759.724747475,105254.777676768,88381.997878788,8832.8004040404,31479.1453535353,3482.76878787879,7919.93696969697,3846.86828282828,387.400962123928,340.234808253763,324.429927221222,297.291099562008,93.9829793315811,177.423632455024,59.014987824101,88.9940277192631,62.0231269997594,10.6552953441873,4.62292841078672,17.5398449875344,3.71751238839182,5.77264617780915,4.73661547242503,4.82620652292192,8.748342880769,2.97845584653688,0.796319698491684,0.23911809677755,-3.48945081215601,-0.199669438032469,0.93640727436396,0.674055289325386,-0.608487793708153,2.11435186110272,0.351153877471911,202,1000,198,-145,953,181,126,971,97,185.522222222222,1081.8,198.355555555556,-138.766666666667,963.088888888889,168.288888888889,95.4,984.822222222222,113.333333333333,0.581321498763703,0.581321498763703,0.581321498763703,0.581321498763703,0.581321498763703,0.581321498763703,0.581321498763703,0.581321498763703,0.581321498763703,3262,2039,2395,1645,611,968,397,505,310,514.786727068434,448.470819075274,432.519218939225,616.62,429.402857142857,515.567142857143,258679.595186072,100218.546007115,7958.25938953528,689127.934285714,477810.111428571,439892.687142857,0.302631215802109,169857.804404596,0.0882243170070413,133371.693061259,0.209092147304887,112148.913308595,0.0997521259053274,102732.608507121,0.707478344298329,9609.6144382176,0.279099467707026,36192.7751863517,0,4030.66835663317,0.432311168693847,9150.51327511437,0.150337075475642,4288.5882197076,1
1761203,-1050,-9,-1514,-945,740,-343,-126,809,-87,2666,2470,514,563,1157,474,233,1457,330,222,1019,178,-136,981,131,135,1000,97,252.68,1025.67,84.02,-99.92,980.18,108.38,117.89,1013.46,99.94,250.988287251371,44854.5579097932,143.372760804373,0,975.209447985354,0,116.107639459737,1007.44580248666,89.0653388443182,500.660383893114,1079.08254086516,369.085654015433,261.153671235922,982.55097577683,184.235447186474,134.608432128155,1016.86689394434,115.959303205909,188700.644040404,113555.738484848,130469.555151515,58805.2864646465,4700.59353535354,22420.6824242424,4264.01808080808,6986.97818181819,3493.49131313131,434.396873884244,336.980323587073,361.205696454963,242.49801332103,68.5608746688192,149.735374658904,65.2994493147383,83.5881461800547,59.1057637894251,13.3913431415372,6.88067099679963,13.6656140957143,4.33939503799691,4.41807863014622,3.37675954924829,5.04473869664275,11.3028807352168,6.28307105588063,1.57598134122559,0.264591751573282,-3.21251596904944,-0.238593729447829,-0.405020368995866,-0.231663820803698,-1.23055737091826,2.07592609334037,0.625439801539458,212,1019,178,-172,962,20,135,1000,67,239.122222222222,1027.26666666667,139.677777777778,-96.8777777777778,981.544444444444,110,122.033333333333,1006.75555555556,98.2333333333333,0.578389293411278,0.578389293411278,0.578389293411278,0.578389293411278,0.578389293411278,0.578389293411278,0.578389293411278,0.578389293411278,0.578389293411278,3716,2479,2028,1508,417,817,359,648,417,501.340273013068,440.519431079151,441.029494863209,583.872857142857,423.702857142857,527.695714285714,328997.834680567,72834.2044686325,8607.67188701654,664844.644285714,457521.582857142,456678.972857143,0.226447848030016,191243.787247923,0.0816758087181855,126355.608627184,0.203741743556935,150887.565598097,0.246042773844215,67011.9122243506,0.291451868801266,5297.82728639137,0.434566256431548,24836.3531142025,0.467784153728034,4599.91179903324,1.44014395548089,7983.79954483073,0,3737.52254803241,1
1762765,-1373,441,-1207,-500,842,-393,9,904,29,1393,1950,376,400,1185,313,203,1114,203,151,1029,143,-190,962,111,97,1009,97,179.37,1019.33,90.75,-175.8,969.27,106.87,106.29,1008.37,98.59,172.071013232602,986.038008665953,301.048496270836,0,966.870222459709,111.35352058193,75.3568775669095,1007.02303333235,82.3483383325513,322.814977967256,1032.09301421916,217.84781385178,227.663391874935,970.532755758403,140.066091542529,114.671225684563,1009.04354217249,105.262956447176,72763.5485858586,26446.8091919192,39618.2904040404,21136.3434343434,2474.23949494949,8280.11424242424,1870.63222222222,1372.53848484848,1374.04232323232,269.747193842417,162.624749629075,199.043438485272,145.383435900874,49.7417279047431,90.9951330699848,43.2508060297403,37.047786504034,37.0680768752888,20.0266840165349,16.1958919943071,21.2222627217095,6.77998856497896,8.26767820846773,11.2816024228535,3.22112481068616,3.9446899848685,2.36265428818761,0.0156605494117504,0.479486649860134,-3.66364175618772,1.22782115980736,1.31219582816752,-1.55219520791642,0.388691398391082,0.120062193547684,0.109402398506687,151,1019,118,-200,962,121,87,1000,97,170.133333333333,1027.18888888889,115.033333333333,-184.333333333333,967.133333333333,110.677777777778,106.077777777778,1008.41111111111,98.0555555555556,0.563501293080891,0.563501293080891,0.563501293080891,0.563501293080891,0.563501293080891,0.563501293080891,0.563501293080891,0.563501293080891,0.563501293080891,2766,1509,1583,900,343,706,194,210,174,463.535782819509,430.849148225518,437.29600780086,552.621428571429,385.86,519.964285714286,95825.1917250286,24182.4441210185,2331.66905199871,521521.358571429,434306.982857143,446742.278571428,1.91045908132382,58852.3507276421,0.413837619602913,23006.6522159351,0.554063329871539,41892.411903963,0.137685436552417,22903.3641951251,0,2761.62516794468,0.534456910648965,8662.48443297723,0,1968.46674476538,0,1547.3749644452,0,1232.38422735596,1
1764328,151,921,49,-745,814,-292,67,876,-9,555,1078,386,345,1083,545,252,1104,145,202,1009,168,-163,962,151,135,1000,77,204.55,1011.51,167.38,-164.46,966.43,151.35,140.16,1000.04,78.7,199.146958496914,1011.06176161389,157.809643337167,-144.22418386476,965.013065788299,159.192786920218,130.138207422479,998.200467896944,0,209.130509491083,1011.73306262077,171.736484184346,197.20451313294,967.122851555065,175.544097024081,145.144479743461,1000.9581309925,83.5910282267182,1914.00757575758,455.868585858586,1492.27838383838,11962.1498989899,1353.19707070707,7988.7954545455,1436.45898989899,1855.73575757575,801.787878787879,43.7493722898693,21.351079266833,38.6300192057729,109.371613771535,36.7858270357902,89.3800618401302,37.9006462992254,43.0782515612664,28.3158591391446,42.3660670730428,7.05968904047638,14.5906178100097,17.4511548624253,7.15578610885783,14.0526921898044,3.85740076268931,3.13399349435907,3.37127414349397,5.25303952257513,-0.0885521024915096,1.77767702200178,-1.35624613545545,-0.333117606414141,-0.129145269740997,0.696963921877235,0.0627685936175053,-0.182836266137094,191,1009,168,-190,953,161,145,1009,87,200.744444444444,1011.21111111111,166.555555555556,-159.533333333333,966.466666666667,149.333333333333,138.755555555556,999.777777777778,78.8666666666667,0.513177882605618,0.513177882605618,0.513177882605618,0.513177882605618,0.513177882605618,0.513177882605618,0.513177882605618,0.513177882605618,0.513177882605618,404,157,337,1090,269,837,185,228,154,448.751144159628,429.13707239148,434.557369968716,592.902857142857,408.565714285714,522.385714285714,2391.91598494344,15516.4806205331,1884.27966084776,470071.191428571,430727.982857144,441416.382857143,0,1531.80243429001,0,382.018533863203,0,1233.20656249875,2.3568430279005,13960.4043988433,0,1499.27701547941,0.713840470141661,9130.22621837973,0,1560.56789003444,0,2143.90245425204,0,762.434806566267,1
1765890,-696,843,-891,-672,731,-151,-97,857,-48,1444,1401,643,181,1222,343,242,1247,194,181,1019,168,-200,962,181,135,1000,82,160.94,1025.84,153.87,-206.22,955.85,169.19,110.87,1010.93,82.63,236.354226728544,1019.30190058105,160.582683060595,-176.799209985185,949.478643780516,164.603058921764,0,1005.28851164764,80.1964283149041,328.541899915369,1029.21777093091,240.277277327674,252.366955047605,958.921618277532,183.103604552177,138.972623203277,1013.93343469875,95.6639430506604,82866.7640404041,7011.6307070707,34401.2051515152,21376.1531313131,5940.85606060606,4951.18575757576,7092.15464646465,6142.97484848485,2347.34656565656,287.865878562229,83.7354805746686,185.47561875221,146.20585874483,77.0769489575584,70.36466270491,84.2149312560703,78.3771321782371,48.449422758755,8.61108523227135,7.04230916803558,19.6786392430157,4.55133565361979,4.47067602919919,9.20342490273064,2.63560468259834,4.03925846793877,2.7366459238235,0.713117313391265,0.825804347672008,-3.18812049654243,-0.0637200437357618,-0.16194785000432,-1.56741673199615,-0.644514539256761,1.00974984667425,-0.348668520208565,161,1009,178,-181,962,181,135,942,67,151.655555555556,1022.45555555556,169.211111111111,-206.4,956.444444444444,172.666666666667,114.666666666667,1006.04444444444,83.9333333333333,0.60425113944325,0.60425113944325,0.60425113944325,0.60425113944325,0.60425113944325,0.60425113944325,0.60425113944325,0.60425113944325,0.60425113944325,2140,558,1534,853,491,494,339,390,242,469.702816423543,431.047753046941,439.23895731628,574.564285714286,393.78,516.184285714286,93801.134922481,21999.7248530943,8764.05694776753,524983.787142857,435748.577142857,452796.852857143,0.671248558796481,93612.3739710775,0.540082936630064,7484.29808658498,1.34806680649663,34807.0784898347,0.699239306212593,23055.0782097434,0.26095151909639,6518.50640678256,0.414727796012158,5060.40821121854,0.10538980852731,7407.67859389827,0.551206457287324,7052.14104784944,0,2533.29486524785,2
1767453,-828,78,-841,-1254,564,-585,-155,790,-48,2767,2098,465,845,1268,1060,436,1361,320,171,1039,202.5,-149.5,962,186,97,990,77,153.09,1070.2,165.83,-145.53,971.05,202.54,105.45,1010.24,82.85,0,805.080273619864,171.993362502865,0,955.482367056151,268.833408666154,0,998.351943480936,0,539.529155838681,1137.93550783865,255.799550429628,440.171500667638,978.665095934253,295.819640997686,144.188036951753,1016.49586324785,105.105137838262,270358.749393939,151079.97979798,38316.991010101,174315.12030303,14997.2398989899,46956.3721212121,9768.16919191919,12807.0529292929,4225.2196969697,519.960334442868,388.6900819393,195.747263097345,417.510622982255,122.463218555572,216.694190326396,98.8340487479856,113.16825053562,65.0016899547212,13.3150703289682,4.06041511814942,13.4127737462868,3.39167614947018,3.62634219735562,7.10003800114536,3.76329370967943,3.38071051636632,4.29476039524714,2.41153418102522,0.139818113462665,-2.91808196214552,-0.273546866503915,0.259492271640153,0.559468705069576,0.182029900752831,0.69906294688255,0.777934171436916,212,1019,178,-200,870,-10,87,942,48,105.677777777778,1064.32222222222,192.388888888889,-136.244444444444,969.033333333333,195.422222222222,104.644444444444,1005.61111111111,80.1888888888889,0.587141331157068,0.587141331157068,0.587141331157068,0.587141331157068,0.587141331157068,0.587141331157068,0.587141331157068,0.587141331157068,0.587141331157068,3595,2020,1306,2099,704,1645,591,571,368,515.877943225287,468.059748074518,439.659655254135,595.337142857143,440.597142857143,513.66,332284.75653333,199657.293346952,14829.9057145729,707752.431428572,531019.534285714,456471.908571429,0.302811463196463,302125.93605978,0.0668135283788075,180130.500583105,0.205813042302672,39306.6862795186,0.333581637683753,207186.742026664,0.373288251210912,17625.4610906067,0.993495443921126,51715.6817383698,0.183788076868145,11466.4203550716,0.388987038604346,15172.4209846011,0.472754033200419,4524.39390026208,1
1769015,-1707,539,-732,-909,111,-313,-223,676,-126,3222,2107,2217,254,1259,969,456,1552,563,343,950,301.5,-322.5,666,681,165,961,58,409.55,983.78,285.17,-315.01,639.74,581.65,148.25,974.54,112.82,343.457666479275,954.77095464371,2332.86514418696,-279.211512791776,484.11771801471,626.754936397034,0,955.430186151529,0,687.78392682586,1001.64633479088,448.265825152889,354.131289213478,690.225991976541,656.636086428396,227.243723785719,985.168127783273,196.392005947289,308399.522727272,35830.5975757576,120828.607171717,26442.0908080808,67822.8812121212,93792.1489898989,29961.2601010101,21038.4125252525,26102.4925252525,555.337305362491,189.28971862137,347.604095447273,162.610242014705,260.428265002325,306.255039125724,173.093212174857,145.046242713324,161.562658201865,15.1352966679204,14.9209432419811,19.956888248964,4.45536715530722,2.63994406433577,3.64207357388293,2.03019989527564,5.79759697157665,2.27372753911679,1.98899006623138,2.46303714365425,2.95163541533658,0.0182344892747369,-0.053284688914239,-1.16908625750394,-0.264470571933267,1.23531567496825,0.643984328070873,444,950,188,-190,796,505,0,933,-38,352.711111111111,970.6,266.033333333333,-315.411111111111,637.088888888889,605.655555555556,151.888888888889,963.744444444444,105.177777777778,0.730728417399595,0.730728417399595,0.730728417399595,0.730728417399595,0.730728417399595,0.730728417399595,0.730728417399595,0.730728417399595,0.730728417399595,4929,1568,2949,1163,1148,1282,679,876,689,511.620563741288,433.899922147232,436.932171967898,719.357142857143,388.448571428571,529.547142857143,401408.832742085,148805.033756035,51982.1631291314,718836.154285714,442710.788571428,454613.901428572,0.789024093655636,354517.041062581,1.46075598712646,33794.9356181297,1.15215655384435,127001.079911999,1.07653672232618,24961.7916207536,0.105135680641629,52650.2205688552,0.139415493903904,78630.8913845872,0.113717484210001,21932.0263187551,0.243287344057357,20881.1598591872,0.133582962873074,19742.9719158951,1
1770578,232,921,287,-554,259,646,-87,923,291,343,970,366,-481,416,848,48,990,417,282,941,346,-500,282,808,9,961,349,284.63,944.94,342.52,-504.62,288.77,802.92,-1.45,960.54,350.05,283.581614595604,944.850396355504,341.686160822374,-504.199654591122,286.985465362121,801.324272402243,0,960.377333195053,348.634108258014,285.176524279261,944.984835857169,342.917570270174,504.836785505969,289.879198977781,803.619673726322,31.3437394067779,960.62076804533,350.777807165733,314.558686868687,85.5923232323232,275.262222222222,221.046060606061,648.320303030303,1135.40767676768,990.229797979798,156.735757575758,515.219696969698,17.7358024027301,9.2516119261631,16.5910283654215,14.8676178524356,25.4621346911508,33.6958109676511,31.4679169628337,12.5194152249919,22.698451422282,5.39293360954369,2.76889401066245,4.03939814924847,4.2857621905358,14.9866083567601,12.2206519624394,2.83059085491766,3.40959717054578,4.16070002259708,0.926341809290617,0.0975524921711761,-0.829252588314029,-1.13799099081497,3.12333202483682,-2.78565060710815,-0.89261709852988,-0.504527028685935,0.630962140542548,282,941,346,-500,277,808,19,971,339,283.644444444444,944.877777777778,343.555555555556,-503.588888888889,285.211111111111,807.677777777778,0.444444444444444,961,349.2,0.628966689102201,0.628966689102201,0.628966689102201,0.628966689102201,0.628966689102201,0.628966689102201,0.628966689102201,0.628966689102201,0.628966689102201,111,49,79,73,157,202,135,67,126,447.818762146317,425.234392823484,438.453146404887,673.752857142857,251.601428571429,561.06,352.261648030971,1827.67502990418,1311.18418698479,467963.335714285,422012.018571428,448637.040000001,0,334.61181920054,0,67.6528609319214,0,230.395830882382,0,213.534883238559,0,702.175635067995,0,1219.43299766215,0,774.486723103941,0,133.691779126953,0,451.352131806359,1
1772140,272,911,326,-518,268,787,0,942,300,313,970,386,-481,296,848,48,980,359,292,941,356,-500,277,808,29,961,330,288.36,939.46,355.2,-498.05,279.62,811.97,28.79,963.62,332.46,288.062626623892,939.36666595341,354.852840987002,-497.925998610516,279.44093110276,811.778865086157,0,963.563982221966,332.03401474201,288.50996516585,939.506551334263,355.373606223085,498.111925173449,279.709599406241,812.065976383693,30.2712735113672,963.647975144451,332.671669969055,87.3842424242425,88.3519191919191,124.60606060606,62.310606060606,50.6218181818182,157.443535353535,88.3695959595959,54.460202020202,142.210505050505,9.34795391645907,9.39957015995514,11.1627084798476,7.89370673768705,7.11490113647535,12.5476505909885,9.40051040952543,7.3797155785438,11.9252046125215,2.79758959534001,3.79888005454525,2.8542395292384,2.85826219146782,2.35929381811598,3.07149662415297,3.1385971027509,2.73738138180328,2.82959551038909,0.32869554974339,-0.219283660304839,0.0704867802044791,0.0441344743548088,0.0691319709126317,0.312282711199207,-0.403627973621061,-0.1430743843859,-0.099637150613406,282,941,356,-500,277,818,29,961,330,288.233333333333,939.677777777778,355.111111111111,-498.188888888889,279.555555555556,811.688888888889,29.0333333333333,963.666666666667,332.566666666667,0.506582677431054,0.506582677431054,0.506582677431054,0.506582677431054,0.506582677431054,0.506582677431054,0.506582677431054,0.506582677431054,0.506582677431054,41,59,60,37,28,61,48,38,59,447.877431220392,425.496661200642,437.088914976796,678.437142857143,254.374285714286,567.801428571429,129.272026807245,166.392339826191,142.571137887448,468086.125714285,422487.471428571,445801.804285713,0,74.0884238933865,0,64.4276653534242,0,85.1974850181607,0,47.4905815364572,0,35.3976248875621,0,126.413759692925,0,72.2569847290098,0,44.554161069172,0,101.719616651887,1
1773703,272,911,326,-509,250,777,19,942,300,313,960,376,-481,287,848,48,980,359,292,941,356,-500,277,818,38,961,330,292.61,937.93,353.7,-496.39,274.27,814.33,34.7,965.47,328.82,292.28535649157,937.850525030825,353.355107107925,-496.292206940811,274.054914603696,814.124704873634,33.2762959235028,965.410388826543,328.344879833979,292.770131673298,937.969525091301,353.872010760953,496.439069775939,274.37676650912,814.432716680758,35.3213816264313,965.499823925411,329.056651657431,94.6847474747474,74.8940404040404,122.939393939394,49.2099999999999,59.1687878787879,168.99101010101,43.949494949495,58.1708080808081,157.260202020202,9.73060879260632,8.6541342954706,11.0878038375232,7.01498396291823,7.69212505610692,12.9996542300559,6.62944152621433,7.62697896160781,12.5403429785713,2.82059195913266,4.22682293084775,2.4342293098144,2.19607380740558,3.11187848527614,3.31529333846954,3.15468611843485,3.00766664649758,3.53970135640707,-0.342962604899469,-0.552841715960705,-0.0283258276620303,-0.27129201404103,-0.192265351125146,0.0831098551816083,-0.179142144274072,0.0960703489490538,0.00504333830059159,292,941,356,-490,277,818,38,961,330,292.844444444444,938.311111111111,353.555555555556,-496.244444444444,274.511111111111,814.2,34.8333333333333,965.522222222222,328.855555555556,0.503258334775646,0.503258334775646,0.503258334775646,0.503258334775646,0.503258334775646,0.503258334775646,0.503258334775646,0.503258334775646,0.503258334775646,41,49,50,28,37,71,29,38,59,447.57400137864,425.322445834866,437.406592256367,678.96,253.804285714286,569.567142857143,140.070553534714,169.831469738086,158.87696420867,467454.248571429,422157.861428571,446449.624285714,0,81.4170982758883,0,64.9652816622813,0,107.294141584377,0,34.1855140664526,0,40.475129124105,0,104.326613113281,0,34.109115095846,0,42.0315218346687,0,130.391114467286,1
1775265,272,911,326,-518,259,787,19,942,291,313,960,376,-481,287,838,48,980,359,292,941,356,-500,268,818,38,961,330,293.21,938.28,355.8,-496.4,271.47,816.09,33.88,965,327.43,292.927690242199,938.179097074259,355.470187099953,-496.295659504452,271.311177121236,815.934141003383,32.6445974968526,964.946401367285,326.981586371813,293.351580871827,938.330421546696,355.962919417177,496.452394495182,271.54968237875,816.16784425754,34.4522858457897,965.02680791779,327.651171217196,83.8847474747475,95.5773737373737,117.131313131313,52.5454545454545,43.7061616161615,128.345353535353,39.5006060606061,52.2626262626263,146.348585858586,9.15886169099346,9.77636812611789,10.8227220758603,7.24882435609075,6.61106357677503,11.3289608321043,6.28495076039631,7.22928947149208,12.0974619593775,2.57200911519569,2.89153527216162,2.61980847435705,2.73957713894976,2.93861635124658,2.48907324477734,3.09175352611406,3.22356781080628,3.67792273967209,0.15312215085071,-0.0349667995414065,-0.344687946829705,-0.323065137696611,0.192736181107674,-0.0551416865839629,0.0742593752923932,0.0615850043909123,-0.262581864853566,292,941,356,-500,268,808,38,961,330,292.955555555556,938.255555555556,355.888888888889,-496.255555555556,271.3,816.044444444444,33.8111111111111,965,327.633333333333,0.503258334775646,0.503258334775646,0.503258334775646,0.503258334775646,0.503258334775646,0.503258334775646,0.503258334775646,0.503258334775646,0.503258334775646,41,49,50,37,28,51,29,38,68,448.089808912955,425.613944347942,437.008504637375,680.267142857143,253.354285714286,568.418571428571,139.424226422236,131.35393423811,146.527882079513,468526.598571428,422714.64,445636.71,0,59.8343071620558,0,69.6256059926618,0,95.3439187714163,0,26.7901324046911,0,36.2800456726495,0,102.716895352792,0,34.9046060621237,0,37.6920257560699,0,126.580642295775,1
1776828,272,921,326,-509,259,787,19,952,310,313,960,376,-481,287,838,48,990,349,292,941,356,-500,268,818,29,971,330,295.39,936.64,357.5,-496.57,271.02,814.36,32.86,967.17,326.76,295.096834868994,936.550892553385,357.181260097435,-496.472445421118,270.834800862343,814.184381100266,31.2916316655033,967.107754555909,326.467894627505,295.536376779577,936.684600065572,357.657657544194,496.618515563002,271.11267030517,814.447481425291,33.5874976739858,967.201173489776,326.9049403114,87.3716161616161,84.3943434343435,113.888888888889,48.6718181818182,50.7470707070706,143.929696969697,48.8286868686869,60.910202020202,95.6993939393939,9.34727854306354,9.18663939829704,10.6718737290547,6.97651905908801,7.12369782536223,11.9970703494519,6.98775263362169,7.80449883209691,9.78260670472824,2.70084519922753,2.59146472895468,2.84264580803438,2.72503048922172,2.65158510946996,2.98768862612525,2.99337929181686,3.2811173099064,2.14544483231909,0.0175869667126405,0.124343441027683,-0.301322466647087,0.358024371668372,0.0783650390455837,-0.222715393672456,0.156400159527898,0.222977268681656,-0.215610019633763,292,931,356,-500,268,818,29,971,330,295.377777777778,936.544444444444,357.777777777778,-496.744444444444,270.8,814.566666666667,32.7888888888889,967.077777777778,326.9,0.503258334775646,0.503258334775646,0.503258334775646,0.503258334775646,0.503258334775646,0.503258334775646,0.503258334775646,0.503258334775646,0.503258334775646,41,39,50,28,28,51,29,38,39,447.968120546178,424.991226707645,437.776543399936,681.227142857143,252.347142857143,568.624285714286,116.650408976982,151.492083561524,101.066035971223,468273.767142857,421481.455714286,447202.744285714,0,78.4621491830286,0,69.041277603469,0,78.8364782487177,0,33.8995758435134,0,31.4923361216936,0,113.601820542001,0,40.2515390528797,0,55.4646696067746,0,70.6408836893576,1
1778390,262,911,326,-509,250,787,9,952,300,323,960,386,-481,287,838,48,980,349,292,931,356,-500,268,818,29,971,330,294.45,935.56,356.8,-495.93,270.62,816.66,32.53,966.77,328.36,294.096589708966,935.450832935019,356.447035591754,-495.822854544443,270.471732317174,816.489625392604,30.7018426368048,966.728831027234,327.970846729099,294.622724853328,935.61458945444,356.975629420273,495.983638843057,270.693295077658,816.744696952481,33.17242831027,966.790582287602,328.552796366124,102.775252525253,103.178181818182,126.626262626262,53.7425252525253,40.0763636363636,139.741818181818,42.6354545454546,40.199090909091,127.929696969697,10.1378130050447,10.1576661600085,11.252833537659,7.33092935803676,6.33058951728539,11.8212443584344,6.52958302998396,6.34027530231069,11.3106010879041,4.65117760940677,2.87118800562875,3.38798422635981,2.33784429353526,3.18908514187435,2.6674302664811,3.94555045050142,2.45504526197024,2.29999128154458,-0.531604856660725,0.032913095952706,-0.0722265176300452,-0.107149524070987,-0.4327739606497,-0.374008965806428,-0.640898893378903,-0.00524908455409639,-0.215257539156236,292,941,356,-490,268,818,29,971,330,294.777777777778,935.455555555556,356.666666666667,-496.033333333333,270.9,816.788888888889,32.8666666666667,966.655555555556,328.344444444444,0.503258334775646,0.503258334775646,0.503258334775646,0.503258334775646,0.503258334775646,0.503258334775646,0.503258334775646,0.503258334775646,0.503258334775646,61,49,60,28,37,51,39,28,49,447.342266065193,425.611550579296,437.832306866716,680.061428571429,253.435714285714,568.997142857143,137.51505257239,140.189139042145,128.353800555073,466975.204285714,422719.941428572,447313.448571428,0,82.0809057872574,0,85.4204712881481,0,91.6517718987409,0,42.1371975311324,0,31.6447300891447,0,81.2389156646934,0,32.957091727387,0,29.4696376086182,0,92.5156654153899,1
1779953,262,911,326,-509,259,787,9,942,291,313,960,386,-481,287,848,48,980,368,292,941,356,-495,268,818,38,961,330,295.2,936.05,356.9,-495.54,270.83,814.86,34.12,965.77,326.19,294.812700799649,935.948778281111,356.556854286925,-495.455974654426,270.653727156268,814.698475106524,31.7756036219318,965.702534037361,325.716492415726,295.390250346893,936.100448669906,357.071141371016,495.582182892,270.918124163002,814.941040812156,34.9591189820339,965.803670525226,326.426484832343,113.494949494949,95.4015151515151,123.424242424242,42.2307070707071,48.2233333333333,133.414545454545,58.5511111111111,65.6940404040403,155.892828282828,10.6534008417476,9.76736991986661,11.1096463681002,6.49851575905661,6.94430222076583,11.5505214364783,7.65186977876068,8.10518601908928,12.4857049573834,3.31353462482199,2.69933242823372,3.35609392841225,2.36740116840255,2.65079261800341,3.2916629596171,3.52415394276766,3.20454287567238,3.94954261255095,-0.400266663084287,-0.289272428268037,-0.000475315011896741,-0.330162048967114,0.0425713445719689,0.278873755851906,-0.475954926162882,-0.201416861661306,0.0892776611098021,292,941,356,-490,268,818,38,961,330,295.611111111111,936.222222222222,356.888888888889,-495.3,270.7,814.455555555556,34.3,965.966666666667,326.044444444444,0.503258334775646,0.503258334775646,0.503258334775646,0.503258334775646,0.503258334775646,0.503258334775646,0.503258334775646,0.503258334775646,0.503258334775646,51,49,60,28,28,61,39,38,77,447.640155676712,424.919216084201,437.160740456232,680.635714285714,252.921428571429,568.32,140.480538404165,134.270494940803,157.460203610996,467588.25,421340.241428571,445951.337142857,0,87.7191642298231,0,63.0708294575041,0,92.0253509498844,0,27.3483531606923,0,30.5992805246913,0,96.7966503583597,0,44.7278426302952,0,45.1375537205882,0,88.7984474935546,1
1781515,272,911,316,-509,250,787,19,952,291,313,950,386,-481,287,848,48,980,349,292,931,356,-500,268,818,38,966,320,296.03,934.88,357.9,-495.61,268.66,815.71,35.1,966,322.62,295.700845844005,934.785317099453,357.556263262799,-495.521969775613,268.504655132046,815.576288059498,33.8080020452512,965.935170416044,322.178243860844,296.194108651742,934.927205722456,358.069546317472,495.653820725716,268.738125319055,815.776715774605,35.6987394735444,966.032411464543,322.840827653505,98.1708080808081,89.1571717171716,122.616161616162,43.8766666666666,42.4084848484849,109.945353535354,42.8181818181818,63.2525252525253,143.975353535354,9.9081182916237,9.44230754197148,11.0732182140587,6.62394645711049,6.51217973097218,10.4854829900846,6.54356033197385,7.95314561997486,11.9989730200277,2.4635291718162,2.47677994382731,4.07643261826969,2.59724166059506,3.92527074231679,3.65563841727813,2.96763748210055,2.27962694889944,2.59418940791212,-0.0276965858229578,-0.268606289318206,-0.335552950995911,0.308809032353169,0.315775467106168,-0.127080040796803,0.0640672763312252,0,0.0628224469086455,292,941,356,-500,268,818,38,961,320,296.088888888889,935.033333333333,358.111111111111,-495.677777777778,268.5,815.844444444444,35.0555555555556,966,322.733333333333,0.503258334775646,0.503258334775646,0.503258334775646,0.503258334775646,0.503258334775646,0.503258334775646,0.503258334775646,0.503258334775646,0.503258334775646,41,39,70,28,37,61,29,28,58,447.433604215448,424.976793977371,436.777650346928,680.918571428571,252.325714285714,567.308571428571,137.911999026176,111.488880834067,149.752406515769,467157.27,421450.517142857,445165.38,0,80.4312901854449,0,62.9150873758418,0,85.12460043076,0,34.5512161288518,0,23.9406262252791,0,72.07768227556,0,29.8744426474408,0,45.5947495718926,0,117.175965812702,1
1783078,272,911,326,-509,250,787,19,952,300,323,950,386,-481,287,858,48,980,359,303,931,356,-490,268,818,29,961,330,300.52,934.6,358.8,-494.96,268.39,818.05,33.24,965.43,327.78,300.168350841756,934.505378050879,358.412765070269,-494.868419904344,268.224512315993,817.88751169815,31.6879133518643,965.374332339978,327.248445863893,300.694030536025,934.647152673136,358.992479029854,495.005979761861,268.473257513667,818.131560325111,33.9643931198542,965.457834397753,328.044692077162,105.686464646465,89.0303030303031,139.555555555556,45.9781818181818,45.1493939393939,134.795454545454,49.1741414141414,54.2879797979797,175.34505050505,10.2803922418585,9.43558705276482,11.8133634311129,6.78072133465031,6.71932987279192,11.6101444670363,7.01242764056367,7.36803771692163,13.2417918162555,3.03958988216366,2.40617972243243,2.79143572451433,2.49792788705106,3.63551753064106,4.14996661195348,2.96300383802235,2.40894291169195,2.56754970821632,-0.222176724625851,-0.317429728786729,-0.112377628527713,-0.326350108863239,0.318216772565531,0.321963966695905,0.177450878287505,0.0152770213701977,-0.0288827307839907,303,941,356,-490,268,818,29,961,330,300.744444444444,934.722222222222,359,-494.855555555556,268.2,818,33.2111111111111,965.366666666667,327.811111111111,0.503258334775646,0.503258334775646,0.503258334775646,0.503258334775646,0.503258334775646,0.503258334775646,0.503258334775646,0.503258334775646,0.503258334775646,51,39,60,28,37,71,29,28,59,448.012105481404,425.635217689721,437.230514059392,683.108571428571,253.491428571429,568.478571428571,142.366665186484,135.083778730618,176.708646608862,468367.628571429,422763.454285714,446089.598571429,0,85.5575122837734,0,55.2090408787286,0,103.087608444248,0,38.1094000196369,0,35.9444763615371,0,93.2888541814323,0,37.8364270564327,0,32.5181686787191,0,116.915567635979,1
1784640,272,911,336,-509,259,797,19,952,291,313,960,386,-472,287,848,48,990,349,292,931,356,-490,268,818,38,971,325,296.03,934.69,360.2,-493.85,266.58,817.8,35.21,966.23,323.89,295.7786249632,934.604606595953,359.774207237918,-493.760393128272,266.416978675268,817.642397722728,33.8400122831261,966.17724234869,323.364915607646,296.155280216308,934.732737203528,360.411431561209,493.894654759494,266.662670803395,817.878903016822,35.8548462554227,966.256379021634,324.149086069975,74.9384848484848,80.700909090909,153.89898989899,44.5530303030303,44.5288888888889,130.363636363636,46.2887878787878,51.4920202020202,169.593838383838,8.65670173036387,8.98336847128676,12.4056031654648,6.67480563784672,6.67299699452119,11.4176896245973,6.80358639827465,7.17579404679511,13.0228199090611,2.6807567130975,2.85695807613962,2.68925857917173,3.17544402610435,3.21724479412367,2.98155363356525,2.79813994366136,3.25119544949694,2.46360812429058,-0.0547203404744094,0.119197428599723,-0.134966578351768,0.21437733967487,0.621941981578635,0.123684620198306,0.136969711111439,0.0193523670611561,-0.262896236080824,292,931,356,-490,268,818,38,971,330,295.977777777778,934.6,360.222222222222,-494.022222222222,266.2,817.611111111111,35.1777777777778,966.144444444444,324.033333333333,0.503258334775646,0.503258334775646,0.503258334775646,0.503258334775646,0.503258334775646,0.503258334775646,0.503258334775646,0.503258334775646,0.503258334775646,41,49,50,37,28,51,29,38,58,447.699585876685,425.102072233469,437.046714245103,681.822857142857,253.084285714286,567.998571428571,155.465504946853,133.050268052021,171.433514344649,467712.702857143,421700.061428571,445718.395714285,0,52.2348250944424,0,55.788993814403,0,118.120643575232,0,32.3143074436923,0,28.0591426843752,0,94.5514485660016,0,33.6619411549892,0,32.1695517822429,0,108.68337215542,1
1786203,272,911,336,-509,250,787,19,952,291,313,950,396,-481,287,848,48,990,359,292,931,356,-490,268,818,38,961,320,296.4,935.04,360.8,-494.25,266.84,818.58,34.52,965.27,324.8,296.112415620899,934.96871080521,360.430103067751,-494.169202067087,266.626971498983,818.353144180969,32.5505833702555,965.20710917427,324.31959332377,296.544431746745,935.075472889756,360.986980374639,494.29028920261,266.945912124535,818.693471330998,35.3658026913005,965.30147104415,325.040951266144,86.5050505050504,67.0084848484848,136.323232323232,40.229797979798,57.1054545454545,187.660202020202,59.7066666666667,61.3708080808081,158.161616161616,9.30080913173959,8.18587105007676,11.6757540366022,6.34269642816034,7.55681510594606,13.6989124393217,7.72700890815241,7.83395226439427,12.5762321925772,2.56849643348072,3.23061815138277,3.15190291953286,2.36170517952355,2.78262471244139,2.21276532751469,2.73552150287436,2.90067345739003,2.87615252716038,0.198942957886452,-0.533800400619687,0.412016071588878,0.192626742073587,-0.143877862876128,0.0473571671713877,-0.173025452527449,0.118072516933482,0.162074947558073,292,941,366,-490,268,808,38,971,320,296.388888888889,935.211111111111,360.333333333333,-494.466666666667,267.1,818.588888888889,34.6333333333333,965.077777777778,324.6,0.503258334775646,0.503258334775646,0.503258334775646,0.503258334775646,0.503258334775646,0.503258334775646,0.503258334775646,0.503258334775646,0.503258334775646,41,39,60,28,37,61,29,38,68,447.960718410956,425.500819688876,436.773636464089,682.388571428571,253.358571428571,567.681428571429,142.855168465635,194.370808617969,163.98376027066,468264.145714286,422503.718571429,445161.124285714,0,65.4818326922586,0,51.6450951319216,0,105.966775056037,0,33.6012790594493,0,55.0847360451473,0,169.883206142664,0,45.5458224772905,0,49.7625440017208,0,102.78811248381,1
1787765,282,911,316,-509,250,777,19,952,291,313,960,405,-481,277,838,58,980,349,292,931,356,-490,268,818,38,961,330,296.63,934.29,359.79,-494.88,267.46,816.27,34.27,965.33,328.85,296.383137300066,934.188981758437,359.293274681828,-494.781362455861,267.315252361761,816.083543214417,32.8885683375406,965.278005398409,328.368033278906,296.754022719154,934.34056424839,360.038178531111,494.929429312907,267.532128911651,816.362572635468,34.9398053801105,965.356001690568,329.085961414339,74.3364646464647,95.4403030303031,180.450404040404,49.4197979797979,38.9781818181818,152.663737373737,46.8253535353535,50.7081818181819,156.815656565656,8.62185969767919,9.76935530269542,13.4331829452444,7.02992161974783,6.24325090142802,12.3557167891522,6.84290534315312,7.1209677585411,12.5226058216993,2.39573878837603,2.9215691735868,4.20471346711457,2.48213001282229,2.56228810960456,3.27926735804441,3.8400172046195,2.45703529246332,2.74727670502346,0.212043202012429,0.127284258469702,0.109243321840384,-0.182616763993199,-0.103497496158685,-0.431394286592536,0.42075295205379,0.0355225801140294,-0.481774884406806,292,931,356,-490,268,818,38,961,330,296.533333333333,934.155555555556,359.666666666667,-494.866666666667,267.5,816.577777777778,34.1333333333333,965.255555555556,329.1,0.503258334775646,0.503258334775646,0.503258334775646,0.503258334775646,0.503258334775646,0.503258334775646,0.503258334775646,0.503258334775646,0.503258334775646,31,49,89,28,27,61,39,28,58,447.565342729883,424.885577007545,437.346791495265,681.732857142857,252.364285714286,569.335714285714,184.279908451305,155.682102459884,157.559498451847,467435.455714286,421275.612857143,446327.387142857,0,61.3345242875198,0,69.3341470543085,0,135.343854094097,0,45.1922122650284,0,26.1695467027838,0,117.18925114084,0,37.3948485500099,0,40.2730520580674,0,125.559534932691,1
1789328,272,911,336,-518,250,797,19,942,291,323,950,386,-481,277,848,48,980,359,292,941,356,-500,268,818,38,961,330,296.26,935.32,361,-495.41,267.46,818.11,33.78,964.76,329.66,295.951555755707,935.242423207305,360.690948730331,-495.304745403299,267.277182774103,817.958580710368,32.3194799164152,964.699760638945,329.104840291013,296.414068492034,935.35860502804,361.153706889463,495.462581836409,267.550294337345,818.185584082242,34.4377699626442,964.790080794781,329.934478343807,92.2347474747476,72.9470707070707,112.121212121212,52.6281818181818,48.7963636363637,124.927171717172,45.3248484848484,58.6286868686869,182.873131313131,9.60389230857716,8.54090573107271,10.5887304300946,7.25452836635035,6.98543940181029,11.1770824331384,6.73237316886463,7.65693717283137,13.5230592438668,3.2847664937118,3.05066380834964,2.57487216946676,3.05513385330171,2.8702314490565,2.55967797977473,3.02331840180297,2.81994397286011,2.9450283394498,0.0500582409737406,-0.501606113173657,-0.128264594020608,0.0260696013278198,-0.417802314444231,-0.0976459309531612,-0.014951508495433,-0.147254075717617,-0.184415039284769,292,941,356,-500,268,828,38,961,330,296.122222222222,935.522222222222,361.222222222222,-495.355555555556,267.8,818.066666666667,33.8111111111111,964.733333333333,329.777777777778,0.503258334775646,0.503258334775646,0.503258334775646,0.503258334775646,0.503258334775646,0.503258334775646,0.503258334775646,0.503258334775646,0.503258334775646,51,39,50,37,27,51,29,38,68,448.083003043845,425.647730831852,437.227033715301,682.534285714286,252.925714285714,569.228571428571,114.683630045978,127.740303788106,184.359819041082,468509.58,422783.134285714,446083.980000001,0,68.104316240217,0,55.7131386666474,0,81.7254032468124,0,33.2008538864749,0,38.0960157483047,0,102.697010359773,0,36.6112236919673,0,38.7893204145883,0,157.253423345732,1
1790890,272,911,336,-509,250,797,19,942,300,323,960,386,-481,277,848,48,990,359,292,931,356,-495,268,818,38,971,330,296.04,934.39,358.9,-495.09,267.01,817.9,35.59,966.21,324.97,295.703842582449,934.301590893824,358.539658189105,-494.994647200484,266.863497391357,817.743388516568,33.9429407461595,966.14968945385,324.659606550416,296.207359800529,934.434315508586,359.079099920895,495.137687921249,267.082477897746,817.978300445678,36.2343759432945,966.240120259969,325.124791426308,100.119595959596,83.6544444444444,129.888888888889,47.6988888888889,39.1009090909092,129.383838383838,46.749393939394,58.7938383838384,101.645555555555,10.0059780111489,9.14628036113285,11.3968806648525,6.90643822016015,6.25307197231162,11.3747016832899,6.83735284590418,7.66771402595574,10.0819420527771,2.92178774926025,3.50378903599106,2.52675264997257,2.480235587735,3.31687045765586,2.72159534291851,3.67552878438784,3.59864821584899,3.81693405410678,-0.054027150052021,0.283773044084748,-0.132440543989186,-0.0414155408410163,-0.396405574384934,0.022300058326349,-0.641220470955969,-0.124685512329934,0.00834774870783437,292,931,356,-490,268,818,38,971,330,296.1,934.266666666667,359.111111111111,-495.1,267.2,817.833333333333,35.8222222222222,966.233333333333,325.022222222222,0.503258334775646,0.503258334775646,0.503258334775646,0.503258334775646,0.503258334775646,0.503258334775646,0.503258334775646,0.503258334775646,0.503258334775646,51,49,50,28,27,51,29,48,59,447.393195071758,425.447501726095,437.181090442664,681.141428571428,252.78,568.615714285714,137.89548703856,129.797112034492,104.123298580482,467076.038571429,422392.662857143,445988.155714286,0,61.6349616362701,0,62.4645514505297,0,118.797845938418,0,35.7082122238467,0,25.2184507998563,0,98.3047226683139,0,38.9613297416458,0,45.0754601406182,0,75.7890361079528,1
1792453,272,911,336,-509,250,787,19,952,291,323,960,386,-481,277,848,48,990,349,303,931,366,-490,268,818,38,961,320,298.88,932.71,362.7,-493.97,266.2,818.93,35.99,966.26,324,298.537347869846,932.603948134737,362.358241147944,-493.86942332998,266.027773181282,818.768393747489,34.2639495264869,966.202120729362,323.459265317193,299.049661427663,932.763158577782,362.868295666623,494.020191895028,266.285185468512,819.010714215632,36.7835561086744,966.289025085145,324.269394177125,102.470303030303,100.167575757576,123.343434343434,50.09,45.8181818181818,133.540505050505,58.3332323232323,56.6589898989898,176.40404040404,10.1227616306176,10.0083752806125,11.1060089295585,7.0774289116882,6.7689128978132,11.5559727003184,7.63761954559353,7.52721661034076,13.2817182775438,3.00235240019455,2.9877398860573,2.96954482567768,2.3651789002359,2.99489795918367,2.89444525674684,2.43726083103637,2.99042396545415,2.70856516508589,-0.213472235180986,0.257402488338464,-0.433668796527872,0.111702450005529,-0.372256729806585,-0.0481721991653128,0.0383777623887989,0.397022291520394,-0.00696739544645479,303,931,366,-490,268,818,38,961,320,299.033333333333,932.511111111111,363.222222222222,-493.955555555556,266.5,819.088888888889,36.1555555555556,966.177777777778,324.144444444444,0.503258334775646,0.503258334775646,0.503258334775646,0.503258334775646,0.503258334775646,0.503258334775646,0.503258334775646,0.503258334775646,0.503258334775646,51,49,50,28,27,61,29,38,58,447.661961362793,425.484124357275,437.092230673187,683.267142857143,253.354285714286,568.392857142857,148.878290195884,134.652214060873,179.220955956044,467636.232857143,422460.985714287,445807.778571429,0,65.7857433837257,0,77.7796370549919,0,82.3917046597738,0,42.7557919383324,0,35.2707179234801,0,98.1445068304836,0,45.6602215854719,0,44.2610228148872,0,156.314454415667,1
1794015,272,911,326,-509,240,787,9,952,310,323,950,396,-472,277,848,48,980,359,303,931,366,-490,268,818,33.5,961,330,298.16,932.72,361.6,-492.52,264.3,819.61,32.4,964.48,332.34,297.845330629884,932.640804846115,361.291033717536,-492.405444747834,264.129327182091,819.433251574614,30.2551000953289,964.431635383616,331.931164360454,298.314934255729,932.759626055931,361.752954376326,492.577141166742,264.383925381253,819.698023664813,33.1556933270894,964.50417313768,332.545124757528,93.3478787878787,74.6682828282829,111.757575757576,56.8581818181819,44.8181818181818,145.755454545455,50.0404040404041,47.1006060606061,137.76202020202,9.66167060025743,8.64108111455291,10.5715455708981,7.54043644745992,6.69463828882351,12.072922369727,7.07392423202313,6.86298812913195,11.7372066609573,3.36011507137093,2.90551061398481,4.39044612061866,3.03984675121847,3.94790488063451,2.73976467350762,3.36243834883675,2.38358262542128,2.7743834398388,-0.393181299067125,0.0978601974270563,-0.235757331328247,0.121501027003098,-0.582232245774393,-0.242258349919827,-0.709842921739474,-0.0420119852790297,0.167765786989423,303,931,366,-490,268,818,38,961,339,298.455555555556,932.633333333333,361.777777777778,-492.544444444444,264.5,819.844444444444,32.7222222222222,964.511111111111,332.1,0.503258334775646,0.503258334775646,0.503258334775646,0.503258334775646,0.503258334775646,0.503258334775646,0.503258334775646,0.503258334775646,0.503258334775646,51,39,70,37,37,61,39,28,49,447.407335111028,425.201376693003,437.456137709241,682.491428571429,253.452857142857,569.665714285714,116.744226464767,150.83151887076,140.991861545286,467098.937142857,421901.121428571,446551.654285714,0,67.9826803973981,0,53.1623195473101,0,91.5135507594914,0,44.8134480694245,0,28.546732079255,0,115.274652953026,0,43.6861275034242,0,40.1232902245392,0,115.893973371744,1
1795578,272,911,346,-509,250,787,9,942,300,323,950,396,-481,277,838,48,980,368,292,931,366,-490,268,818,38,961,330,297.27,933.69,364.2,-493.24,264.04,816.99,36.44,965.02,328.97,296.832951527525,933.593023975957,363.873346744756,-493.154334603198,263.853402426237,816.826775367027,34.4192745160983,964.959240277554,328.444978436005,297.48907542967,933.738448389055,364.365750311414,493.283001937022,264.132996802747,817.071324916008,37.1669207764108,965.050371742325,329.234187167736,131.613232323232,91.3877777777776,121.979797979798,42.8509090909091,49.6145454545455,134.232222222222,54.0468686868687,59.2117171717171,175.645555555556,11.4722810427235,9.5596954856197,11.0444464768407,6.54606057800485,7.0437593268471,11.5858630331202,7.35165754689844,7.69491502043506,13.2531338013149,2.70575943010352,2.33922032582778,2.68882448259401,2.77454667789796,2.6042494830863,2.95040742671972,3.76964355692465,2.90818458029469,3.20000834354868,0.140192269996008,-0.0640269108508487,0.541004745382178,-0.324573206097843,-0.0727805730489392,-0.219085756695649,-0.285019856379213,-0.0164817053442204,0.25382208272732,292,931,356,-490,268,818,38,961,330,297.133333333333,933.711111111111,363.888888888889,-493.144444444444,264.1,817.155555555556,36.5444444444444,965.022222222222,328.7,0.503258334775646,0.503258334775646,0.503258334775646,0.503258334775646,0.503258334775646,0.503258334775646,0.503258334775646,0.503258334775646,0.503258334775646,51,39,50,28,27,51,39,38,68,448.065242115604,424.391983916422,437.273170071225,683.64,251.91,570.184285714286,144.291395598518,136.857740663855,177.232535874967,468484.131428572,420299.961428572,446185.178571429,0,103.96114470193,0,69.763956392144,0,115.609643770001,0,33.5885560327214,0,44.113859828477,0,104.647483626281,0,38.4225755366806,0,47.7749877208185,0,140.752048151971,1
1797140,282,911,336,-509,250,787,19,942,300,323,950,386,-472,277,838,58,990,368,303,931,366,-490,268,818,38,961,330,298.52,931.66,364.1,-493.78,264.94,818.02,38.32,964.55,325.79,298.167612227004,931.579408073209,363.886849680832,-493.652623750064,264.779451616122,817.884104602646,37.0150590606281,964.484306707569,325.373600523456,298.698175421277,931.700252227078,364.206260242737,493.843537975339,265.020150177303,818.087525879719,38.9479139364357,964.582847660065,325.999125765699,107.484444444445,75.7620202020202,78.1717171717172,63.3854545454545,42.9054545454545,111.595555555556,49.0076767676768,64.0075757575758,137.682727272727,10.3674704940233,8.7041381079358,8.84147709218981,7.96149826009241,6.55022553393809,10.5638797586661,7.00054831907307,8.00047347083757,11.7338283297791,2.83402210194761,2.64621933971999,3.22101862113048,2.57174170060865,2.67282298872243,2.84220652096282,3.28545058211714,3.76802101869255,4.0644322111729,0.391357136994734,-0.0991973026009544,-0.0617174688816929,0.117831785229488,-0.0152944048916692,-0.458826228744099,0.271374677335177,0.0286408120800701,0.237902729843257,303,931,366,-490,268,818,38,961,320,298.077777777778,931.666666666667,364.222222222222,-493.744444444444,265,818.3,38.1888888888889,964.5,325.722222222222,0.503258334775646,0.503258334775646,0.503258334775646,0.503258334775646,0.503258334775646,0.503258334775646,0.503258334775646,0.503258334775646,0.503258334775646,41,39,50,37,27,51,39,48,68,447.414452199505,424.9773910519,436.669478941173,683.262857142857,252.505714285714,569.425714285714,115.680091262216,121.716962715336,138.892322863141,467113.782857143,421450.422857143,444948.188571428,0,75.1385746260582,0,61.5508530073391,0,71.7653547939789,0,34.7410512154511,0,31.7551479283099,0,93.8384574217366,0,36.2932418699529,0,41.6520728421203,0,102.850446394095,1
1798703,282,911,326,-509,250,797,19,952,291,333,950,405,-481,287,848,58,980,359,303,931,366,-490,268,818,38,961,330,298.71,933.94,362.69,-491.8,265.22,817.94,37.57,964.74,329.95,298.333116323601,933.863742215349,362.268571953262,-491.728459407441,265.043800998484,817.792971971302,35.5928781945173,964.694502418508,329.448852263725,298.901237869635,933.978019013296,362.901212453196,491.835866931236,265.308424291427,818.013630693279,38.4212180962551,964.762768767535,330.198682613968,115.440303030303,71.7337373737374,154.801919191919,35.6363636363637,47.3854545454546,121.673131313131,65.3384848484849,44.3761616161616,165.825757575758,10.7443149167503,8.46957716617172,12.4419419381349,5.9696200579571,6.88370935945545,11.0305544426892,8.08322242972968,6.66154348602196,12.8773350339174,3.08729323674966,2.85151117376634,4.03454341583398,2.85517608403904,3.2182701423857,2.44738313512323,3.13133337252779,2.56188114778406,3.10745210919533,0.48783631776836,-0.301165739857028,0.179876991349749,-0.248415064527628,0.204750187710072,0.140708505123811,-0.0957373736250162,0.140131048229982,-0.101416931990643,292,931,356,-490,268,808,38,961,330,298.288888888889,933.988888888889,362.666666666667,-491.844444444444,265.2,817.877777777778,37.8,964.7,329.988888888889,0.503258334775646,0.503258334775646,0.503258334775646,0.503258334775646,0.503258334775646,0.503258334775646,0.503258334775646,0.503258334775646,0.503258334775646,51,39,79,28,37,51,39,28,68,448.117913039269,424.558445273394,437.316493142629,683.717142857143,253.44,570.968571428571,157.142569140209,129.991869238545,167.51353056031,468580.362857143,420616.019999999,446260.525714285,0,99.6612557182231,0,51.9969143198597,0,131.976712178726,0,25.7460458441767,0,41.837202952331,0,91.7106677304997,0,39.0227652795301,0,30.0966042938685,0,111.494911084347,1
1800265,272,911,336,-509,250,797,19,942,300,323,950,396,-481,287,848,58,980,349,303,931,366,-490,268,818,38,961,330,298.65,932.66,365,-492.53,265.22,819.7,38.17,964.84,326.61,298.325434134321,932.57537891402,364.68306952025,-492.439416007068,265.061558683193,819.505731451194,36.3461459177924,964.779094709909,326.26052183034,298.810224055336,932.702181835124,365.157500265297,492.575222681775,265.29926498202,819.797109045891,38.98961400168,964.870374713619,326.78401123678,96.6944444444445,79.4791919191919,116.161616161616,44.9990909090908,42.4763636363637,160.818181818182,63.879898989899,59.2064646464647,114.846363636364,9.83333333333334,8.91511031447126,10.7778298447144,6.70813617252146,6.51738932674454,12.681410876483,7.99249016201452,7.6945737144084,10.7166395682772,3.24261256907709,2.52169502301013,3.04068052930057,2.19241058808522,3.65508440057404,2.39718160660583,2.79422720473377,3.32790527806552,2.92967448404188,-0.307167028702836,-0.303830341603417,-0.141092031855491,0.0934674846384081,0.0926144337773864,0.00847036184573041,-0.00594104929831835,-0.30266375267163,-0.0564391766997432,303,931,366,-490,268,818,38,961,330,299,932.777777777778,365,-492.655555555556,265.2,819.722222222222,38.2444444444444,964.933333333333,326.511111111111,0.503258334775646,0.503258334775646,0.503258334775646,0.503258334775646,0.503258334775646,0.503258334775646,0.503258334775646,0.503258334775646,0.503258334775646,51,39,60,28,37,51,39,38,49,447.952155170769,425.338064772473,436.896505029026,684.132857142857,253.881428571429,569.837142857143,125.361499787694,162.01030344349,120.060318899781,468240.39,422177.721428572,445406.922857143,0,84.4069490405744,0,70.1277782950831,0,84.6068352003562,0,36.2230706257839,0,32.0012047665545,0,122.401108461597,0,49.0502826900914,0,49.9299203865565,0,89.5204964030603,1
1801828,272,911,336,-509,240,797,19,952,291,313,960,386,-481,287,848,58,980,359,303,936,366,-490,268,818,38,971,330,297.55,935.09,364,-492.73,264.31,819.94,38.13,965.57,330.15,297.253843188193,934.992690279177,363.660713190866,-492.63745200639,264.040553367464,819.776188541805,36.4885559372543,965.521147856544,329.676823157688,297.695733929796,935.138540538246,364.167543858593,492.7761662256,264.443774742383,820.022133847618,38.8575603969163,965.59436100259,330.378888550706,87.6237373737375,91.6988888888888,123.232323232323,45.9566666666667,71.4483838383839,136.05696969697,56.5788888888888,47.520303030303,152.714646464646,9.36075517112468,9.57595368038551,11.1010055054632,6.77913465470828,8.45271458398921,11.6643460895573,7.52189396953246,6.89349715531261,12.3577767605927,2.83756755836439,2.71793779468359,2.56758935769954,2.14435814652858,2.94141461496704,2.85909674778156,3.35236218879711,2.38717598395827,4.42140495310569,-0.445880250774454,-0.211016269521597,-0.356206213937778,0.151319469608174,-0.151963105507624,0.225876257287399,-0.00815172378638677,-0.364331340535751,-0.754333354837271,303,941,366,-490,268,818,38,971,330,297.777777777778,935.155555555556,364.222222222222,-492.877777777778,264.4,819.877777777778,38.2,965.722222222222,330.744444444444,0.503258334775646,0.503258334775646,0.503258334775646,0.503258334775646,0.503258334775646,0.503258334775646,0.503258334775646,0.503258334775646,0.503258334775646,41,49,50,28,47,51,39,28,68,448.598833761337,425.367402026718,437.684111404833,684.274285714286,253.508571428571,571.65,127.12870681304,145.25920973785,153.516640600255,469596.36,422226.497142857,447013.967142857,0,64.08505663349,0,82.5070238651238,0,99.151579388561,0,35.2089621997366,0,56.3419007446211,0,119.645816541829,0,39.8577176714214,0,37.1003611291587,0,114.658205741168,1
1803390,272,911,326,-509,250,797,19,942,300,333,950,396,-472,287,848,58,980,368,303,931,366,-490,259,818,38,966,320,299.09,933.62,365.5,-490.86,263.69,819.41,40.33,965.99,325.57,298.629567880636,933.515441917705,364.895733651903,-490.778016748369,263.51543172026,819.226280688484,38.969764837626,965.937077860732,325.118576812063,299.31747359618,933.671955239098,365.799125203984,490.901008350971,263.778334970861,819.50195240768,40.9684024584801,966.016412904046,325.799401472747,137.496868686868,97.9955555555556,220.959595959596,40.6670707070707,47.0645454545455,152.224141414141,52.4253535353535,51.5453535353536,150.934444444445,11.7259058791578,9.89927045572327,14.8647097502641,6.37707383578634,6.86036044640116,12.3379147919793,7.24053544534888,7.17950928235026,12.2855380201457,3.00324309922991,2.97077119832059,3.01282351020408,3.27068690416965,3.4927385428547,2.62461051656027,3.31589871697917,3.25188608556999,3.53770667523462,-0.22033387999313,-0.566999304948401,-0.155083391016241,-0.0642461849910066,0.52794471271712,0.0952622485314243,0.183178643868378,-0.227905453634201,0.527606430477598,303,931,376,-490,259,818,38,961,320,299.377777777778,933.966666666667,365.555555555556,-490.9,263.6,819.288888888889,40.2,966.1,325.255555555556,0.503258334775646,0.503258334775646,0.503258334775646,0.503258334775646,0.503258334775646,0.503258334775646,0.503258334775646,0.503258334775646,0.503258334775646,61,39,70,37,37,51,39,38,68,448.475687867083,424.707494728228,437.258882544221,684.947142857143,253.817142857143,570.81,221.886061883039,160.76629594664,155.15760236468,469347.115714286,420919.825714286,446147.73,0,79.9321666536665,0,71.3640663056218,0,181.604403136654,0,30.281416282633,0,40.3806514640122,0,124.220853530294,0,36.3711916320712,0,35.6564586124194,0,127.153765913807,1
1804953,272,911,336,-509,240,777,29,952,291,323,950,386,-472,287,868,58,980,359,303,931,356,-490,268,818,38,971,325,299.88,932.16,361.4,-492.23,263.95,820.21,41.56,967.52,324.39,299.499204194702,932.072749638511,361.060965175787,-492.1356063253,263.721742336315,819.983806081994,40.0994602462248,967.468263998921,323.891944944575,300.070491718196,932.203497097066,361.569910252499,492.276944412391,264.063344673205,820.322528033944,42.2317416169402,967.545864545966,324.637382320644,115.44,81.9135353535354,124.080808080808,46.6839393939394,60.4520202020202,186.470606060606,56.8549494949495,50.5551515151515,162.179696969697,10.7443008148506,9.05060966750502,11.139156524657,6.83256462786408,7.77508972308489,13.6554240527567,7.54022211177824,7.11021458995096,12.7349792685225,2.72075742963414,2.60449809295289,2.90920981045465,3.25244624190052,3.47955351087016,4.91862234551444,2.20616525600109,2.38961657698362,2.78405237101823,0.0841116263577964,-0.286754268733633,0.141411323745117,0.354018189401043,-0.155021011605908,-0.235791616421035,-0.196305464672651,-0.00626408284136245,-0.0902267696482093,303,931,356,-490,268,818,48,971,330,299.7,932.333333333333,361.222222222222,-492.522222222222,264,820.4,41.5666666666667,967.588888888889,324.477777777778,0.503258334775646,0.503258334775646,0.503258334775646,0.503258334775646,0.503258334775646,0.503258334775646,0.503258334775646,0.503258334775646,0.503258334775646,51,39,50,37,47,91,29,28,68,447.38299422888,425.31143196611,437.743225941258,682.902857142857,253.684285714286,571.487142857143,143.547912099048,186.906902234261,163.454879861239,467047.911428571,422140.752857143,447136.264285714,0,93.9542733508287,0,62.4290085021741,0,101.230623360467,0,32.3859845389438,0,46.1659528438327,0,148.991269482345,0,41.0901015086417,0,39.7077490979341,0,89.8224906807442,1
1806515,272,911,336,-500,250,777,29,952,300,323,950,386,-481,277,838,58,990,349,297.5,931,366,-490,259,818,48,961,330,298,934.01,362.8,-491.26,262.87,819.55,43.37,965.99,325.42,297.703968143643,933.90405884363,362.4860992655,-491.18190006473,262.701930663953,819.392691691351,42.2411039417364,965.937310116558,325.07837529156,298.148452955906,934.062690615571,362.956746734373,491.299053530536,262.953969355855,819.628116892045,43.8838238990177,966.016412904046,325.590202555298,89.3939393939394,99.4241414141413,114.909090909091,38.76,44.5990909090909,129.340909090909,45.2859595959596,51.5453535353536,111.922828282828,9.45483682534709,9.97116549928549,10.7195657985336,6.22575296650935,6.67825507966646,11.3728144753579,6.72948434844451,7.17950928235026,10.579358595058,3.05869960739251,2.62583331959003,2.93818060970762,2.27507042299845,2.68733279640389,3.79782779397133,2.66863792936772,3.25521320973847,2.95828714042535,0.165754062093734,-0.480044163359643,0.0204921073375385,-0.026554323581233,0.0181735881967604,-0.454667041874529,-0.29363070600823,0.366279125505414,-0.0386388524358008,292,941,366,-490,259,818,48,961,320,297.944444444444,934.4,362.666666666667,-491.344444444444,262.8,820,43.4666666666667,965.877777777778,325.411111111111,0.503258334775646,0.503258334775646,0.503258334775646,0.503258334775646,0.503258334775646,0.503258334775646,0.503258334775646,0.503258334775646,0.503258334775646,51,39,50,19,27,61,29,38,49,448.061037045832,424.74131690242,437.285463109732,683.49,253.354285714286,572.048571428571,124.554087166899,129.795613144234,118.987302161921,468472.804285714,420989.914285714,446195.348571429,0,64.0734434048423,0,73.6568699413281,0,79.2186527143341,0,27.0550489171056,0,29.3408648833614,0,100.487441089183,0,26.8232948692739,0,34.9806807526436,0,91.3940178520323,1
1808078,282,901,336,-500,240,797,29,942,291,323,950,396,-472,277,838,67,990,349,303,931,366,-490,263.5,818,48,971,330,300.86,930.45,361.7,-489.79,263.49,819.55,43.18,966.77,325.89,300.630609200031,930.360942030708,361.318029641713,-489.686372262414,263.293090067441,819.418369840674,41.79668455275,966.692061368049,325.503094574848,300.974915898319,930.494465324754,361.891420180142,489.841739748666,263.587689393871,819.615672129322,43.8449540996453,966.80885908229,326.080710867724,69.8589898989899,83.5833333333332,139.909090909091,51.1978787878788,52.01,108.734848484848,58.4521212121211,75.8960606060604,125.593838383839,8.35816905183126,9.14239210126831,11.8283173321099,7.15526930226101,7.21179589284112,10.4276003224543,7.64539869543251,8.71183451438676,11.206865680637,2.88090947021949,3.42726616094468,3.08865663893676,2.37585678555703,3.28202396029659,2.48567948439475,3.06870022075269,3.26611850531657,3.3156149664451,0.127565412401676,-0.120031998277985,0.144949358097799,0.0746802596267283,-0.216356092869045,-0.149823596080971,0.159075768270752,-0.293648065503218,-0.328245540926268,303,931,356,-490,259,818,48,971,320,300.788888888889,930.444444444444,361.555555555556,-489.911111111111,263.6,819.777777777778,43.0444444444444,966.966666666667,326.144444444444,0.503258334775646,0.503258334775646,0.503258334775646,0.503258334775646,0.503258334775646,0.503258334775646,0.503258334775646,0.503258334775646,0.503258334775646,41,49,60,28,37,41,38,48,58,446.885122118034,424.505514206623,437.667260279282,682.718571428571,254.25,572.502857142857,141.127888244684,113.048029443287,128.302571539056,466016.250000001,420511.392857143,446987.305714286,0,49.7233554966825,0,54.4801892450544,0,107.401550343071,0,35.997661450728,0,43.1810268891167,0,72.8953657715009,0,41.138506499035,0,49.3669744150109,0,112.438910637901,1
1809640,272,911,346,-509,250,777,29,942,300,323,950,386,-481,277,858,58,980,359,303,931,366,-490,259,818,38,961,320,300.54,930.85,363.8,-490.77,263.5,819.85,42.18,965.97,325.41,300.153253081413,930.758678707763,363.545351565867,-490.68956485559,263.362171564931,819.67838380688,40.9900345613192,965.917131657465,325.025417566867,300.731109132394,930.895670846094,363.928014860082,490.810340151876,263.569156010334,819.935515757184,42.7686801292722,965.996413036819,325.603731551099,116.069090909091,85.8863636363635,94.1010101010102,39.9970707070707,36.8181818181818,141.643939393939,50.5127272727273,51.5445454545454,127.395858585859,10.7735366017428,9.26748960810658,9.70056751437823,6.32432373515704,6.06779876216918,11.9014259395225,7.10723063314589,7.17945300524667,11.2869773892685,2.94440478208424,2.49296107307012,2.56437296941636,2.76887795082866,2.77777777777778,5.01321382883699,2.69772440014213,3.25166613249218,3.55106272160685,-0.25154896427084,0.0398138942748129,0.250789892924474,-0.262649069783652,0.198761597999981,-0.174367346132915,0.258883656573239,-0.0895340188784158,0.309030855925178,303,931,356,-490,259,818,38,961,320,300.655555555556,930.777777777778,363.666666666667,-490.7,263.4,820,42.0333333333333,966.077777777778,325.177777777778,0.503258334775646,0.503258334775646,0.503258334775646,0.503258334775646,0.503258334775646,0.503258334775646,0.503258334775646,0.503258334775646,0.503258334775646,51,39,40,28,27,81,29,38,59,447.314309797684,424.815642777055,437.256373755816,683.652857142857,253.962857142857,571.525714285714,122.013683423171,142.801538531407,127.831353580387,466906.95,421139.031428572,446141.151428571,0,98.9997190874983,0,70.8943976705027,0,65.6749405878973,0,31.0535443199034,0,23.3584836201307,0,109.630397016562,0,35.3300023355318,0,37.2411956372008,0,99.9552476691411,1
1811203,282,901,336,-509,250,787,29,952,291,323,950,396,-481,277,848,58,990,359,303,931,366,-490,268,818,38,961,320,301.49,933.98,362.2,-491.1,263.5,820.45,43.37,964.21,324.22,301.217259066138,933.86852645752,361.868886557675,-491.003595152105,263.360909274918,820.29695169715,42.0062895079572,964.149877024914,323.717671559382,301.62501554082,934.03537406246,362.365009348309,491.148266819705,263.569156010334,820.526324989028,44.0430471243759,964.240120509409,324.470954015918,82.2524242424243,104.484444444444,120.767676767677,47.8888888888889,36.8181818181818,126.512626262626,59.4273737373737,58.6726262626263,164.43595959596,9.06931222543497,10.2217632747215,10.9894347792631,6.92017983067556,6.06779876216918,11.2477831710354,7.70891521145315,7.65980588935688,12.8232585404787,2.54344080351231,3.70830140052685,3.34337726117656,2.2108782274709,2.77777777777778,3.0508926631344,2.47438732734959,3.098979851947,3.25348528708117,-0.280466004972481,-0.568549081684698,-0.0322371688326928,-0.115536895581424,-0.198761597999981,-0.159539137647402,0.235591889409542,0.266247018289754,0.0762266282616848,303,931,366,-490,268,818,38,961,320,301.822222222222,934.366666666667,362.222222222222,-491.066666666667,263.6,820.777777777778,43.3555555555556,964,324.066666666667,0.503258334775646,0.503258334775646,0.503258334775646,0.503258334775646,0.503258334775646,0.503258334775646,0.503258334775646,0.503258334775646,0.503258334775646,41,49,60,28,27,61,29,38,68,448.387811130397,425.10012432729,436.410370070132,684.715714285714,254.078571428571,570.771428571429,124.65576949365,127.680262201036,165.045741187764,469160.627142857,421696.615714286,444420.085714285,0,56.6437823871238,0,84.0274808893413,0,109.881068933796,0,32.8309997123427,0,28.2323628876741,0,80.2494469029977,0,46.1574666379778,0,51.491447374603,0,108.786503227571,1
1812765,282,911,326,-500,250,787,29,952,300,323,950,386,-472,277,848,58,980,349,303,931,366,-490,259,818,48,961,320,301.23,934.29,363.2,-489.75,262.6,819.64,43.45,965.19,324.24,300.885262764019,934.194667503924,362.759930273729,-489.661141859651,262.4634036615,819.480094857007,42.3676411694033,965.145403397201,323.872727357198,301.402637679235,934.337567477622,363.417666053812,489.794334389446,262.66785109716,819.719891182348,43.9687388948103,965.212354873268,324.423427020923,105.08797979798,89.7837373737374,159.757575757576,43.8661616161616,36,132.293333333333,45.8055555555555,43.5897979797979,120.184242424242,10.2512428416256,9.47542808393042,12.6395243485495,6.62315344954061,6,11.5018839036626,6.76798016808232,6.60225703678658,10.9628574023492,2.47809912763882,2.39603535524541,2.63911000788276,2.87595295960627,2.6198347107438,3.2666475155426,2.64588186136508,2.66619005046234,2.87791610721324,0.104048264420656,-0.189049154340659,-0.246099799879542,0.129789184651968,-0.24669110010909,-0.0198453516025928,0.0335319901108226,0.384801382647785,0.037723076388033,303,931,356,-490,259,818,48,961,320,301.088888888889,934.377777777778,363.333333333333,-489.866666666667,262.8,819.655555555556,43.4444444444444,965.1,324.211111111111,0.503258334775646,0.503258334775646,0.503258334775646,0.503258334775646,0.503258334775646,0.503258334775646,0.503258334775646,0.503258334775646,0.503258334775646,41,39,60,28,27,61,29,28,49,448.637116538127,424.42067505799,436.800434176485,685.165714285714,253.924285714286,571.234285714286,176.898707818582,132.474332522991,122.656364189987,469672.56,420357.252857143,445208.014285714,0,75.8125593272857,0,70.9516476974162,0,147.911051891696,0,31.2157506343773,0,24.1628081372197,0,104.89139484228,0,35.7251061976034,0,24.1974054166232,0,94.6456252175899,1
1814328,282,911,336,-500,250,787,29,942,291,323,950,396,-481,277,868,58,980,359,303,931,366,-490,259,818,48,961,320,300.83,932.2,364.6,-489.95,261.79,821.24,43.46,965.11,323.42,300.536051565919,932.088572893388,364.229038842982,-489.863937999758,261.649824301568,821.028410186739,42.2519010799412,965.047315709167,322.916399539366,300.976660224676,932.255597998746,364.783771568857,489.993112196488,261.860210799579,821.346638149813,44.0433876989498,965.141341980541,323.672056254475,89.1526262626262,104.707070707071,135.393939393939,42.6742424242424,37.1372727272727,176.931717171717,51.5640404040405,61.1089898989899,164.751111111111,9.44206684273238,10.2326472971109,11.6358901418817,6.53255251982274,6.09403583245723,13.3015682222705,7.1808105673413,7.81722392534523,12.8355409356642,2.42294364892287,2.63309274532433,2.76265399470542,2.15616495647689,2.87258229223501,4.17363819132711,2.5936687706683,2.86292948419545,2.81277795829856,-0.0162470936940209,-0.169607842221045,-0.228299423049771,-0.160550435535644,0.124531573209734,0.544568601492993,0.102310543735456,0.0164579294284438,0.106419725293928,303,931,366,-490,259,818,48,961,320,300.977777777778,932.388888888889,364.666666666667,-489.888888888889,261.8,820.877777777778,43.4555555555556,965.122222222222,323.288888888889,0.503258334775646,0.503258334775646,0.503258334775646,0.503258334775646,0.503258334775646,0.503258334775646,0.503258334775646,0.503258334775646,0.503258334775646,41,39,60,19,27,81,29,38,68,447.991645750933,424.946027054434,436.667183864836,684.698571428571,254.177142857143,570.852857142857,152.714586713475,178.987022236856,165.912213962038,468323.421428572,421403.279999999,444943.384285714,0,54.0305330382843,0,75.9783073309949,0,115.793612799335,0,33.3361890615928,0,27.6165623783241,0,128.851762621245,0,38.6122238737425,0,39.8764540110401,0,131.144714749998,1
1815890,272,901,336,-500,250,787,29,942,300,323,950,386,-472,277,848,58,990,359,303,931,366,-490,259,818,48,961,330,299.69,932.25,362.1,-490.27,262.42,819.67,44.23,965.16,326.29,299.396138184407,932.146796159395,361.724839181034,-490.16009524433,262.267498899561,819.533708516476,43.1641995658773,965.098581161199,325.869269181124,299.836872315598,932.301212055417,362.287454930474,490.324718936339,262.496476166824,819.738098419245,44.7538825131407,965.19069618392,326.498407346805,88.9433333333334,96.4520202020202,137.161616161616,54.199090909091,40.5490909090909,112.768787878788,47.0879797979798,59.8529292929293,137.420101010101,9.43097732651995,9.82099894114749,11.7116017760858,7.36200318589248,6.3678168086944,10.6192649406062,6.86206818663148,7.73646749446602,11.7226320001142,3.22279647275443,3.81161910872033,2.52629857617343,2.5401372771605,2.84318760540699,3.13148561143444,2.55960830709893,3.48551129024302,3.1530197726805,0.0651479604593088,-0.693488128866126,0.0366935988665497,0.258322279138025,0.172383368069751,-0.0229817623145277,0.172963908229352,-0.0322856863261995,-0.176361519260608,303,931,356,-490,259,818,48,961,330,299.711111111111,932.666666666667,362,-490.544444444444,262.3,819.666666666667,44.1111111111111,965.066666666667,326.377777777778,0.503258334775646,0.503258334775646,0.503258334775646,0.503258334775646,0.503258334775646,0.503258334775646,0.503258334775646,0.503258334775646,0.503258334775646,51,49,50,28,27,61,29,48,59,447.489865919783,424.521949625704,437.086423689287,683.16,253.637142857143,572.434285714286,144.908158011286,114.057862232972,137.437343468078,467288.528571429,420554.262857143,445798.8,0,67.0227120496273,0,77.8166004614689,0,112.658091563618,0,38.7796338840444,0,29.0194117259138,0,92.9547887064565,0,39.8663128329078,0,43.1008186406909,0,116.898389605253,1
1817453,272,911,336,-509,250,777,19,942,291,323,960,396,-481,277,848,58,980,349,303,931,366,-490,259,818,48,961,330,301.9,933.51,364.8,-490.4,261.97,820.37,43.66,964.91,326.36,301.597601802123,933.413497823987,364.448619700399,-490.315747167479,261.808903272548,820.242512435161,42.3567848048558,964.854811520793,325.901735601424,302.049499254675,933.558198507195,364.976163605241,490.442269793296,262.050548558861,820.433391568139,44.1907230083419,964.937599018714,326.586374486138,91.2020202020203,90.8988888888891,129.858585858586,41.8787878787879,42.6354545454545,105.063737373737,47.0953535353536,53.7998989898989,149.303434343434,9.54997487965389,9.53409087899256,11.395551143257,6.471382223203,6.52958302998396,10.2500603595168,6.86260544803164,7.33484144272383,12.2189784492581,3.18361791390464,3.14493194560895,2.96260565068273,2.6877732656727,2.70181296882386,5.6634457707313,3.79663111802796,3.14287114544711,2.8795562062801,-0.281850214407966,-0.082967768059383,0.154043245188917,-0.283504613368521,0.0483135460023458,-0.383933403495393,-0.653483927335603,0.0410883920909093,-0.244581170576893,303,931,366,-490,259,818,48,961,330,302.166666666667,933.622222222222,364.555555555556,-490.288888888889,261.9,820.555555555556,43.9,964.9,326.555555555556,0.503258334775646,0.503258334775646,0.503258334775646,0.503258334775646,0.503258334775646,0.503258334775646,0.503258334775646,0.503258334775646,0.503258334775646,51,49,60,28,27,71,39,38,58,448.647692190893,424.747956521683,436.986935695832,685.804285714286,253.688571428571,572.112857142857,131.042725258643,106.794705058684,151.820979555868,469702.461428571,420992.168571429,445592.592857143,0,59.6871417449779,0,64.2158179726108,0,105.685176022021,0,33.8204972358683,0,32.4559279712643,0,80.8508738659491,0,38.1989755052199,0,34.0202237561988,0,129.609913821061,1
1819015,272,901,346,-509,240,787,29,952,300,323,960,396,-472,277,848,58,990,349,303,931,366,-490,259,818,43,961,325,299.63,931.24,364.8,-490.73,261.24,820.6,43.52,966.45,325.42,299.287510345606,931.112314212112,364.399571193397,-490.660725089328,261.086094046063,820.386952087648,42.5777162451503,966.401128725586,325.109144033009,299.798182115903,931.303570271262,365.003561626459,490.764678843129,261.316359993017,820.706342122443,44.0015908803307,966.474526306824,325.575152614569,101.831414141414,119.598383838384,150.060606060606,34.3809090909091,40.3054545454546,176.30303030303,42.5753535353536,47.8863636363635,102.023838383838,10.091155243153,10.9361046007426,12.2499226961074,5.86352360709063,6.3486576963524,13.2779151338992,6.52497919807823,6.91999737256912,10.1006850452748,3.44846799486475,3.02221525034961,2.90863457745786,4.099893180899,3.49699666319706,2.75029258265788,2.5808860838956,3.26708684894104,2.88246856118278,-0.449088380613787,-0.340293080247395,0.561401211167815,-0.140296920892333,-0.252576149898299,-0.0738918513341224,0.399149791586078,0.536613082744997,0.00884784688244115,303,931,366,-490,259,818,38,961,320,299.977777777778,931.322222222222,364.333333333333,-490.755555555556,261.4,820.5,43.2222222222222,966.188888888889,325.411111111111,0.503258334775646,0.503258334775646,0.503258334775646,0.503258334775646,0.503258334775646,0.503258334775646,0.503258334775646,0.503258334775646,0.503258334775646,51,59,50,37,37,61,29,38,49,447.504657993439,424.817827562959,437.47047063767,683.858571428571,253.332857142857,572.31,152.262871341367,176.381655781795,102.877697886978,467328.381428572,421155.047142857,446574.998571428,0,82.2402177911795,0,75.004427833175,0,119.211000872751,0,26.4156240733283,0,25.1025552116805,0,151.122154340655,0,35.4974236139585,0,36.3286976078427,0,67.4640870815103,1
1820578,272,901,326,-500,240,797,29,952,291,323,960,386,-472,277,858,58,990,349,303,931,366,-490,259,823,48,966,330,301.18,930.94,362.8,-489.27,260.52,822.57,44.46,965.74,324.35,300.88494007492,930.830767971229,362.431651118892,-489.188382364551,260.355613959133,822.42636583578,43.3602203423175,965.674886261729,323.858939047799,301.325737367388,930.994489779612,362.981542230456,489.31083168064,260.601765151351,822.64193304256,44.9424075901592,965.772581925994,324.590834744298,88.6945454545454,102.481212121212,133.090909090909,40.3607070707071,43.0399999999999,119.540505050505,43.5640404040404,63.5680808080808,157.866161616162,9.41777815912784,10.1233004559389,11.5365033303384,6.35300771845172,6.56048778674269,10.9334580554601,6.60030608411764,7.97295935071042,12.5644801570205,3.15241287671141,3.79294391758219,2.95759469942038,2.70113857196659,3.23514226553786,3.55826139275961,3.06838873842068,2.81496209325885,3.23060535835312,-0.3178896460338,-0.180930664000037,-0.385033271838036,-0.0685936569186081,-0.145292998880362,0.158621316302845,-0.526612813325972,0.110457065807869,-0.405570337918385,303,931,366,-490,259,828,48,971,330,301.477777777778,931.1,363,-489.233333333333,260.6,822.444444444444,44.5666666666667,965.6,324.633333333333,0.503258334775646,0.503258334775646,0.503258334775646,0.503258334775646,0.503258334775646,0.503258334775646,0.503258334775646,0.503258334775646,0.503258334775646,51,59,60,28,37,61,29,38,58,447.281936433134,425.124445006163,437.065311585756,683.537142857143,254.494285714286,571.95,141.038056839576,120.909247081603,160.193733827668,466844.374285714,421747.765714286,445755.304285714,0,64.602013715947,0,84.1067742012625,0,108.501225050311,0,30.625114515919,0,30.4772504765066,0,91.4735800334389,0,38.3843500340561,0,45.9834734937512,0,110.056172052078,1
1822140,282,911,346,-500,240,787,29,942,291,323,950,396,-472,277,848,58,980,359,303,931,366,-490,259,818,43,971,320,301.57,933.02,365.8,-488.49,262.41,822.23,43.45,965.82,325.7,301.266818365685,932.930129385151,365.458770026144,-488.417300080477,262.211201477639,822.017231977561,42.2660807031562,965.754660310827,325.105165911167,301.720980377567,933.064906638332,365.972130086432,488.526283837421,262.508914134358,822.335910683706,44.0369163316416,965.852597449528,325.995889544638,92.0051515151515,84.6460606060606,127.232323232323,35.8079797979798,52.4463636363636,175.936464646465,51.8661616161616,63.6036363636363,194.777777777778,9.59193158415715,9.20032937486808,11.2797306365145,5.98397692157814,7.24198616654048,13.26410436654,7.20181654974366,7.97518879799321,13.9562809436389,2.5491803041172,2.41502221766552,2.40453950056075,3.34165847708204,3.14538598322943,2.36310043332451,2.57390517007326,2.77769997913745,2.4829106107052,-0.0705746303670069,-0.0486860169165775,0.336417250721143,0.117777184359302,-0.111251540347213,-0.252124524595747,0.25041945970353,-0.253515060698874,-0.0460044085372613,303,931,356,-490,259,818,38,971,320,301.688888888889,932.966666666667,365.666666666667,-488.466666666667,262.4,822.644444444444,43.4444444444444,965.911111111111,325.822222222222,0.503258334775646,0.503258334775646,0.503258334775646,0.503258334775646,0.503258334775646,0.503258334775646,0.503258334775646,0.503258334775646,0.503258334775646,41,39,50,28,37,61,29,38,68,448.570726914744,425.058104991803,437.270846313389,685.881428571429,255.492857142857,572.13,133.295921918205,176.896351289453,195.147132380115,469534.83,421630.804285714,446178.775714286,0,59.8512721208298,0,65.4443347992277,0,102.789493507943,0,25.7180231453013,0,38.9454535651333,0,128.933180287929,0,34.8020812511055,0,44.7013196215746,0,122.330568102739,1
1823703,272,911,336,-509,240,787,19,942,291,343,960,386,-472,277,848,58,980,359,303,931,366,-490,259,818,38,961,330,301.07,929.56,365.5,-490.79,262.86,820.65,41.51,965.33,326.77,300.617924401148,929.454564574367,365.171874885941,-490.688424495602,262.677022258412,820.483570422328,40.0508813374523,965.259303820065,326.21342219923,301.295784902478,929.61280111668,365.66241261579,490.840778664528,262.95098402554,820.732995559457,42.1719100824233,965.365252119632,327.046586895506,137.378888888889,99.1579797979795,119.949494949495,50.3493939393939,48.3236363636364,137.603535353535,55.9493939393939,68.7485858585858,182.663737373737,11.7208740667618,9.95780999005201,10.9521456778795,7.09573068396722,6.95152043538939,11.7304533311179,7.47993274965717,8.29147669951414,13.5153149195177,3.94354870397039,2.9488620487084,2.99387479224377,3.18320860525078,3.41385780771458,2.73063037933543,3.07207066866242,2.97785873021053,3.24137321836249,0.0903019052163978,0.171417829400306,-0.271821421099689,-0.0226817858310832,-0.138606134714582,-0.15721271569066,-0.0193801579824376,-0.299317782392826,-0.0454475519762811,303,931,366,-490,259,818,38,961,330,300.911111111111,929.444444444444,365.666666666667,-490.822222222222,262.9,821,41.4,965.477777777778,326.777777777778,0.503258334775646,0.503258334775646,0.503258334775646,0.503258334775646,0.503258334775646,0.503258334775646,0.503258334775646,0.503258334775646,0.503258334775646,71,49,50,37,37,61,39,38,68,447.151504910058,425.036283212651,437.183860388003,684.055714285714,254.022857142857,571.547142857143,144.274935974441,142.017916163349,187.610917298117,466572.047142858,421573.088571429,446000.575714285,0,111.645136978751,0,67.934020035598,0,102.08005427401,0,41.9737254010549,0,41.3288685963967,0,114.623258901317,0,40.130230972432,0,52.8113016546162,0,137.932337244628,1
1825265,282,901,346,-500,240,787,29,952,300,323,950,405,-472,277,858,58,980,349,303,931,366,-490,259,818,38,961,330,300.36,930.95,367.78,-487.88,261.86,822.03,42.43,965.32,326.54,300.019324095496,930.859507725606,367.395113096036,-487.793000944218,261.650197408409,821.810894610602,40.9171075837743,965.269813725486,326.079482424611,300.529033539191,930.995139622114,367.974700217284,487.923580081963,261.963318042813,822.139495462905,43.1417431265822,965.345109274398,326.768817361755,102.596363636364,84.8964646464645,144.698585858586,42.9551515151515,54.6670707070708,181.847575757576,61.520303030303,48.9672727272727,150.998383838384,10.1289863084301,9.21392775348627,12.0290725269484,6.55401796725882,7.39371832754473,13.4850871616603,7.84348793779292,6.9976619471987,12.288139966585,2.61267458348218,3.38079851632132,3.47713601731279,2.68137013992128,3.29102829394221,3.45006224647929,2.39756528374502,2.4996637729555,2.48529205932272,-0.167345266928479,-0.213416272927562,0.440802733580901,-0.164039816331688,-0.471000737049626,0.0120583245434387,-0.0234310139381656,0.101705899811798,-0.102284810309075,303,931,366,-490,259,818,48,961,330,300.344444444444,931,367.555555555556,-487.788888888889,262,821.977777777778,42.3111111111111,965.244444444444,326.655555555556,0.503258334775646,0.503258334775646,0.503258334775646,0.503258334775646,0.503258334775646,0.503258334775646,0.503258334775646,0.503258334775646,0.503258334775646,41,49,59,28,37,71,29,28,49,447.933934434477,424.796777154177,437.159427096363,685.324285714286,255.432857142857,571.838571428571,150.965062145017,183.006270195022,152.861750438878,468203.584285714,421117.521428572,445941.535714286,0,97.007774822787,0,66.6921482061822,0,113.70516054909,0,35.2815727973058,0,45.4156181589622,0,128.28485616956,0,52.8491464013527,0,36.8563607472816,0,123.788584226914,1
1826828,282,911,336,-509,240,797,29,942,291,323,950,396,-472,277,858,67,990,349,303,931,366,-490,259,818,48,961,330,301.97,931.14,367.1,-489.44,260.52,822.83,44.96,965.61,326.44,301.661404084337,931.045974937171,366.697166910673,-489.312946962921,260.324593901892,822.610862413806,43.2294656403258,965.538734976593,325.952328281384,302.1250568887,931.187059617991,367.301238767309,489.503462704811,260.617305641817,822.939700099588,45.7958513404872,965.645592337064,326.67920043982,94.6152525252524,88.5256565656566,149.282828282828,62.7539393939394,51.2218181818182,182.364747474747,76.6246464646465,69.4322222222221,157.804444444444,9.72703719152201,9.40880739337651,12.2181352211714,7.92173840731562,7.15694195741577,13.5042492377306,8.75355050620298,8.33259996773049,12.5620238992148,2.69292508709568,2.33775289374845,3.2497813547138,2.46618467089708,2.78573633805446,2.65715830051798,2.62054414833027,3.48100257198452,2.99281718431641,0.214107344287946,0.115457769148802,0.0561940548976476,0.0346592817978295,-0.0930683502457269,0.104297779058433,0.179177753856066,-0.107927605419008,-0.415246219014898,303,931,366,-490,259,818,48,961,330,301.8,930.988888888889,367,-489.622222222222,260.5,822.755555555556,44.9222222222222,965.677777777778,326.744444444444,0.503258334775646,0.503258334775646,0.503258334775646,0.503258334775646,0.503258334775646,0.503258334775646,0.503258334775646,0.503258334775646,0.503258334775646,41,39,60,37,37,61,38,48,58,448.102723081744,425.268252747978,437.31530712169,685.804285714286,254.532857142857,573.004285714286,159.384033807212,188.502350649205,160.777174626543,468556.752857143,422042.044285714,446266.272857143,0,64.611292329503,0,60.5311402135215,0,111.646804025139,0,47.2988013778715,0,42.0442096847768,0,165.789150862625,0,63.7301901993307,0,54.768762908459,0,115.940179397132,1
1828390,282,901,336,-509,240,787,29,952,300,323,960,405,-472,277,848,67,980,349,303,931,366,-490,259,818,48,961,320,303.78,929.75,367.39,-488.41,260.78,821.75,46.53,964.63,323.79,303.513429046823,929.624832945853,367.014340180719,-488.32576721553,260.596273517291,821.597911313038,45.1772451511385,964.583069238577,323.346846222987,303.912651924858,929.812534869261,367.579501604755,488.45221874816,260.871615933969,821.825559349428,47.1585623190529,964.653507742547,324.010509088826,81.4258585858586,117.462121212121,140.684747474747,41.6584848484849,48.2743434343434,125.441919191919,59.4839393939394,45.8112121212121,144.288787878788,9.02362779517521,10.8379943353058,11.8610601328358,6.45433845165288,6.94797405250937,11.200085677883,7.71258318554422,6.76839804689501,12.0120268014514,2.92994265768714,2.84145804217972,3.44551586668178,3.57480444103274,4.02728851820091,3.20059455408317,2.84159792417476,2.6631650842341,2.34810424758407,-0.0964759272727315,-0.0428377199592405,0.358772590069261,-0.221153333373282,-0.0132173835720751,-0.439465843543085,-0.0727855411260043,0.271429879195363,-0.0716395027968073,303,931,366,-490,259,828,48,961,320,303.7,929.666666666667,367.222222222222,-488.277777777778,260.7,822.222222222222,46.6666666666667,964.477777777778,323.933333333333,0.503258334775646,0.503258334775646,0.503258334775646,0.503258334775646,0.503258334775646,0.503258334775646,0.503258334775646,0.503258334775646,0.503258334775646,41,59,69,37,37,61,38,28,49,447.834142651585,424.683504411618,436.577431307251,686.108571428571,254.622857142857,572.121428571429,151.889623494045,126.486067255757,147.235972629248,468012.402857143,420872.922857143,444755.627142857,0,58.310345934491,0,69.6271618805004,0,104.914857706111,0,32.279796093588,0,34.469822224849,0,101.380480349197,0,42.5970694318311,0,31.7118747412487,0,103.607852450288,1
1829953,282,911,336,-500,250,797,38,942,291,323,960,396,-472,277,848,58,980,359,303,931,366,-490,259,818,48,961,320,302.19,932.97,363.5,-487.76,259.81,822.36,48.9,965.43,324.92,301.861956689243,932.838065469744,363.013871797778,-487.686851376507,259.667359525175,822.218008034522,48.0479607593787,965.370284458609,324.366997500409,302.352526035421,933.036156855671,363.743041170549,487.796658455139,259.88199245042,822.430908952235,49.3092283452094,965.459802373978,325.1948646581,99.2463636363637,124.696060606061,178.535353535354,36.1236363636364,37.7918181818182,117.808484848485,40.5959595959595,58.1263636363636,180.498585858586,9.96224691705459,11.1667390318777,13.3617122231903,6.01029419942455,6.14750503715273,10.8539617121346,6.37149586800145,7.62406477125973,13.4349762135475,2.43764496273345,2.61957097955945,3.08398136237144,2.80332048216887,3.54084588346908,3.09427877331197,2.45988292361718,2.9148665750052,2.46127766895698,-0.224269828789362,0.262712731315787,0.0813883623833268,-0.212202669609431,0.460489983186534,-0.062599406260594,-0.0755219510385078,-0.219419129620238,-0.0735095494138374,303,931,366,-490,259,818,48,961,320,302.377777777778,932.8,363.333333333333,-487.555555555556,259.6,822.444444444444,49,965.477777777778,324.955555555556,0.503258334775646,0.503258334775646,0.503258334775646,0.503258334775646,0.503258334775646,0.503258334775646,0.503258334775646,0.503258334775646,0.503258334775646,41,49,60,28,27,51,20,38,68,448.301631865225,424.652602174082,437.108451227787,685.14,254.747142857143,573.964285714286,211.060853953844,121.760446369516,182.604797942487,468978.222857143,420804.355714286,445841.027142857,0,66.5957513747416,0,85.0252742137965,0,148.544709776173,0,18.2638160990974,0,28.4514994789457,0,83.140899746483,0,35.4239195619856,0,41.6998975048048,0,116.877321585199,1
1831515,282,911,326,-509,240,808,38,952,300,323,960,396,-472,268,848,67,980,349,303,931,366,-481,259,828,48,971,320,304.76,931.05,364.5,-485.69,259.61,824.9,47.59,966.69,321.95,304.428662304622,930.948228200403,364.069204622929,-485.586500377685,259.459811838682,824.777590569424,46.5521141220553,966.638025577907,321.523016950294,304.924908789033,931.100934378223,364.712215315034,485.742225877059,259.68401953143,824.961453644957,48.106652346635,966.715951042497,322.162614218348,101.55797979798,95.8055555555554,156.313131313131,51.2463636363637,38.8261616161616,102.414141414142,49.9413131313131,50.6807070707069,138.330808080808,10.0775979180547,9.78803124001734,12.5025249975008,7.15865655247992,6.23106424426531,10.1199872240108,7.06691680517842,7.11903835294536,11.7614118234508,2.46515940698744,2.83051202104873,3.61223871949389,3.43649005676378,3.64845957156173,2.69060178909158,2.44109055883508,2.51208450335269,2.5095405751773,-0.0829796112432337,0.112613251610196,-0.337780344527015,-0.660112660524005,-0.535265649002013,0.355284633023724,0.199834255604924,-0.17726104083387,-0.0493614455557021,303,931,366,-481,259,818,48,971,320,304.788888888889,931,364.888888888889,-485.555555555556,259.9,824.555555555556,47.4444444444444,966.766666666667,322,0.503258334775646,0.503258334775646,0.503258334775646,0.503258334775646,0.503258334775646,0.503258334775646,0.503258334775646,0.503258334775646,0.503258334775646,41,49,70,37,28,40,29,28,49,448.028056549977,425.099244460198,437.181090374929,685.847142857143,256.637142857143,572.67,163.303580853391,104.11452470983,139.524027910937,468404.207142857,421689.728571428,445989.741428571,0,87.1086206178957,0,65.0449851465121,0,94.7683001522723,0,35.2291967278439,0,25.8871057554502,0,85.5826065594809,0,38.3101967488366,0,38.550660809108,0,101.252198240805,1
1833078,282,911,326,-500,240,797,29,942,291,333,950,396,-472,277,848,58,980,359,303,931,366,-490,259,828,48,961,330,303.2,932.01,366.5,-486.9,261.42,824.68,47.02,965.52,324.33,302.822372913011,931.915174156559,366.059756615801,-486.832756559623,261.21325585394,824.527962079732,46.0029221456899,965.461972199502,323.875614459391,303.391331451642,932.057460675038,366.716511763515,486.933527290944,261.522580287057,824.755903282905,47.4883143520593,965.548963025698,324.553554902731,117.232323232323,89.3635353535353,160.353535353535,32.979797979798,54.1854545454545,126.462222222222,44.7066666666666,56.4945454545456,146.526363636364,10.8273876457954,9.45322883217873,12.6630776414557,5.74280401718516,7.36107699629983,11.2455423267276,6.68630441026032,7.51628534946256,12.1048074596981,3.10372652744667,2.5667261263716,4.05999875999752,3.2050986728704,2.74229007007823,2.58672596476029,3.00742577798955,2.99212634562278,3.37692395614862,0.450966578117965,0.118028939489455,-0.364090956953717,0.21110331070727,-0.218493364947564,-0.0872733472791933,-0.2245394277382,-0.209265795357227,-0.337808151908621,303,931,366,-490,259,828,48,961,330,302.944444444444,931.955555555556,366.888888888889,-486.8,261.4,824.666666666667,47.1111111111111,965.577777777778,324.733333333333,0.503258334775646,0.503258334775646,0.503258334775646,0.503258334775646,0.503258334775646,0.503258334775646,0.503258334775646,0.503258334775646,0.503258334775646,51,39,70,28,37,51,29,38,68,448.507831803377,425.479552939606,437.01907344387,686.447142857143,256.8,572.944285714286,193.312603777583,127.648350881666,146.568195038849,469396.461428572,422451.694285714,445660.692857143,0,92.0392817368542,0,71.8535667181147,0,113.767105865655,0,21.8416880135469,0,51.2919936376116,0,86.3393954378738,0,37.8671463336608,0,37.3293345403038,0,95.8327722780535,1
1834640,282,911,316,-509,240,787,19,933,281,323,960,396,-472,314,878,77,1019,359,303,931,366,-490,259,828,48,971,330,303.57,931.03,367.2,-486.89,261.81,823.63,45.45,966.44,323.46,303.177179996307,930.935764430788,366.581884345913,-486.758056183612,261.250297574819,823.392445518634,43.3479777947792,966.324531031917,322.8921477803,303.767921282021,931.077295394963,367.502925158426,486.956168458723,262.109614474555,823.749203338006,46.4251009691955,966.498101394928,323.738783589486,121.419292929293,88.9586868686868,224.808080808081,65.0887878787879,158.559494949495,198.356666666667,90.4924242424241,113.440808080808,182.250909090909,11.0190422872994,9.4317912863192,14.9936013288363,8.0677622596844,12.5920409366192,14.0839151753576,9.5127506139089,10.6508594996276,13.5000336699917,2.20778209469148,3.12684034916207,3.70551573972766,3.10489024031401,7.18811409103722,4.55456826801003,3.38404859536258,8.48212643289245,3.63653207092568,0.263398270583984,0.39626064776245,-0.368328989615428,-0.218487825223007,1.64602085282283,0.272993747488587,0.234654574021703,0.657901313620123,-0.319654623040246,303,931,366,-490,259,828,48,971,330,303.466666666667,930.755555555556,367.555555555556,-486.788888888889,260.6,823.422222222222,45.4666666666667,966.377777777778,323.755555555556,0.503258334775646,0.503258334775646,0.503258334775646,0.503258334775646,0.503258334775646,0.503258334775646,0.503258334775646,0.503258334775646,0.503258334775646,41,49,80,37,74,91,58,86,78,448.296779171865,425.183331196909,437.263054114031,686.485714285714,256.521428571429,572.292857142857,245.984609736622,233.356358916705,195.031363080351,468959.262857143,421881.647142857,446177.43,0,94.4141564717778,0,67.049701159909,0,208.22795343972,0,53.7795958842541,0,157.877923221066,0,150.949650099042,0,77.7743038174361,0,106.409085326289,0,146.071194572642,1
1836203,-171,833,108,-618,166,70,-87,771,-48,666,1215,851,-145,1000,1020,291,1209,456,303,970,198,-404.5,763.5,525,116,985,106,282.66,969.88,239.44,-418.14,612.96,540.4,106.6,986.01,155.18,373.279988275172,967.177070039562,201.325694844292,-389.981335632381,460.944695025595,381.454974839721,0,972.23392109233,0,305.143834936903,971.252006432934,268.778235726035,430.240304945969,671.875866511069,597.913739597946,130.604823800654,992.887178887914,219.817014810046,13349.5802020202,2690.14707070707,15060.8347474747,10369.3539393939,76461.8367676768,66129.9797979798,5751.57575757576,13746.6968686869,24483.5228282828,115.540383425105,51.8666277167416,122.722592653002,101.830024744149,276.517335383655,257.15749998392,75.839143966528,117.246308550363,156.472115178018,5.41029484673703,7.26132253316966,10.3298517217068,2.08574682515747,1.34421036125037,1.68414688004933,2.54389253553862,1.96810885230051,1.86877995912267,-0.527063756678796,0.584472273850599,2.33248134332809,0.14816684884829,-0.253276605251292,-0.0556517969613772,-0.192588684252401,0.132067847175176,0.490792274582994,151,960,158,-363,842,272,87,857,-9,285.688888888889,970.077777777778,223.755555555556,-419.911111111111,616.311111111111,540.211111111111,107.233333333333,985.988888888889,149.966666666667,0.618119489100038,0.618119489100038,0.618119489100038,0.618119489100038,0.618119489100038,0.618119489100038,0.618119489100038,0.618119489100038,0.618119489100038,837,382,743,473,834,950,378,438,504,450.775789063213,426.713847409675,436.241277951366,639.42,315.094285714286,534.767142857143,19713.7609503066,144672.500414632,33115.0247520344,475150.697142857,426010.602857143,450515.181428572,0.472157305648032,13271.9135999068,0,2356.34202843572,0.224693604908229,13195.4631424196,0.13896600657091,7721.4124501197,0.0426793380445455,54805.3825191765,0.0640475153841723,49481.6152579336,0.275557854206343,4664.19000486746,0.10078084182864,11779.2973205323,0.101418412631596,16908.4989143645,1
1837765,-979,568,-1861,-1345,712,-111,-38,866,-58,575,1941,1099,490,1268,484,213,1238,271,171,1019,188,-263,935,191,126,1000,77,161.89,1014.65,171.7,-261.39,945.05,182.62,119.06,1008.01,75.17,172.884130308706,996.338222838334,240.029014527593,-329.697200546307,939.322540277257,0,111.973484925501,1002.73715286552,0,231.705265369607,1024.11239129307,340.094398660137,373.145454213233,948.013760448655,208.866895414281,128.255292288467,1010.7784970012,87.7644005277766,27756.5231313131,19486.4318181819,87053.8484848483,71629.0887878788,5667.2601010101,10379.1066666667,2297.10747474748,5645.46454545455,2072.78898989899,166.602890525084,139.59381009981,295.048891685511,267.636112637811,75.2812068248783,101.877900776698,47.9281490853494,75.1363064400596,45.5278924385809,28.5047841901616,23.7867901275891,29.6582992567326,8.6101603514105,7.48621707669655,4.20961455255556,3.67152866276782,3.73366305412984,6.71850732873758,-3.95823818317972,2.30617739588086,-3.85890192395434,-0.716587102447497,0.912032258160056,-0.609994802105314,-0.49054727307663,0.842068000764111,0.68309203943001,161,1019,188,-254,944,181,126,961,67,172.144444444444,1016.43333333333,187.466666666667,-255.188888888889,942.188888888889,185.411111111111,120.677777777778,1004.71111111111,74.2555555555556,0.557438185027989,0.557438185027989,0.557438185027989,0.557438185027989,0.557438185027989,0.557438185027989,0.557438185027989,0.557438185027989,0.557438185027989,1554,1373,2960,1835,556,595,251,372,329,464.148591542132,442.140982501447,437.093054499203,577.817142857143,371.262857142857,515.245714285714,115009.012213253,71650.6927370959,5967.3007762718,522067.594285714,463539.857142857,448210.791428571,3.21676864199371,31431.9953734907,2.31419948238841,21647.2626284745,1.58912785041655,101621.168274875,0.952646171180683,85941.6439831814,1.26709960992322,6322.40803103598,0.534008781938829,11862.3789147063,0,2536.04760462892,0.840511138666201,6708.37986788396,0,2089.25238161171,1
1839328,80,1000,138,-363,898,70,29,952,29,131,1039,198,-200,972,202,155,1047,174,101,1019,168,-249.5,953,121,97,1009,97,105.92,1022.14,166.5,-252.06,950.62,124.99,93.51,1008.31,101.38,104.686493584705,1022.05794713716,165.549936689055,-247.41880288294,950.327062909741,118.661584578834,87.5876372480794,1008.08619248559,95.7814714007423,106.544920104151,1022.18088418831,166.970057195894,254.522847697412,950.763735109833,128.018397115415,95.5771416186946,1008.42085956212,103.564182997791,134.114747474747,84.4246464646465,158.333333333333,1260.23878787879,276.056161616162,773.949393939394,394.818080808081,225.832222222222,452.157171717172,11.5807921782038,9.18828854927001,12.5830573921179,35.4998420824486,16.6149379058774,27.8199459729776,19.8700297133165,15.0277151364478,21.2639876720518,2.48832258711283,2.86604070789165,3.11964011812916,3.05978541002278,4.00547298018738,2.79366456051522,5.47273685210575,4.9814581247273,4.65409959502519,0.302164410152736,-0.369902241073772,0.0401272352642304,-0.674104319142007,-1.03467877969416,0.252539886746917,-0.259622194448457,-0.570440997531006,0.0233792721305411,101,1019,168,-227,962,101,97,1009,97,105.522222222222,1022.33333333333,166.555555555556,-250.088888888889,951.955555555556,124.588888888889,93.7888888888889,1008.53333333333,101.388888888889,0.503258334775646,0.503258334775646,0.503258334775646,0.503258334775646,0.503258334775646,0.503258334775646,0.503258334775646,0.503258334775646,0.503258334775646,51,39,60,163,74,132,126,95,145,446.210261768447,425.354219386792,436.334346585266,554.811428571429,352.95,515.657142857143,184.707614485647,1964.85033836806,518.610607360801,464607.677142857,422195.258571428,444331.354285714,0,115.919241649008,0,78.5952643032511,0,126.666545428076,0,1108.35853542883,0,266.350873602473,0,737.928782620206,0,353.275957113028,0,194.460724236185,0,410.098731753421,1
1840890,70,1000,99,-381,907,70,29,961,87,212,1117,217,-154,1009,212,145,1047,174,101,1029,158,-236,962,121,67,1009,135,111.24,1028.89,160.6,-235.52,958.11,119.63,73.17,1006.13,131.07,105.9170045793,1028.62875896685,158.277404731333,-231.87124424902,957.853567354167,115.585363486702,69.37865587575,1005.94874060887,129.206426382977,114.502227052577,1029.0264087962,161.614417673672,237.539259912967,958.238409791634,121.911320229091,75.3521731604338,1006.22027906418,131.948664260007,743.86101010101,283.553434343434,330.161616161616,964.878383838384,248.563535353535,556.599090909091,327.374848484849,183.508181818182,233.439494949495,27.2738154665058,16.8390449356083,18.1703499185243,31.0624915909588,15.7658978606845,23.5923523818438,18.0935029357183,13.5465191771976,15.2787268759375,5.14483042438292,16.166609240964,5.17104914763436,7.94358150822194,4.56740486425298,6.29132653790754,7.12609531266245,5.46363484171775,3.26099488804566,1.44416363877098,2.83835435861152,-0.654396459923441,-1.42858136049386,0.154272882330179,1.32151090397001,1.56240540042768,-0.225982867828324,-0.197911912215871,101,1029,158,-236,953,121,67,1000,135,108.977777777778,1027.55555555556,161.444444444444,-233.577777777778,957.933333333333,117.844444444444,71.7555555555556,1006.35555555556,131.222222222222,0.503258334775646,0.503258334775646,0.503258334775646,0.503258334775646,0.503258334775646,0.503258334775646,0.503258334775646,0.503258334775646,0.503258334775646,142,117,118,227,102,142,116,86,87,449.048527802637,426.266959813173,436.085490359057,557.455714285714,360.951428571429,518.73,884.108735541625,1278.05431741119,412.139163092776,470625.141428571,424074.908571429,443814.707142857,0,714.686050659754,0,252.801170298172,0,274.69640227711,0,1027.28683089947,0,231.90284274306,0,553.338718189431,0,331.355167971904,0,181.469732501277,0,182.1068125298,1
1842453,-1191,-9,-2990,-1709,759,-282,-38,866,0,1484,3607,475,609,1388,848,281,1380,252,151,1029,168,-245,953,176,126,990,106,140.45,1030.49,111.17,-210.56,952.21,155.83,103.9,1006.25,109.61,0,-13252.9256109385,225.032201548432,-253.61469345928,944.564186843134,805.161560648148,0,999.239536263046,0,309.233358485141,1109.51202336883,423.907548883008,372.497167774468,956.486523689696,225.435866711577,125.036074794437,1010.27032521004,117.554880800416,76665.7247474748,170815.444343434,169029.132424242,95372.3498989899,8245.03626262626,26806.4051515151,4887.68686868687,8188.95707070707,1823.02818181818,276.885761185863,413.298251077154,411.131526915952,308.824140732213,90.8021820367014,163.726617113758,69.9119937398932,90.4928564623035,42.6969341032607,14.9974379605276,24.5167991354408,41.5425225213286,10.3831263299849,9.63207167041109,6.81993057951088,2.37662905679199,8.32619159084818,3.72910561148388,0.0457217817575711,3.92961470893769,-6.00678483744696,-0.984329827712065,1.73900209821432,0.24717399920418,-0.399711035355943,1.9549667609213,0.316376821165676,141,1029,158,-318,953,212,145,990,77,139.455555555556,992.944444444444,175.355555555556,-205.977777777778,945.6,155.966666666667,104.666666666667,996.955555555556,109.2,0.6098403047164,0.6098403047164,0.6098403047164,0.6098403047164,0.6098403047164,0.6098403047164,0.6098403047164,0.6098403047164,0.6098403047164,2675,3616,3465,2318,629,1130,319,514,252,475.166529148213,443.397086153767,437.415410004583,549.475714285714,384.634285714286,522.754285714286,346978.578882354,116361.596574106,8878.11615514477,645574.204285714,473332.26,450042.557142857,4.78526977278926,58118.8650475531,2.30799396206514,163534.366951576,1.18141507850536,183861.011341783,2.94696439893516,107864.821306477,0.691921326038442,7974.78570632419,2.02380996287795,29675.4451284577,0.726589743080918,5367.60671223313,0.442330713031941,9379.31144046223,0,1675.314720086,1
1844015,-2090,-245,-1851,-2127,666,-282,-77,895,19,5101,4607,792,636,1453,878,281,1266,262,146,1019,188,-200,962,141,97,1000,111,137.6,1021.78,145.17,-212.02,958.28,151.08,89.17,1006.07,108.6,214.305083574285,985.154861798381,195.868754695859,0,952.044539714705,168.181027092753,0,1003.52055298044,96.333743447486,590.042506943356,1108.98058594369,317.525258837781,388.509382126095,961.635814640865,192.212590638595,108.739367296302,1007.47224775673,113.611971200222,332541.818181817,187680.375353536,80553.496060606,107057.635959596,6507.96121212122,14263.145050505,3912.08191919192,2852.00515151515,1124.9696969697,576.664389555847,433.220931342815,283.819477944355,327.196631950263,80.6719357157198,119.428409729449,62.5466379527463,53.4041679226927,33.5405679285503,58.4189687393654,49.2258253375027,33.2418198189394,22.3177280954904,17.8662357729614,17.5911715477413,4.48833995824113,12.6539225194252,10.3089302357285,5.79453449302847,5.5244986900876,-5.17574523052187,-3.17414527286477,1.93463262380824,1.35364139929633,-0.301335581111945,2.23638478162643,1.4041484234316,141,1019,178,-200,972,101,77,990,116,126.155555555556,997.777777777778,186.922222222222,-197.488888888889,955.766666666667,152.266666666667,90.7666666666667,1002.67777777778,107.555555555556,0.578389293411278,0.578389293411278,0.578389293411278,0.578389293411278,0.578389293411278,0.578389293411278,0.578389293411278,0.578389293411278,0.578389293411278,7191,4852,2643,2763,787,1160,358,371,243,480.501154461528,441.501409116022,436.301933317543,559.092857142857,384.574285714286,515.931428571429,518790.696194157,121500.022412294,5171.37878303183,719490.167142857,476840.854285714,445599.54,9.2508218040508,167097.789493797,3.19533669537306,162056.297166487,1.04652466418066,87085.9480518141,3.77855490359599,120380.143909622,1.71673600944229,5920.18222361081,2.54140982344192,15659.1974915871,0.682355873517468,4251.54017742053,0,3149.99786403119,0,1153.58420007069,1
1845578,90,1000,128,-427,888,70,58,942,67,171,1098,237,-145,1009,222,145,1066,165,151,1029,148,-181,972,101,87,1009,135,146.69,1027.86,152.59,-201.43,965.08,110.5,86.69,1005.2,129.73,145.208285752196,1027.55648274991,151.210040249861,-192.039196085266,964.6636135991,105.590145281217,84.4114133948298,1004.89989687633,125.894073162204,147.328171101117,1028.01651737703,153.36508729173,209.084982722337,965.281689456503,113.903819075569,87.9801682198892,1005.34956109803,131.114568221842,189.529191919192,325.030707070707,239.537272727273,3174.22737373737,393.266262626263,771.545454545455,227.630202020202,303.737373737374,364.805151515151,13.7669601553572,18.0286080181113,15.4769917208504,56.3402819813442,19.8309420509027,27.7767070500708,15.0874186665646,17.428062822281,19.0998730758911,5.91798822467654,7.12687878498189,10.403299507727,10.1028662008483,7.26784085007482,8.09936040042436,6.46562815532912,6.31364577652698,5.46332236344621,-1.03246457215207,1.84788804588994,1.751865669234,-2.74383627810271,-1.43548087743032,2.17885107542449,1.37265910514433,-0.0931790234482257,-1.47099084540764,141,1029,148,-181,972,101,87,1009,135,147.444444444444,1025.87777777778,151.777777777778,-193.055555555556,966.5,107.344444444444,85.5,1005.21111111111,131.366666666667,0.503258334775646,0.503258334775646,0.503258334775646,0.503258334775646,0.503258334775646,0.503258334775646,0.503258334775646,0.503258334775646,0.503258334775646,81,98,109,282,121,152,87,124,98,449.841280450855,426.044289246462,436.08473040827,568.774285714286,374.635714285714,523.551428571429,451.527423676843,3976.11257785669,516.311127408009,472304.742857143,423625.435714286,443853.977142857,0,166.566406252013,0,307.767938460822,0,213.837529871429,0,3321.14133302887,0,425.757241890341,0,803.680533311839,0,241.642455582856,0,329.570019736453,0,339.501338297847,1
1847140,-1000,98,-930,-1263,703,-232,-203,857,0,1969,1862,425,518,1240,868,300,1295,349,171,1039,188,-190,948.5,171,67,1000,116,200.37,1076.35,113.92,-187.8,954.45,159.78,60.57,1009.22,112.06,601.315315344378,888.880270531732,0,-161.150435260704,943.912851778789,0,119.335843033094,1003.05823497904,0,513.378778291429,1119.5815066354,269.228341747298,337.675110128064,959.727070577881,228.849557570033,105.761949679457,1012.47272555857,126.183358649229,225666.296060606,95892.351010101,60107.2056565657,79551.1515151515,10203.2803030303,27113.6076767677,7592.79303030303,6642.43595959596,3398.78424242424,475.043467548609,309.664901159465,245.167709245255,282.048136875874,101.011287998076,164.662101519347,87.1366342608149,81.5011408484321,58.2990929811454,7.08832745511488,4.38343030328929,10.3871836431837,5.40210159573949,3.33827562394798,6.08245929845426,3.42636342894043,3.94783997394597,4.78739011074727,1.53115379812154,-0.287215091695862,-2.61957103066462,-0.642586405995412,0.280483433714548,0.851329001476492,-0.46636928996265,0.878217369199872,0.773794945894205,181,1039,188,-190,935,171,58,942,116,166.522222222222,1084.65555555556,148.455555555556,-179.677777777778,951.911111111111,153.411111111111,62.5555555555556,1004.56666666667,109.777777777778,0.68007704572828,0.68007704572828,0.68007704572828,0.68007704572828,0.68007704572828,0.68007704572828,0.68007704572828,0.68007704572828,0.68007704572828,2969,1764,1355,1781,537,1100,503,438,349,512.835796070217,441.951160653206,438.216713547039,595.988571428571,397.041428571429,506.507142857143,308678.396962785,96944.4616626083,9722.56408730893,681216.18,466059.707142858,450946.649999999,0.273061402641896,254170.847152385,0.0317958041067405,112830.35331874,0.266279934179476,60981.7888961557,0.206041058936203,93869.1492294139,0.327985347282063,11396.5215822913,0.261876981223994,30920.9369202285,0.26092940422096,7409.41934337873,0.70718615686343,7805.37608629519,0,3483.50888099749,1
1848703,-1050,98,-1336,-1000,685,-353,-194,838,-223,1575,1784,1198,572,1314,626,330,1371,330,141,1029,207,-200,953,196.5,97,980,87,183.72,1082.34,161.02,-182.4,968.47,169.05,89.13,1012.71,97.74,0,885.198398532701,207.232326656037,0,952.211606229106,0,118.652057928106,1000.6051886243,0,467.837193904033,1130.05414914508,302.541104645303,358.793533943966,976.902436274984,253.623875059112,125.84287822519,1019.38822339676,127.878770716644,186988.486464646,106628.792323232,66266.343030303,96427.3131313132,16569.9283838384,36108.25,7971.99303030303,13707.8847474748,6868.55797979798,432.421653556626,326.540644213293,257.422499075553,310.52747564638,128.724233863863,190.021709286071,89.2860181120372,117.080676234273,82.8767638110826,6.31724065061078,3.89663063994899,16.3830775776411,3.73122474644895,3.69694697199983,3.61225469314107,3.92121558693466,3.38417714584003,5.06071543806878,0.782606309753301,-0.207840371344131,-1.94837489606145,-0.260491831694955,0.634285605287679,-0.0226374121912969,-0.205040454125873,1.06519427985524,-0.028837123963215,161,1009,227,-200,925,0,116,904,77,170.8,1089.23333333333,179.677777777778,-177.6,964.9,167.055555555556,89.8666666666667,1004.96666666667,97.1666666666667,0.662763123158257,0.662763123158257,0.662763123158257,0.662763123158257,0.662763123158257,0.662763123158257,0.662763123158257,0.662763123158257,0.662763123158257,2625,1686,2534,1572,629,979,524,533,553,513.93605357458,454.312894151165,440.621053867547,611.605714285714,409.337142857143,514.105714285714,251732.564569869,119332.599745792,14797.5175235012,680325.059999999,491741.245714285,459146.468571429,0.554513944300224,207413.996956259,0.117457683369396,124988.033717156,0.536215633888736,64618.3983579127,0.212107797859955,112949.712108901,0.4560434118421,19070.1214251585,0.42867913455027,41547.9187011779,0.371318978336318,8248.45670408344,0.493392521916563,15974.093679995,0.837098010592675,6992.42534398227,1
1850265,-1272,-29,-1861,-909,759,-404,-126,857,-67,2050,1852,841,790,1388,787,291,1466,378,141,1063,217,-245,935,232,97,990,116,171.28,1130.99,198.19,-162.29,974.02,236.74,82.15,1013.88,115.88,0,1145.30968649464,230.731274907137,0,958.102786282114,1235.11387257818,0,1001.9278902886,0,537.790275107314,1206.42831946204,346.220608860882,421.115364241202,982.809849360496,308.316850009856,112.130861050828,1020.46025890281,140.583427188271,262506.607676768,178112.03020202,81403.4685858586,152525.35949495,17373.9793939394,39407.5276767677,5883.54292929293,13521.7026262626,6399.52080808081,512.35398668964,422.033209833089,285.312930982559,390.544951951692,131.810391828336,198.513293451012,76.7042562658223,116.282856115004,79.9970049944422,7.88981754149653,3.0468931859322,29.7387756237348,2.98692539797784,4.02799452151356,3.60090929172639,3.92727991253447,4.40434479769417,3.62883765770362,1.4268182018206,-0.453507498152426,-4.06909105649263,0.475247523589458,1.0509526700728,-0.0714303666210738,-0.138134845336068,1.12551672433948,0.181402119884325,161,1029,227,-254,888,202,97,1009,106,138.122222222222,1148.11111111111,223.722222222222,-171.422222222222,965.422222222222,235.788888888889,82.6444444444444,1005.42222222222,114.944444444444,0.634309554640566,0.634309554640566,0.634309554640566,0.634309554640566,0.634309554640566,0.634309554640566,0.634309554640566,0.634309554640566,0.634309554640566,3322,1881,2702,1699,629,1191,417,609,445,552.392590921381,469.594186276234,441.164966451101,643.054285714286,449.344285714286,519.39,353881.977546485,160159.179164902,14966.7312206678,799095.591428571,530705.412857143,460146.93,0.244135173604084,287318.512403911,0.0815152878616366,208672.051101208,0.572811177122396,74590.339547381,0.0409390916475058,177164.069509191,0.433470433014684,20163.8812275765,0.430477696614678,40103.6032449196,0.21208043694001,6818.35625565471,0.223604447214481,15746.8924106845,0.600885548022661,6756.43745218894,1
1851828,-1030,215,-1643,-1227,694,-666,-77,819,-77,1545,2009,1475,763,1472,989,320,1561,359,131,1107.5,217,-154,935,176,97,971,135,315.85,1136.79,225.41,-127.53,950.68,175.52,90.53,1005.43,146.08,0,973.591401584972,194.567736365935,0,936.337295571125,0,0,989.693652893619,0,628.704405901533,1187.9817549104,567.888202025716,397.300377548273,958.91392731569,314.95977520947,111.241853634322,1014.94032829522,167.23749579565,298492.936868687,120211.258484849,274431.658484849,143013.827373737,15882.2804040404,69083.2218181818,4221.28191919192,19408.4697979798,6695.97333333333,546.345071240409,346.714952785207,523.862251441014,378.171690338842,126.024919773989,262.836873018574,64.9713930833557,139.314284256783,81.828927240514,3.14772518077701,3.27101784009275,6.47053699821468,3.16538816493946,6.5348360824568,4.16627521562027,4.76812211972301,6.01024130065103,3.176201946591,0.485432029647876,-0.341526223179271,-1.47860098052591,0.117400483342129,1.53490434005445,0.223603057770631,0.442317420567791,1.77599144270516,0.241194844463902,121,1029,138,-290,870,191,106,971,135,313.8,1145.07777777778,271.8,-127.144444444444,940.822222222222,171.677777777778,89.1444444444444,991.044444444444,145.3,0.628966689102201,0.628966689102201,0.628966689102201,0.628966689102201,0.628966689102201,0.628966689102201,0.628966689102201,0.628966689102201,0.628966689102201,2575,1794,3118,1990,778,1655,397,742,436,591.038746990016,459.067180622913,439.24858670472,719.164285714286,428.001428571429,532.302857142857,408908.054914624,144262.988772409,19948.2218246619,912457.238571429,504241.358571429,458763,0.48076325473162,298874.527842878,0.127010742633095,134408.435024376,0.208670356230826,291219.528994548,0.131833061729234,161097.417159783,0.752811022025782,17675.8218985863,0.328818096568644,77077.8688710435,0.326320331800812,4757.96727341908,0.346431786305199,22390.6623199694,0.367020206868644,7169.69829107565,1
1853390,-393,490,-2524,-627,796,-757,-77,857,-87,696,2617,752,336,1342,555,368,1438,203,171,1034,168,-209,953,151,126,990,77,183.74,1037.12,107.91,-176.03,972.03,124.32,118.08,1002.68,81.5,356.91044636947,996.150411528737,197.180923862873,0,965.719091006174,246.314039943157,0,995.591748043406,0,259.873007447869,1060.46596362165,377.974536179357,253.628409292019,975.527534209055,204.754877841774,143.365546767694,1006.66405518425,98.4467368682172,34114.7397979798,49464.8137373737,132545.638282828,33677.584949495,6880.45363636363,26736.4622222222,6677.56929292929,8086.1995959596,3080.31313131313,184.701759054915,222.406865310794,364.068178069477,183.514536071383,82.9484999042396,163.51288090613,81.716395496432,89.9232984045825,55.5005687476546,4.70187742347189,27.4920271049372,32.8938953285954,3.64501632300326,7.14609629835226,11.8777142813669,3.06132225019187,8.40557894709293,2.76481321100307,-0.0701339803980935,3.18617514611618,-4.87639932029349,0.767713930907265,1.57684324949518,-2.19688421558351,0.0978393218920825,1.74799044562223,-0.123002177246154,171,1019,168,-254,935,121,145,942,38,184.088888888889,1031.47777777778,150.588888888889,-184.177777777778,965.255555555556,139.711111111111,117.622222222222,994.766666666667,82.1555555555556,0.62085166808952,0.62085166808952,0.62085166808952,0.62085166808952,0.62085166808952,0.62085166808952,0.62085166808952,0.62085166808952,0.62085166808952,1089,2127,3276,963,546,1312,445,581,290,477.488975678142,439.38445235616,436.189897839082,569.472857142857,394.422857142857,515.254285714286,158966.205881587,41619.9345195621,8641.9722672307,572137.195714286,453388.242857143,447264.84,0.689058267490862,32943.5228256505,1.43048578468304,48598.0566234246,0.422446277993265,143495.308582018,0.517909500639749,38545.6229841252,0.90347281671199,7782.70103621299,0.376872493327803,29361.3376920788,0.291440569017516,7139.24959660869,1.20161896829649,9197.83338384696,0,3424.58641736185,1
1854953,-1252,68,-584,-636,814,-777,-29,838,-106,3616,1823,623,1000,1407,606,368,1228,165,222,1039,69,-190,962,196.5,174,980,48,275.49,992.75,57.4,-99.63,980.25,108.51,176.83,1006.73,41.9,0,760.223880476226,0,5374.09149249369,970.471687641079,0,0,996.206424416309,0,748.671777216158,1035.41742790046,190.577648217203,337.960840926874,985.734381058102,306.401093340086,198.546040000802,1012.1952430238,68.8886057341851,489509.787777778,87410.7954545455,33358.6666666667,105344.841515152,10891.1186868687,82936.5756565657,8234.02131313131,11145.3708080808,3020.23232323232,699.649760793054,295.653167502981,182.643550848823,324.568700763261,104.360522645628,287.987110226423,90.7415082149912,105.571638275063,54.956640392516,14.220940740433,5.00882289139372,6.34204287337429,3.95891184719653,6.33154797786174,3.24901920077763,2.52333765682069,2.12352418501224,2.99931913888515,2.56498557790569,-0.603408179753286,-0.40367414651111,1.13629757714411,1.47187858654405,-0.715088385192967,-0.165971370238703,0.489781866000074,-0.374247310895753,202,1058,118,-300,907,-40,242,933,9,211.711111111111,999.744444444444,60.0444444444444,-120.488888888889,971.022222222222,123.577777777778,177.733333333333,1004.02222222222,43.3222222222222,0.70609709890515,0.70609709890515,0.70609709890515,0.70609709890515,0.70609709890515,0.70609709890515,0.70609709890515,0.70609709890515,0.70609709890515,4868,1755,1207,1636,593,1383,397,390,271,506.400935134853,461.929333495878,440.972066880442,568.131428571429,423.912857142857,525.197142857143,532877.001787927,167418.177878393,12903.2100455204,715250.794285714,505616.327142857,458016.591428572,2.38628584751263,518452.190858357,0.596442111989091,94186.644460679,3.00611439700021,34952.7868785883,0.539776253133415,117884.276725219,0.704939214806789,11879.3162675137,0.496784478627514,96072.2467034474,0.183342256912615,9349.04435323509,0.209312817241436,13143.8039790931,0,3113.35538087467,2
1856515,-1333,-49,-574,-1281,777,-828,0,752,-135,3464,1696,841,963,1314,606,398,1180,194,262,1068,34,-222.5,967,176,213,980,38,292.02,994.61,14.65,-103.54,982.24,145.44,221.44,989.77,40.81,0,644.956002233318,0,-444.370636991929,972.137201232815,0,0,978.037593427199,0,622.85014249015,1058.1674678424,236.375315970175,429.22551182333,987.651082113517,322.788661510903,243.252954761088,995.483565911562,72.6822536799734,305723.858181818,131787.21,56220.8762626263,175266.675151515,10766.9115151515,83878.5115151515,10238.7135353535,11457.4516161616,3653.79181818182,552.92301288861,363.025081778105,237.10941833387,418.648629702183,103.7637292851,289.61787153964,101.186528428213,107.039486247654,60.446603032609,15.3471869227411,3.49383930778639,4.1274308400183,3.35675791150278,3.84333336297499,2.99902699254305,2.35729146594027,2.03709265708144,3.4863454169247,1.77681772279491,-0.794812403165976,0.339775905104818,0.678045615466437,0.910030962999,-0.60109136963743,-0.242228589735501,-0.0988241478783631,0.00136761728501139,252,1068,29,-245,972,393,252,885,0,276.111111111111,1008.66666666667,9.13333333333333,-118.377777777778,977.222222222222,155.533333333333,223.866666666667,991.244444444444,41.2222222222222,0.728544874833431,0.728544874833431,0.728544874833431,0.728544874833431,0.728544874833431,0.728544874833431,0.728544874833431,0.728544874833431,0.728544874833431,4797,1745,1415,2244,537,1434,398,428,329,507.829932452898,476.873437893945,437.882381476602,557.691428571429,438.917142857143,536.58,334741.262360268,226913.602887538,11594.3767482388,670085.991428572,541663.594285715,452332.388571428,2.17077373711588,326557.62024405,0.293173053207317,147448.616961032,1.19943452824959,60788.977001791,0.384490212737287,205852.171643444,0.78694250057901,11080.4965518937,0.187701473250013,98376.0691646464,0.200420168772822,12153.535315741,0.273336258936189,13606.9879816142,0,3872.9336594357,2
1858078,-353,-98,-623,-845,712,-565,-58,647,-135,2616,1725,247,1072,1314,616,398,1276,184,348,1004.5,-79,-45,972,151,233,980.5,9,391.95,936.17,-103.9,-22.48,984.79,121.72,210.99,991.45,11.09,358.010105807088,624.652160707367,0,0,973.036323957223,223.993454794525,186.392361833121,971.78495382825,0,565.037812893969,1003.12843145831,183.513378258916,363.293958111059,990.773531136152,270.161877399458,225.570498957643,1000.75799771973,56.8055455039383,167316.088383838,131164.021313131,23113.0808080808,132805.201616162,11940.2483838384,58759.2743434344,6429.56555555556,18730.7752525253,3135.23424242424,409.042893085601,362.165737353951,152.029868144654,364.424479990247,109.271443588151,242.403123625572,80.1845718050272,136.86042252063,55.9931624613599,16.4331781023626,4.04110224383069,4.39674005254369,3.54719217649329,3.67317430352369,3.63366001221606,4.41622619502295,2.72778500359669,3.66201374454431,3.12132429312844,-0.895732625266604,-0.808660616981243,0.439093629647191,0.459450213267448,-0.730005523502923,-0.668178081270218,-0.0976080286979087,-0.0490592966717162,333,1009,-89,45,944,202,233,914,9,346.944444444444,954.288888888889,-98.2888888888889,-30.9222222222222,981.288888888889,131.977777777778,213.855555555556,993.188888888889,11.1444444444444,0.787570871658769,0.787570871658769,0.787570871658769,0.787570871658769,0.787570871658769,0.787570871658769,0.787570871658769,0.787570871658769,0.787570871658769,2969,1823,870,1917,602,1181,456,629,319,473.739247810239,462.271300601618,436.480143466431,524.665714285714,464.584285714286,520.084285714286,172990.285797491,175813.367932578,19097.6719924016,582519.231428571,508543.77,452410.924285714,4.30417611583567,174018.346960243,0.170198783990744,154060.120706583,1.27884157557214,24693.1252091598,0.15263968698934,158470.255459982,0.158956113108407,13391.6153767977,0.168589144698274,70107.4947380714,0.261348208391902,7546.94612906535,0.116244732085754,22366.8785140875,0,3397.07189996157,2
1859640,-2606,-637,-1039,-854,685,-656,29,742,-126,4131,3225,702,972,1824,525,436,1352,145,272,1029,39,-136,957.5,217,223,980,29,367.33,993.98,0.3,-92.63,990.45,113.19,210.56,994.2,19.03,267.890321028073,1888.17494970891,0,0,965.282100108146,0,153.034830946639,981.821108001035,0,987.683375378972,1163.90013317295,253.081014696875,444.836925175957,1006.9356235629,292.139572807246,230.183014143094,1000.76437786324,57.1460409827313,849077.90010101,370370.989494949,64696.8787878788,191211.69,33260.7550505051,73266.2160606061,8736.06707070707,13227.9797979798,2932.85767676768,921.454231148249,608.581128112719,254.355811390027,437.27758918106,182.375313709134,270.677328309199,93.4669303588551,115.012954913696,54.1558646571881,9.64530813052636,4.99581061939926,6.81966398066949,2.42465547766716,10.9979035351576,3.22756807167017,2.39752176447265,4.03464153457004,3.03797346881069,1.69092954488965,0.152238413149952,-1.04308109740442,0.422195765214294,2.40204459250806,-0.932756732508404,0.0357169770225867,0.818996200154213,-0.511079475804202,242,1039,108,-100,925,232,281,923,38,292.088888888889,987.877777777778,10.0333333333333,-103.922222222222,970.711111111111,129.8,208.988888888889,988.633333333333,20.6111111111111,0.743601226993446,0.743601226993446,0.743601226993446,0.743601226993446,0.743601226993446,0.743601226993446,0.743601226993446,0.743601226993446,0.743601226993446,6737,3862,1741,1826,1139,1181,407,610,271,566.670861433115,479.377577220426,437.867286154804,583.547142857143,433.29,524.481428571429,1095327.65720347,228761.208284781,14304.7429463029,1026099.41571429,555919.187142857,453333.955714286,2.37315772670138,823355.517614621,0.333038261214337,358971.643330795,1.6948449697826,68003.7645666749,0.228007187950405,211625.894287256,1.25011661600448,34902.8030464554,0.203324741515477,84761.6337692223,0.446194361160654,9952.82297873118,0.72655463317428,15391.9238913422,0,2400.43350824755,2
1861203,-2818,-1401,-1564,-2054,722,-979,-9,809,-155,5101,4156,1742,890,1694,646,427,1466,281,191,1034,133,-195,953,232,179,1000,53,256.9,1015.73,130.88,-158.7,964.81,174.33,176.46,1004.33,46.59,209.156508038516,630.95426022128,0,0,951.191484559272,821.946175647478,130.833632071953,995.278810860763,0,881.702376088439,1144.98734054137,327.20070293323,421.345558894359,973.46275224068,308.350660774385,198.299268783322,1009.36505289216,76.5704251000345,718587.343434344,282109.673838384,90839.1167676768,153885.242424242,16940.8019191919,65342.6071717172,8267.1397979798,10241.4758585859,3729.69888888889,847.695312853825,531.139975748751,301.395283253864,392.282095467334,130.15683585272,255.622000562779,90.9238131513401,101.200177166771,61.0712607442231,23.3934497438285,18.7988335621413,19.838813235813,11.3038964254703,15.68168354358,8.16187533384534,2.49983364670164,6.97909912696924,5.84093276365457,3.22633116419923,1.54106910795564,-0.321611827682987,-1.50506174868898,2.81585057353381,-1.82372036401697,-0.0374273256957048,1.4804781525343,-0.329885078196553,171,1049,118,-345,990,272,97,1000,87,193.2,991.166666666667,130.477777777778,-146.933333333333,952.833333333333,196.055555555556,176.244444444444,997.022222222222,48.8444444444444,0.63164478557425,0.63164478557425,0.63164478557425,0.63164478557425,0.63164478557425,0.63164478557425,0.63164478557425,0.63164478557425,0.63164478557425,7919,5557,3306,2944,972,1625,436,657,436,526.635838915084,460.850558248639,439.992908339469,601.504285714286,420.188571428571,526.02,943520.097244903,185484.959771157,10958.5333417701,940909.452857142,522960.831428571,456001.474285714,2.84889871762873,626553.927550521,1.74401468087687,202955.407293067,2.85078648056824,59251.9841277762,1.45646637381436,138953.929728307,1.19847578162331,16091.6655815689,0.572980967007805,72570.1048134335,0.27098504482301,9131.15729482549,0.582191996251307,11349.6657949868,0,3545.29641833043,2
1862765,-1020,362,-574,-827,861,-575,0,847,-116,2777,1549,871,790,1268,454,417,1266,194,287,1024,34,-163,972,161,213,1000,19,305.13,974.52,30.48,-90.05,981.35,105.87,209.89,991.45,21.39,0,915.554750877371,0,0,976.466584624639,287.158535117096,0,985.842678515949,0,485.417480113768,997.713145147442,172.051271428025,284.0410709739,984.032098053717,224.72897009509,227.135268067291,994.381631970342,60.5166919122319,143965.467777778,46204.3329292929,28962.2319191919,73303.3611111112,5324.59343434343,39691.5687878788,7612.74535353536,5880.53282828282,3237.10898989899,379.42781629419,214.951931671462,170.182936627595,270.745934616037,72.9698118014802,199.227429807943,87.2510478649704,76.6846322823734,56.8955972804486,25.5474363176014,3.43886576580855,11.4029035822374,3.66160517677889,6.66108519790294,3.61196945613891,2.88952877924316,4.50444190477372,3.91121336515068,3.03607260691863,-0.37712809116421,1.07897563659387,0.742164604250677,1.56791549671902,-0.871370942135656,-0.187169796181967,0.819101238592456,0.558249062919914,242,1009,59,-163,981,161,213,1009,29,296.722222222222,977.733333333333,26.3888888888889,-100.644444444444,974.811111111111,114.355555555556,209.744444444444,987.6,19.5333333333333,0.699141306335263,0.699141306335263,0.699141306335263,0.699141306335263,0.699141306335263,0.699141306335263,0.699141306335263,0.699141306335263,0.699141306335263,3797,1187,1445,1617,407,1029,417,419,310,464.559836084806,447.329354367593,436.7559239546,561.484285714286,427.358571428571,524.027142857143,146666.548121482,94757.2882981484,8110.78598025827,540284.267142857,471214.975714285,447448.941428571,3.98828453241058,144992.692610432,0.518860907514918,50577.345061893,2.13486420669223,29225.0636278529,0.700276528000288,86004.7427744518,0.376248114851448,5890.81053511752,0.460505696349578,46742.5246534528,0.175856655361351,9027.74727302413,0.302389114619679,6968.77629370242,0,3567.02935141759,2
1864328,-1373,107,-1049,-1118,824,-373,-29,800,-97,2505,2294,237,672,1740,646,456,1447,145,262,1039,54,-172,953,161,213,980,29,270.68,1013.79,32.99,-111.36,973.1,135.83,204.66,990.85,19.5,316.519898578754,887.097645710014,0,0,964.550875901446,0,145.149292251178,981.180615484401,0,414.539407053178,1049.778429003,137.083295845993,311.84864918739,978.831548326881,217.808930028133,219.875282830972,996.112649252081,49.5346343481003,99570.9672727273,75014.7332323232,17882.313030303,85705.5862626263,11300.595959596,29283.7788888889,6524.67111111111,10562.3106060606,2094.37373737374,315.548676550429,273.888176510639,133.724765957182,292.755164365424,106.304261248531,171.125038754967,80.7754363102491,102.773102541767,45.7643282194084,34.0339309914071,10.6250320814307,44.2748346424682,4.17085868027884,28.5916417102077,3.45000893447184,3.97626392926668,6.21179921275568,3.27469605989373,2.0092362709946,1.0889942577688,-5.47267564469194,0.525615920347295,4.06853918460231,-0.512023017555653,-0.143695220025494,1.20940648559491,-0.197082952289614,252,1098,108,-290,916,161,194,971,38,268.555555555556,1006.01111111111,45.2222222222222,-121.1,962.444444444444,141.6,205.555555555556,984.7,19.4111111111111,0.65770477874422,0.65770477874422,0.65770477874422,0.65770477874422,0.65770477874422,0.65770477874422,0.65770477874422,0.65770477874422,0.65770477874422,3878,2187,1286,1790,916,1019,485,647,242,466.391574704791,446.581258049875,435.401157640131,564.625714285714,427.53,520.718571428571,125673.204484942,107306.128697515,10932.2619330313,554001.214285714,472629.218571429,447016.812857143,12.114717424624,84623.4945319688,0.74039716425759,76633.4834091087,3.07399739400145,15254.0489418948,0.554496613888834,93809.5864371876,1.00862435825347,10737.8600301181,0.285983116250585,32351.605735739,0.673005362835625,7590.36063581538,0.531475988362753,12522.9889693184,0,1902.45184062802,2
1865890,-2404,-1578,-415,-1972,768,-707,-58,809,-116,5111,4176,2564,1181,1787,1171,359,1447,242,222,1019,118,-149.5,953,212,174,990,48,235.15,982.51,137.56,-114.48,969.21,156.51,162.06,1007.12,40.31,0,963.956584477165,0,-483.105150799207,958.35796584823,0,139.812152893182,999.411744541991,0,857.05029607369,1115.57432293864,405.381968025219,379.994657857186,976.630057903196,297.122011974879,181.621199203177,1011.39425547113,65.9662792644848,686100.694444444,282000.171616162,146880.592323232,132616.433939394,14584.0867676768,64430.4140404041,6790.72363636364,8714.79353535353,2754.19585858586,828.311954787835,531.03688348001,383.250038908325,364.165393659796,120.764592359171,253.831467789957,82.4058471005768,93.3530585216871,52.4804331021178,26.1531556636569,21.3235628891786,30.9815214226711,13.8913757417037,25.2882612254426,6.30229235587944,2.88585422838707,7.7975988691653,6.3187210520235,3.55301229317803,1.05510836732297,4.77431007168257,-1.77369432837815,3.90090343809107,-0.317448431083381,-0.377789614953243,1.55915475887357,0.0310000869643601,212,1019,138,-145,916,212,174,971,48,201.688888888889,972.544444444444,101.122222222222,-95.6666666666667,957.188888888889,163.7,164.755555555556,1000.45555555556,40.4777777777778,0.647436078125837,0.647436078125837,0.647436078125837,0.647436078125837,0.647436078125837,0.647436078125837,0.647436078125837,0.647436078125837,0.647436078125837,7515,5754,2979,3153,1019,1878,417,638,358,512.045618883302,454.64923898236,439.507941776239,580.808571428571,433.388571428571,518.352857142857,998013.125334638,166654.364692069,8754.76966735869,918589.637142857,508493.014285715,454395.492857143,7.05735275011631,514989.620882199,3.02567147914261,160862.621530241,1.965698173067,108832.236557086,1.73775876601716,106780.612529664,1.40078494793779,12639.7818841938,0.765270052615533,59559.8249458108,0.370868763849207,7146.82766162695,0.664199231734667,8417.00021955968,0,1880.37804044513,2
1867453,-1323,-196,-554,-718,805,-676,9,866,-106,5010,2107,1287,981,1268,575,281,1276,194,222,1019,128,-145,962,191,223,980,77,254.17,1011.79,126.04,-129.53,970.4,175.36,199.37,989.49,72.45,0,1032.66243888294,137.958618990062,-190.623961658321,965.20966795543,340.135268516643,122.127622288601,985.692191478151,0,632.728417253406,1039.85205197663,233.085091758353,247.456036499415,973.262996317028,254.262030197196,209.291017485223,991.531456888787,86.4884385337139,339134.203131313,58154.8342424242,38830.8872727273,44905.5243434343,5620.9090909091,34240.4549494949,4095.28595959596,4085.0201010101,2253.78535353536,582.352301559213,241.153134423802,197.055543623434,211.90923609752,74.9727223122457,185.04176541931,63.994421316205,63.9141619753408,47.4740492641544,47.201730584186,13.7983035487953,16.3824391687239,10.3890608477299,8.1361144411805,8.47717028228864,4.68560169727382,7.19925293657908,5.09719293275431,5.56316511158688,-0.398522293503525,1.49457474266606,1.58193404468667,1.68522868844518,-1.76642771476982,-1.51757546317127,1.43031075903005,-0.9332879180616,242,1009,118,-118,962,181,223,971,87,210.355555555556,1013.57777777778,123.433333333333,-137.866666666667,964.388888888889,189.011111111111,205.5,985.522222222222,74.5666666666667,0.581321498763703,0.581321498763703,0.581321498763703,0.581321498763703,0.581321498763703,0.581321498763703,0.581321498763703,0.581321498763703,0.581321498763703,6333,2303,1841,1699,463,1251,272,410,300,486.710986531734,441.444979904405,435.131021657278,596.571428571429,435.527142857143,540.561428571429,384023.79177181,53939.2995547407,5570.19601322938,658271.228571429,459910.512857143,443321.832857143,0.940287247617344,281402.181117907,0.960871951817591,51183.908516395,0.716812865496091,38695.8027128982,1.17144799749672,44141.5284190266,0.396173370669642,5952.2445346862,0.166927071177025,38120.1294263346,0.154312944153027,4322.29297117455,0.695604870884055,4262.33591058637,0,1901.73902556541,2
1869015,-868,647,-247,-1018,703,-70,-48,866,29,969,1441,871,300,1166,666,271,1295,252,171,1029,178,-172,962,171,155,990,106,192.27,1048.18,179.91,-180.64,959.28,192.94,132.47,1002.53,111.21,255.057039483525,1025.96452637341,222.119397614136,-243.337276297626,951.328593451558,217.918325822871,0,998.703828074286,92.6217155006035,322.475285874747,1058.23524794821,268.243527414922,268.315709566175,963.112412961229,235.190773628559,151.812944112154,1004.57591549867,121.04887442682,67699.5526262626,21394.4723232323,39986.8504040404,39760.1115151515,7441.81979797979,18271.5721212121,5554.41323232323,4147.84757575758,2308.24838383839,260.19137692526,146.268493952841,199.967123307909,199.399376917661,86.2659828552355,135.172379283684,74.5279359188434,64.4037854148153,48.0442336169325,7.51613671622034,4.46460901198358,5.72940623748615,6.08363532844855,3.6472393153619,4.99976287586766,2.4547978848852,6.43529028856373,3.57199098629501,0.124750888629682,-0.145052870595768,1.08668466189088,-0.641612776578721,-0.135814172663515,1.02676837567055,-0.622786667338927,1.31585836789712,0.964109853666054,252,1009,198,-172,962,151,174,980,116,187.822222222222,1050.21111111111,167.666666666667,-177.177777777778,959.655555555556,184.877777777778,135.433333333333,998.855555555556,108.3,0.590029154804862,0.590029154804862,0.590029154804862,0.590029154804862,0.590029154804862,0.590029154804862,0.590029154804862,0.590029154804862,0.590029154804862,1837,794,1118,1318,463,736,319,429,223,483.850150627073,438.043139184211,437.65034059286,608.725714285714,416.391428571429,534.09,75025.1715823219,40575.3614049897,7059.5537745005,555345.745714286,452097.231428571,448659.758571429,0.322224517947345,79115.4637195253,0.0884069906732474,25271.0344484602,0.157946189208559,46972.8326761869,0.259187565481209,44729.5541594544,0.645047669629898,8320.23744599684,0.0764052368501439,20763.6835496547,0.174385207138421,5244.99325487385,0.551515961657937,4781.83042044477,0,2302.41656177106,2
1870578,-1151,284,-683,-854,694,-222,-58,819,0,1090,1656,485,427,1305,494,242,1590,300,191,1049,168,-163,962,171,130.5,980,106,209.06,1066.97,137.73,-152.71,963.91,159.53,110.24,1002.41,120.36,255.592880576893,972.904871675787,0,0,955.69378659774,0,0,995.915100160436,0,375.198614069935,1094.24291178879,229.01041461034,258.732081505174,967.854653344189,204.147079332524,129.517643585729,1006.40588730392,135.863460871568,98048.4004040404,59537.9485858586,33814.3607070707,44062.5716161616,7697.11303030303,16390.1102020202,4668.64888888889,8108.08272727273,4012.47515151515,313.126812017177,244.003992971137,183.886814935358,209.910865883978,87.73319229518,128.023865751743,68.3275119471571,90.0448928439183,63.3441011580017,8.28420077138197,5.1009289830329,7.1401876919307,4.66854689868083,5.46810745997191,3.63910350748452,3.35392962022788,20.5348986327712,2.83086328871882,-0.794028719293723,-0.931417798775503,-1.50233893578788,0.284337739231368,-0.0347426009879194,-0.101325449627391,-0.966331360347437,3.25588874861536,0.62566141845251,141,1029,217,-190,944,171,135,980,77,218.177777777778,1080.35555555556,148.855555555556,-156.344444444444,964.7,158.977777777778,113.655555555556,993.311111111111,117.711111111111,0.598605402168092,0.598605402168092,0.598605402168092,0.598605402168092,0.598605402168092,0.598605402168092,0.598605402168092,0.598605402168092,0.598605402168092,2241,1372,1168,1281,611,716,300,771,300,493.79594892085,436.36138039969,437.047133185249,605.897142857143,416.027142857143,528.432857142857,132013.854214032,50100.1838852863,9145.20927835282,595965.994285714,448011.835714285,449179.932857143,0.4419943975039,112550.743647755,0.0942235768638755,70517.68611829,0.289110098656022,36548.8828408483,0.170730206223204,47001.5049513489,0.868348845918026,8312.75445367194,0.175769055680162,18651.9233432717,0.280005199858047,5110.6999898952,1.41279745615001,9452.88297945844,0.242555948535014,4548.64807515128,1
1872140,-848,88,-1435,-1127,685,-474,-155,866,-29,1131,1990,702,681,1222,696,310,1457,339,161,1053.5,193,-218,957.5,202,101.5,990,116,200.8,1118.13,175.3,-193.37,968.3,201.87,98.36,1004.81,123.73,0,907.997228700023,196.475485418348,0,959.587437093483,0,0,996.956190588194,0,384.677787245378,1164.14874908664,311.842812968329,367.706527002173,972.523860889798,271.39062253512,125.702824152841,1009.18805482427,145.311286554073,108743.797979798,106088.498080808,67187.7272727273,98804.1748484848,8280.57575757576,33233.7102020202,6188.39434343434,8906.45848484848,5864.90616161616,329.763245343986,325.712293413694,259.205955318791,314.331313821078,90.9976689678134,182.301152497784,78.6663482273986,94.3740350141313,76.5826753359803,5.54872981101357,3.97448043559734,17.2633977675639,3.83694453924892,3.83721638851528,4.48138915232063,3.40322221152468,7.37307086967887,3.04885200431967,0.340559366959381,-0.520061242661674,-2.82518823694296,0.228851665982651,-0.0247760727345725,-0.439144440406416,-0.157335737952759,1.55919845821058,0.338390384766929,141,1019,168,-236,925,151,145,961,87,196.411111111111,1131.52222222222,197.188888888889,-198.988888888889,968.111111111111,205.777777777778,98.0777777777778,997.888888888889,121.855555555556,0.62085166808952,0.62085166808952,0.62085166808952,0.62085166808952,0.62085166808952,0.62085166808952,0.62085166808952,0.62085166808952,0.62085166808952,1979,1902,2137,1808,537,1170,465,591,368,523.747472885152,456.316727640161,438.304572226155,640.384285714286,418.628571428571,525.814285714286,170412.294366062,107225.740891273,10147.1591891714,685913.678571429,494855.837142857,452304.471428571,0.268049770510947,122171.982067745,0.109012268750738,125204.439118627,0.34822492170159,73455.9344343689,0.185677759888362,111396.212838182,0.628732765553054,9445.31562227079,0.396155383066514,37668.3849228466,0.457004421461501,7267.07969593753,0.493404258069157,10398.2504535217,0.644503709195717,6525.39195455172,1
1873703,-1333,186,-1801,-881,620,-414,-97,857,-116,1949,2078,871,736,1435,727,330,1428,436,166,1058,207,-58.5,944,191,106,966,106,233.58,1063.09,215.87,-60.18,971.55,165.98,108.36,998.38,115.97,0,865.092505785746,307.679452906119,0,957.166830834651,0,85.701105145605,988.368650489831,123.913542559739,545.533298708704,1127.59076353081,417.143272749304,375.523448002918,979.267057548655,265.253048992844,128.755427070085,1003.98512937194,141.452076690305,245501.983434344,142727.86050505,128695.609191919,138784.068282828,15206.6338383838,43242.242020202,4884.91959595959,11336.8844444444,6625.90818181818,495.48156719937,377.793409822155,358.741702610554,372.53733810563,123.315180891826,207.947690586364,69.8921998220087,106.474806618488,81.3996817058776,6.00798376674935,2.83492194398945,17.7735517322814,2.8353915657668,5.22530374058305,3.16910789087968,5.31512554407533,4.99824665224945,5.1011234472723,0.757743842667859,-0.185285510436765,-3.27635269534031,-0.0362612812874134,1.03112708999061,-0.163072524012378,0.262198066715501,1.35560821904846,0.664909232206002,161,1049,158,-263,935,171,106,942,97,215.866666666667,1065.56666666667,258.666666666667,-59.7,965.644444444444,166.477777777778,107.244444444444,990,113.533333333333,0.587141331157068,0.587141331157068,0.587141331157068,0.587141331157068,0.587141331157068,0.587141331157068,0.587141331157068,0.587141331157068,0.587141331157068,3282,1892,2672,1617,815,1141,427,571,552,529.505511226354,457.627900108606,435.503317196912,648.231428571429,461.721428571429,524.018571428571,335708.91450305,140495.809581666,11789.1556860119,747032.58,501574.718571428,447674.052857143,0.387379850807067,266950.070866328,0.0966457932951488,163467.570874787,0.253490426176273,133346.688922647,0.0674643574713594,141227.258115821,0.481276370425321,17310.1775936994,0.199925423811027,48443.9893295467,0.338596005249528,5593.02424879462,0.20370473021734,13017.1937048008,0.664551237342583,6926.14103459941,1
1875265,-1030,235,-1485,-936,703,-252,-77,866,-29,2474,1960,1009,618,1287,666,281,1438,446,166,1049,158,-154,972,171,145,980,116,322.16,1111,113.62,-142.76,980.74,170.21,128.44,1014.93,127.67,184.047803022152,999.260833644179,0,-142.686144969083,968.347824803374,0,0,1004.50734672473,103.851418071394,697.703146044218,1149.9091529334,369.120711962902,322.509937831379,986.994772022628,256.594368605392,148.496329920978,1020.93680019872,150.067951275414,386871.327676768,88858.6464646465,124586.46020202,84477.0125252525,12432.0529292929,37241.6423232323,5610.43070707071,12352.5708080808,6283.59707070707,621.989813161572,298.091674598011,352.968072496678,290.649294726914,111.499116271354,192.980937719849,74.9028084057648,111.142119864977,79.269143244437,5.94291195421828,3.7446276859602,10.1803748621309,3.17848807196677,3.98301869711952,3.2722116451672,3.01671812868728,6.39767832229295,6.35836912773449,1.50099669709797,-0.0842414853511751,-2.03574567134442,0.191337899081236,0.436980313149193,0.17253037781709,-0.675045403531189,1.67434314912555,1.51597012815996,151,1029,138,-154,935,161,174,923,116,282.311111111111,1115.64444444444,144.288888888889,-145.477777777778,978.133333333333,165.9,131.044444444444,1004.25555555556,121.4,0.618119489100038,0.618119489100038,0.618119489100038,0.618119489100038,0.618119489100038,0.618119489100038,0.618119489100038,0.618119489100038,0.618119489100038,3504,1725,2494,1554,584,918,358,572,475,558.724096152222,453.813469646885,444.257627003764,662.905714285714,432.081428571429,544.731428571429,463199.79915336,94490.6289326321,12804.1708684754,833713.217142857,490290.861428571,465807.214285715,0.562014581564727,419284.64437919,0.168650966174379,97278.5347097832,0.474876016629573,113363.630940199,0.468138836457383,94238.3887407011,1.04163672741782,13223.4776212745,0.43108951323087,42494.3639247572,0.258793498900133,6264.07690061997,0.407403384393615,14132.4597210496,0.525210945195856,6751.740242554,1
1876828,-1212,147,-910,-827,666,-151,-48,876,-19,2131,1823,683,663,1231,878,262,1352,388,186,1049,158,-190,953,161,126,971,135,241.01,1080.34,161.54,-145.66,974.4,193.99,125.89,995.68,134.46,124.536767695992,936.821585520271,150.874492088278,-340.025912190877,965.630809442154,0,127.766316188863,987.698975244804,109.369001557068,537.225045953742,1119.41424861398,287.472294317209,330.942714076017,978.782979010158,263.705233167641,136.478679653637,1000.13907032972,145.98342371653,232853.464545455,86821.9640404041,57116.3115151515,89198.2266666666,8647.23232323232,32230.6362626263,2806.1998989899,8989.39151515151,3264.31151515151,482.548924509686,294.655670300784,238.990191253013,298.660721667022,92.9904958758277,179.528928762543,52.9735773663616,94.8124016948812,57.1341536661874,9.0596823926452,4.29347466588733,8.11236479358745,3.62284748767377,4.26042774123491,4.35430831439349,4.1592317450529,4.75522954512932,6.82773394075334,1.34724713028673,-0.318897206347985,-1.40059249351073,0.479348925877934,0.35571403191888,0.73716773322619,-0.441717874511422,1.41310803403777,0.942198436646359,191,1029,158,-181,935,161,155,933,145,211.333333333333,1086.15555555556,176.622222222222,-152.344444444444,973.144444444444,187.066666666667,127.377777777778,987.522222222222,132.933333333333,0.554383065415791,0.554383065415791,0.554383065415791,0.554383065415791,0.554383065415791,0.554383065415791,0.554383065415791,0.554383065415791,0.554383065415791,3343,1676,1593,1490,565,1029,310,476,407,523.3020800518,452.69728019909,435.200241146526,635.524285714286,438.312857142857,538.298571428571,286504.08187706,96638.830860681,9430.27838577427,696145.427142857,487319.85,445806.75,0.378729219896477,241051.216068038,0.207087751408539,101800.790426054,0.198868731710476,62507.5744757463,0.369386396461571,100748.387363521,0.44060405997491,9134.48773355195,0.373333848483245,35507.5092504479,0,3018.30336037709,0.302988621788813,10137.3013509489,0,3613.3916789803,1
1878390,-939,166,-940,-872,694,-292,-87,885,19,2090,1764,752,572,1194,888,233,1323,310,181,1068,227,-172,962,186,87,971,126,216.32,1086.41,212.69,-154.74,967.62,192.71,87.75,995.03,123.03,0,894.758695890791,245.805726139821,-693.473621752542,956.365411743064,0,0,987.154885356033,91.0929938281703,458.796054908932,1140.69120711961,293.570860270566,338.061000412647,973.193752548792,266.550389232505,107.541294394293,999.574404434207,132.339752153312,165353.007676768,122110.85040404,41360.4180808081,91253.3054545454,10926.8844444444,34254.511010101,3904.10858585859,9155.84757575758,2401.44353535354,406.636210483975,349.443629794621,203.372608973795,302.08162051761,104.531738933419,185.07974230072,62.4828663383698,95.6861932347482,49.0045256619584,8.18607998903227,3.16241391055264,15.1135390102374,3.29315438437017,2.50839100755339,3.96697650865227,2.84260392780368,6.18061899999816,4.65886350710803,1.34522742620032,-0.402702218835133,-2.31075425885388,-0.00990970640712379,0.113513585953466,0.512872207130224,-0.235116830732175,1.80651223808618,0.302832986205561,323,1147,237,-318,1101,373,29,971,145,195.133333333333,1097.05555555556,226.766666666667,-153.744444444444,967.677777777778,186.388888888889,89.0777777777778,984.266666666667,122.077777777778,0.581321498763703,0.581321498763703,0.581321498763703,0.581321498763703,0.581321498763703,0.581321498763703,0.581321498763703,0.581321498763703,0.581321498763703,3029,1598,1692,1444,500,1180,320,438,291,515.456218688017,451.307578406136,432.616279751346,649.465714285714,430.967142857143,516.775714285714,231238.431733199,108670.968999615,10302.346268644,684794.614285714,485331.612857143,440669.112857143,0.327963176743185,166234.223750941,0.120320835171237,142955.864017168,0.979958711049447,43410.2981411682,0.144282594238088,96468.7994904628,0.144676754674767,10247.4553425056,0.360781649491686,33984.069396848,0.245243002680758,4375.25194677816,0.225697175098568,10247.0849284306,0,2712.99802132233,1
1879953,-1565,607,-1633,-845,675,-151,-116,895,-48,2232,1872,1099,600,1305,777,310,1238,281,181,1019,207,-163,967,191,145,1000,92,208.83,1040.22,129.33,-174.78,969.41,172.89,120.59,1013.69,100.5,363.525722767705,1011.47633175589,324.808876189569,-279.387404480308,959.192220708076,523.961144342984,240.164925753761,1007.90549720068,57.9306679685846,508.619061774134,1056.412097621,367.211778133545,296.284322906225,974.51775253199,222.36719632176,153.607128740824,1016.76504168859,117.889863856058,217255.940505051,34291.7894949495,119311.354646465,57814.4965656565,10029.3958585859,19753.7554545455,9144.64838383838,6306.80191919191,3836.13131313131,466.107219966662,185.180424167755,345.414757424266,240.446452595285,100.146871436834,140.548053898108,95.6276549113194,79.4153758361182,61.9365103402776,11.7494521386921,8.40143723709627,12.414492498756,4.63421499294646,4.31810863810946,5.60380211896297,2.53579705985819,3.25465828106052,3.98283722864264,1.46644945116577,1.59287995209772,-2.28780104983918,0.00574902581038165,0.359453851445055,0.361852055257365,-0.505086259743312,0.935591541848297,0.563470686436634,171,1000,227,-136,962,212,203,1000,87,179.155555555556,1027.96666666667,161.411111111111,-173.188888888889,967.011111111111,171.455555555556,122.977777777778,1008.92222222222,97.9,0.642224642484918,0.642224642484918,0.642224642484918,0.642224642484918,0.642224642484918,0.642224642484918,0.642224642484918,0.642224642484918,0.642224642484918,3797,1265,2732,1445,630,928,426,343,329,502.885219570979,443.53240024028,442.322723979998,590.734285714286,414.651428571429,529.191428571429,227727.145001424,60564.9953710262,9528.7028619655,646947.582857143,465821.322857143,459130.422857143,1.55561701793281,223589.088359599,0.560315087703776,31134.8407131197,0.699341469265149,126132.179353636,0.638157079851881,65791.073742943,1.22710174753203,10958.73533704,0.566751684467639,21565.5240287701,0.127241165767034,8622.51068519165,0.353526054113249,7114.8340139541,0.35170687479509,4435.00419493447,1
1881515,-555,382,-1722,-990,740,-131,-87,885,-67,2171,2558,663,472,1166,575,223,1228,252,212,1009,217,-200,953,186,92,1000,116,183.65,990.1,176.21,-145.2,965.03,149.62,89.6,1006.25,109.2,258.557742890233,935.653249360848,0,-405.318683556505,960.094574120161,0,0,1002.6815841449,142.982716593523,358.941624780409,1020.0371267753,329.287974271761,283.757678310209,967.44677889794,200.34585096777,112.874532114202,1008.10988984336,120.584327339833,96072.4924242425,60785.5858585858,78162.2281818182,60035.7373737374,4717.54454545454,17931.6319191919,4760.10101010101,3784.33080808081,2642.36363636364,309.955629766976,246.54732985491,279.575085051973,245.021912027756,68.6843835631837,133.909043455593,68.9934852728938,61.5169148127636,51.4039262738133,20.3291642940048,18.4051799181073,25.9596539945779,4.8309486281871,4.00621351122655,2.96148544026807,2.50344012636633,4.34248100568796,4.82286270944088,2.68922471882258,2.40596139037178,-4.16076058466509,-0.245483272556352,-0.0472772455334315,-0.0868686693791502,-0.28465202727972,0.861090136162401,-0.861600944981749,212,1009,217,-272,953,222,77,971,135,169.588888888889,978.8,210.4,-138.611111111111,965.933333333333,149.3,91.2444444444444,1002.98888888889,111.944444444444,0.626275189074183,0.626275189074183,0.626275189074183,0.626275189074183,0.626275189074183,0.626275189074183,0.626275189074183,0.626275189074183,0.626275189074183,2726,2176,2385,1462,426,706,310,343,319,462.411085022567,438.490500686014,437.056647900504,578.554285714286,415.478571428571,516.45,167025.01405221,67273.0395862203,5644.05777314139,547605.171428571,452832.921428572,447242.91,1.15020057490972,103362.166724005,0.885654503766166,64486.5375242709,0.626067018040032,87106.8499864282,0.988333160928426,68570.7694747763,0.494402996176093,5240.34805570242,0.389645004566388,20392.7068014204,0.200718663183176,5260.35188281523,0.945204058992577,4329.21730680945,0,2776.53939769932,1
1883078,-666,607,-1445,-872,824,-191,-106,771,-97,1414,1637,881,545,1175,636,281,1371,300,212,1019,207,-190,953,181,116,1000,106,196.88,1030.19,114.16,-156.17,960.51,181.39,99.61,1007.29,105.1,305.433722404346,996.877026684579,372.685093753858,-316.551052526837,955.337215061074,202.638917440888,0,999.438662887931,0,369.799080582957,1046.36948063292,443.482829430859,297.089195360585,963.173800515774,230.03128048159,129.328535134362,1011.43022992197,125.253822296966,98979.4197979798,33937.0241414142,185499.50949495,64518.1021212121,5176.07060606061,20214.1998989899,6872.44232323233,8442.38979797979,4689.40404040404,314.609948663388,184.220042724493,430.696539915228,254.004138000175,71.9449136913834,142.176650329757,82.9001949529211,91.8824781880626,68.4792234214439,8.17554027987611,4.53682061253173,6.43788160466116,4.04140685019282,3.6700618554422,4.58475833815416,2.16812754906506,6.9586921899723,4.08415176659421,0.872728473920842,0.435163402407782,-1.67524753742764,0.487514641270511,0.586617488036321,0.0452411531243547,-0.165384424864842,1.04409027983257,-0.327577102050216,212,1009,217,-154,990,171,174,980,106,186.777777777778,1024.33333333333,149.933333333333,-162.922222222222,957.2,181.333333333333,99.5777777777778,1003.6,106.322222222222,0.642224642484918,0.642224642484918,0.642224642484918,0.642224642484918,0.642224642484918,0.642224642484918,0.642224642484918,0.642224642484918,0.642224642484918,2080,1030,2326,1417,351,827,387,600,397,498.06296774246,441.576630436612,438.60103002197,574.812857142857,422.455714285714,519.428571428571,193304.418933089,70708.461533445,8972.64127158213,612136.058571428,458091.492857143,452316.642857143,1.05465401733289,109938.991927211,0.858023314954653,39017.5182384704,0.649662054482264,213873.630433322,0.978597225580772,75781.0390872467,0.670625835003043,5928.54471121331,0.906286433426364,22457.4723206479,0.183081479363802,7987.22659612856,1.25012815202824,9858.05813142171,1.03410735728038,4518.80371513045,1
1884640,-1090,147,-1485,-863,703,-151,-67,752,-77,1545,1921,900,509,1342,666,310,1352,339,212,1034,183,-231.5,925,202,77,1009,77,201.42,1047.86,164.3,-219.28,953.01,197.13,87.97,1019.77,83.12,301.165610457401,889.600980422445,382.61666726321,0,937.027907225217,197.16814413921,0,1007.34051992557,0,475.068416125509,1088.85608782796,346.90788402687,370.596411207664,961.523359050626,253.581643657422,127.410399889491,1026.3109713922,109.073003075922,186989.882424242,88481.8185858586,94293.5252525253,90159.5773737374,16463.7473737374,25700.4172727273,8580.49404040404,13518.5425252525,5038.36929292929,432.42326767213,297.45893596572,307.072508135335,300.265844500731,128.311135034093,160.313496851411,92.6309561669534,116.269267329129,70.981471476219,4.86407190733549,4.61349277639183,13.473563822602,2.78460848704406,3.26130501794742,3.59540195018394,2.44355988789279,3.11045139566025,3.85484536414566,0.196282106354192,-0.100591837244519,-2.40807985655576,0.286554829130711,0.743718468603048,0.237019826615669,0.498153193985802,0.679577384506708,0.113281656459662,232,1009,168,0,925,181,0,904,77,196.3,1050.18888888889,191.7,-227.277777777778,947.555555555556,194.011111111111,84.6777777777778,1014.93333333333,82.6333333333333,0.670257093811906,0.670257093811906,0.670257093811906,0.670257093811906,0.670257093811906,0.670257093811906,0.670257093811906,0.670257093811906,0.670257093811906,2635,1774,2385,1372,639,817,377,600,416,512.097775694327,450.42547462363,442.958488040108,605.82,398.94,510.368571428571,225015.646529202,97612.7418152264,13534.8187799455,656418.282857142,482645.365714286,463476.231428572,0.905055605120251,206437.505100618,0.251200901731164,99868.8978178742,0.832722387597919,106655.498646981,0.544626432373194,105576.096614272,0.30810675811675,18263.8182402166,0.63073953869792,29040.3637200156,0.219489341053752,9892.04154102193,0.587323020624395,15806.9716423466,1.25437732591092,5155.53906471821,2
1886203,-1757,196,-1613,-890,564,-181,-77,819,-106,2858,1941,405,563,1416,515,359,1409,349,181,1029,217,-185.5,953,207,126,961,97,260.11,1083.78,171.25,-160.27,966.95,195.52,121.77,992.29,96.65,173.278738742632,939.701065098895,196.816900077989,0,951.627033074636,0,140.327789423005,979.046231499296,0,592.653161638407,1129.00850306807,299.823498078453,351.080062094104,974.526936518432,246.92087801561,147.120936647372,999.694418309915,119.938275792176,286445.007979798,101092.031919192,61179.3611111111,98556.3001010101,14859.0378787879,22971.5652525253,6885.49202020202,14898.4706060606,5094.91666666666,535.205575437885,317.949731748891,247.344620137797,313.936777235497,121.897653294835,151.563733302282,82.9788649006602,122.059291354901,71.3786849603344,10.9842854159971,4.09114030900004,35.3506332909423,3.15267425854258,5.82024641461194,3.07403995231711,3.79031822510444,4.06736914669906,4.28785807989425,1.59640037329679,-0.0418978068803035,-5.37691414503754,0.0931211960486703,0.558284775450697,-0.318286155932228,-0.196098437058617,1.18412189554255,0.0674693225184459,202,1029,207,-309,953,202,106,895,77,224.244444444444,1087.8,206.911111111111,-159.488888888889,963.966666666667,198.166666666667,122.555555555556,983.011111111111,96.6,0.584238811642856,0.584238811642856,0.584238811642856,0.584238811642856,0.584238811642856,0.584238811642856,0.584238811642856,0.584238811642856,0.584238811642856,4615,1745,2018,1453,852,696,436,590,455,523.74946249616,451.589024835677,432.884652719445,649.345714285714,429.514285714286,518.875714285714,342592.006669017,110104.427710881,15807.6063014408,735339.471428571,485969.948571429,443750.867142857,0.744650726523998,313096.963632406,0.135331636146125,115580.018233474,0.881947143479214,64803.8139332147,0.233791098323679,107543.558659028,0.573172572817402,16173.7059751868,0.450463872077887,24169.5769590112,0.223710836468701,7645.76061529037,0.415044475585761,16706.7330099538,0.764999727565578,5325.59120687123,1
1887765,-2676,-1156,-59,-4654,685,-777,-174,742,-87,5161,4088,1445,1336,1833,1303,563,1495,378,151,1029,188,-185.5,944,191,106,980,97,311.67,998.81,259.01,-159.81,965.9,172.34,128.57,1010.29,105.89,616.113770507801,784.636729216905,0,-99363.4984497667,937.555771408107,0,0,991.354662817103,80.0133006542005,1221.85327678899,1178.33717161091,355.567926000082,708.815610719741,982.27739462944,346.634043336773,190.893451956844,1020.86713631109,130.03757149378,1409886.10212121,394805.125151515,59941.7877777778,481697.306969697,32228.3535353535,91367.762020202,20111.1768686869,21700.8342424242,5754.62414141414,1187.38624807651,628.335201267218,244.830120242134,694.044167881049,179.522571102782,302.271007574663,141.813881086045,147.312030202642,75.8592389983853,12.4034445628451,12.2430175134068,12.1796528578663,20.5623432982391,6.93838552331866,5.84610232420599,3.90163659119465,4.48493396015827,4.98006151516128,2.75538845122854,1.14337881512909,2.76587050749834,-2.9620874220256,1.39948751180115,0.257203116049129,0.719578141364518,1.14178501981763,0.690042800487878,151,1039,178,-236,814,222,145,1000,97,163.577777777778,981.377777777778,227.733333333333,-118.288888888889,953.488888888889,167.233333333333,122.022222222222,1000.68888888889,103.211111111111,0.615373590438883,0.615373590438883,0.615373590438883,0.615373590438883,0.615373590438883,0.615373590438883,0.615373590438883,0.615373590438883,0.615373590438883,7837,5244,1504,5990,1148,2080,737,753,465,583.547752427194,493.972304594391,443.538045284237,672.638571428571,419.327142857143,533.464285714286,1567967.59474669,547061.190053374,32546.2970315138,1289071.05857143,680332.975714286,469508.481428572,1.26154144544612,1499386.02430027,1.10119644879554,372750.11222543,0.463825400446214,54538.9626111839,2.27831699666773,504015.493855341,0.771972033683999,32671.4250424857,1.90308218887179,102127.06597575,0.927764868670251,22389.5835056485,1.16834130553814,24289.7973043911,0.809524648649505,5328.21157262454,1
1889328,-2010,107,-2336,-1409,694,-717,-58,780,-77,2282,2382,623,572,1333,606,436,1428,349,141,1029,207,-190,935,202,135,980,106,152.54,1041.09,172.24,-167.11,960.87,200.13,128.12,1003.09,109.78,220.755694570666,798.842260464225,207.142363165254,-379.904536708006,946.49142151538,0,0,992.372139364247,0,487.365099283894,1110.93654634277,428.088799199418,395.481187921752,968.401172035639,273.907812959032,149.5463807653,1008.92833739567,124.990559643519,216420.493333333,151829.921111111,155144.850909091,129777.391818182,14676.4374747475,35326.7405050505,6009.48040404041,11865.4968686869,3607.06222222222,465.210160393486,389.653591169273,393.884311580305,360.246293274729,121.146347343812,187.954091482603,77.5208385148175,108.928861504593,60.0588230172905,12.8654673982623,4.27158622959279,30.0754256974534,3.5215884780045,2.87639195258465,7.55792438086068,4.67993432468175,5.08354715393637,5.9484654752026,0.425909376227692,0.216730634680173,-5.00303219086699,-0.169198096681349,0.600016905810912,-0.971357751203276,0.607060922759907,1.13313657404118,0.540654513082589,141,1029,168,-736,925,181,135,923,106,144.9,1036.67777777778,225.144444444444,-163.444444444444,957.3,205.077777777778,125.444444444444,997.033333333333,108.522222222222,0.557438185027989,0.557438185027989,0.557438185027989,0.557438185027989,0.557438185027989,0.557438185027989,0.557438185027989,0.557438185027989,0.557438185027989,4292,2275,2959,1981,639,1323,494,648,426,510.560683376621,456.464058795046,437.971623148963,585.372857142857,425.952857142857,531.852857142857,398350.176258779,146291.831293224,11941.9075365929,709270.615714286,501099.295714286,452538.492857143,1.04362344917995,227852.590571949,0.157560088549271,177186.820508664,0.70685921552288,178034.000760231,0.331165731554574,151264.351846072,0.493380956485265,15753.2106587639,0.453875337352385,38638.3250907411,0.313450990683401,7045.65735803376,0.663782819513174,13819.4222998536,0,3637.63599212333,1
1890890,-1272,205,-1277,-1218,666,-565,-116,761,-58,3393,2058,762,818,1342,838,388,1619,446,181,1039,168,-209,953,171,121,971,116,323.01,1095.72,149.94,-160.71,966.04,173.18,126.22,1001.12,116.32,269.030175855925,945.822821681218,0,-305.536825168861,954.487332337187,171.294398247539,0,987.888149344846,0,754.81569273565,1142.55916258196,335.303325363767,423.419661801386,972.02761277651,286.039542720932,149.260175532524,1009.04150558835,136.033451768306,470112.393838384,105898.102626263,90854.865050505,155006.571616162,11721.6145454546,52350.8157575757,6411.22383838384,16084.3490909091,5025.00767676768,685.647426771503,325.419886648408,301.421407750851,393.708739573002,108.266405433332,228.803006443481,80.0701182613329,126.824087187368,70.8872885415127,10.5089891857393,4.66265414651541,10.4986889703681,3.70265353517214,5.03199254057903,4.75920798202124,4.23082911333234,9.00914979973538,9.28435010342272,2.24448708504301,0.207908731487312,-2.13308402040798,0.383860607629486,0.739758122593374,-0.156493038975136,0.329376631593051,2.01082355533976,1.32641085323518,222,1029,168,-236,962,171,77,952,126,259.788888888889,1094.97777777778,176.388888888889,-164.944444444444,962.333333333333,176.477777777778,124.377777777778,989.133333333333,113.511111111111,0.578389293411278,0.578389293411278,0.578389293411278,0.578389293411278,0.578389293411278,0.578389293411278,0.578389293411278,0.578389293411278,0.578389293411278,4665,1853,2039,2036,676,1403,504,858,504,557.659295416924,464.239210258444,437.752678259299,672.287142857143,419.361428571429,532.997142857143,544849.552384942,169695.105767639,19142.1538234559,851835.638571429,516831.647142857,453835.054285714,0.409142620278255,527529.975958005,0.252519367000853,122401.699779535,0.612514187013315,92475.7738023253,1.00229445335037,176403.630706286,0.886269710633963,11898.0495041347,1.2550796549373,59419.3480448811,0.794454139348874,7493.28181615252,0.982752890108027,18078.0910365727,1.24355150416028,5430.56674933094,1
1892453,-1202,-9,-762,-1454,638,-383,-271,809,-9,4585,2539,821,1400,1416,858,378,1609,417,171,1068,158,-181,948.5,156,135,980,135,228.65,1079.07,167.55,-125.3,971.81,179.35,128.56,1008.18,128.89,0,5074.94121255192,175.644206383353,-980.006501262025,956.103129364096,2402.16100203289,0,995.325733661353,146.431889799421,724.55403525203,1164.78317724802,281.89443059415,467.673732424647,979.980208983834,291.678538805994,157.354250022044,1016.14257857842,140.724660241196,477472.452020201,194270.49,51910.5732323233,205069.323232323,16107.61,53444.3914141414,8315.84484848485,16281.644040404,3223.02818181818,690.99381474815,440.761261909438,227.838919485507,452.845805139369,126.915759462724,231.180430430738,91.1912542324364,127.599545612059,56.7717199124545,20.4734998970625,3.66146620518164,7.57933667029616,4.042062371262,4.95743379267486,3.35117035642794,6.22493244271651,10.9691914837144,8.889618187156,3.36964473027946,-0.151697799013437,-0.959479968949097,0.134737251345988,0.797828418372076,0.424311370502745,-0.487379596870403,2.37286320801915,0.636036084731336,212,1029,148,-218,935,181,155,1000,135,161.566666666667,1083.32222222222,179.233333333333,-127.822222222222,966.577777777778,174.022222222222,128.822222222222,995.6,129.844444444444,0.6098403047164,0.6098403047164,0.6098403047164,0.6098403047164,0.6098403047164,0.6098403047164,0.6098403047164,0.6098403047164,0.6098403047164,5787,2548,1583,2854,778,1241,649,800,426,543.843587333796,471.928281494037,441.356782495941,632.258571428571,439.654285714286,542.412857142857,571727.145698453,235744.332252646,19764.5982663769,840498.372857142,541781.271428571,461618.37,0.456563844794518,524674.73538753,0.119367821217756,226934.818629394,0.511824004294463,47947.7778902953,0.537768993832223,241106.182975136,0.675622592812355,17115.7963322982,0.352846699268809,57373.2118708653,0.496722889800845,8960.01687091577,0.660652565484874,18158.6213531807,0,3055.20625564706,1
1894015,-1636,362,-1257,-1054,685,-474,-116,857,0,2565,1970,574,554,1287,858,300,1314,300,171,1029,198,-200,953,171,135,1000,97,254.31,1054.81,122.14,-194.51,966.07,173.63,129.9,1011.13,99.83,249.603081281736,999.456685547656,221.675465317137,-175.647193041409,956.431391217624,166.605831433644,0,1003.24603337873,0,574.772746396348,1075.887991382,313.030573586671,321.066114686679,970.895313615222,228.817765918645,150.223633293833,1015.32025981953,114.21072629136,268373.872626262,45364.4786868687,83909.0509090909,65908.3938383838,9440.87383838384,22434.5384848485,5750.63636363636,8577.12434343434,3109.15262626263,518.048137363954,212.989386324457,289.670590342014,256.726301415309,97.1641592274839,149.781636006716,75.8329503819834,92.6127655533207,55.7597760600115,9.87402524349334,7.34882541776197,12.1570182405603,4.87734483138658,5.0125168402804,10.2822518149073,3.62971439399019,4.14578869125635,4.6585308459845,1.27572900822356,0.146735593865311,-2.93675079604078,-0.367178030928324,0.425553344783934,0.258050186163581,-0.564588431369518,0.911377317831513,1.02252554164083,101,1009,198,-209,953,161,116,990,106,227.122222222222,1057.04444444444,160.344444444444,-187.433333333333,964.411111111111,171.711111111111,132.677777777778,1005.65555555556,96.5222222222222,0.569502306461186,0.569502306461186,0.569502306461186,0.569502306461186,0.569502306461186,0.569502306461186,0.569502306461186,0.569502306461186,0.569502306461186,4201,1608,1831,1608,602,1332,416,457,300,513.376059192453,445.219369358724,440.861741682478,613.397142857143,405.081428571429,531.797142857143,333083.113498341,74643.7739327724,10793.1903104018,679665.78,470605.17,457065.625714286,1.03976606086455,282976.467959617,0.193293812878476,48455.5925791609,0.398978331040676,87309.8549293242,1.19304167342178,76431.8434605461,0.931398835058137,10146.5095955694,1.49457130831562,24584.0001482457,0.329146554553663,6041.51417367528,0.570212122685732,10099.0408111617,0,3550.59833500951,1
1895578,-1151,-78,-1148,-1090,629,-222,-48,828,-29,1777,1872,1029,818,1361,858,310,1371,252,171,1039,198,-227,935,196.5,106,985,126,141.65,1062.56,194.61,-157.54,977.01,202.64,105.36,1008.38,118.31,383.81021111608,908.217192868241,201.693400177122,-417.579918592991,959.225599552583,0,87.763040179622,996.535715900073,0,480.664113492988,1141.81055346323,298.384969460595,436.05930789286,986.251048161674,287.46011897305,125.210542687108,1014.84648100094,132.562174092009,213104.31060606,176462.208484848,51677.311010101,166998.856969697,18325.8483838384,41990.2529292929,4623.18222222222,13215.3086868687,3611.5897979798,461.632224401699,420.074051191987,227.326441511103,408.654936308981,135.372997247747,204.915233521798,67.9939866622205,114.957856133753,60.0965040412485,6.68465009639947,3.14351761215554,17.0616215274676,3.13645606753174,3.28890887852455,3.60022357119185,2.98609709168516,3.76901085595277,2.57643119638664,0.760551624640848,-0.306766082181626,-2.27331770569293,0.330140133355703,0.596220613788624,0.591019923348725,0.18094901024948,1.02066251097416,-0.0469170192845449,171,1029,188,-418,907,171,19,1009,97,121.133333333333,1069.54444444444,211.4,-161.611111111111,971.511111111111,194.866666666667,104.566666666667,1000.8,118.633333333333,0.615373590438883,0.615373590438883,0.615373590438883,0.615373590438883,0.615373590438883,0.615373590438883,0.615373590438883,0.615373590438883,0.615373590438883,2928,1950,2177,1908,732,1080,358,543,281,518.143186785794,470.173810279276,439.05164778252,599.494285714286,438.047142857143,528.021428571429,292085.141877009,183875.403160652,14464.3487974544,695915.537142857,533773.787142857,455641.624285714,0.460311980805721,229244.63537932,0.0192605615339646,209768.532350385,0.488011345339591,54931.6290722052,0.0928049722173444,195400.714301225,0.285087299443102,21383.5377763043,0.246587472170432,48307.510479878,0.234369674782682,5317.77772998518,0.286736128673829,15674.5157710416,0,4048.31852011877,1
1897140,-1757,137,-2247,-1245,611,-414,-155,838,-48,2959,2578,1128,709,1333,1090,330,1638,359,181,1049,173,-190,944,171,135,961,97,394.25,1179.25,105.77,-145.39,969.21,171.67,131.55,999.43,104.23,261.106222948846,995.480141746874,705.688369998941,-523.587552871573,953.551906705303,-3834.27675723832,369.899030359736,981.807407229774,57.4282749074076,885.853356938946,1244.69194984141,508.444815097961,387.002002578798,977.258844933112,298.93873954374,161.503034027228,1010.5942459761,128.587907674089,635659.704545455,160229.785353535,249827.108181818,129931.614040404,15825.0766666667,60498.7687878788,8866.49242424242,22667.0758585859,5728.2394949495,797.282700518113,400.287128638351,499.827078279897,360.460280808308,125.797760976365,245.9649747177,94.162054057048,150.555889484888,75.6851339098339,6.14216165435721,4.99618682777859,10.5184015214926,3.40207571525117,4.31239447485043,4.18317047970685,3.06827061836267,8.61658717735933,6.18610586952572,1.51638925688429,0.758743563279439,-2.40888668848642,-0.161820363596282,0.654883469064278,0.400510594784671,-0.3266857031721,2.17808513859769,1.51552864788924,171,1029,158,-254,925,161,242,876,97,334.355555555556,1166.66666666667,161.644444444444,-138.722222222222,965.022222222222,165.955555555556,133.322222222222,980.144444444444,96.6444444444444,0.623570208212797,0.623570208212797,0.623570208212797,0.623570208212797,0.623570208212797,0.623570208212797,0.623570208212797,0.623570208212797,0.623570208212797,4716,2441,3375,1954,722,1504,485,800,407,618.80324049265,460.813792589432,437.40115492245,719.687142857143,426.638571428571,529.375714285714,806500.345387315,153523.486538164,23249.476354356,1111075.86428571,511787.044285715,455965.204285715,0.246459453730038,667799.969705286,0.172215469344499,181461.420860744,0.455682053734349,255467.190378373,0.445559854499028,149059.9216457,0.750356814268267,16707.8246771266,0.858127081567067,67739.2087072053,0.371119087573409,10385.2784556121,0.49628156606942,27018.2031419798,0.77729482745865,6506.36678818249,1
1898703,-1272,58,-2425,-1509,805,-595,-116,857,-116,3797,3323,910,1445,1388,797,495,1495,349,191,1039,217,-209,953,212,116,995,77,256.82,1062.25,162.53,-135.17,968.89,188.51,124.54,1012,86.16,505.994152360462,717.088238528561,303.662551715759,1165.48048820922,959.762406230035,503.292259867398,0,1002.53549612883,0,722.859488420813,1152.15778867306,516.749658925867,457.484895925538,973.846389324312,315.390091791102,159.443657760351,1017.57857681852,118.8227250992,461181.138989899,201103.542929293,243044.655656566,192951.011212121,9726.22010101011,64580.6968686869,10012.1903030303,11436.5252525253,6762.92363636364,679.103187291813,448.445696745206,492.995593952487,439.261893649018,98.6216005802487,254.127324128451,100.060932951029,106.941690899879,82.2369967615771,12.31211824239,8.76187746645334,14.5905369731868,5.0530443636434,5.43449748776196,3.40927652237511,5.97729424018263,9.76488244245317,4.12927882627498,2.30325500750229,1.16928081386333,-3.12047986502785,0.263768938214231,1.14743928491402,-0.434335076981864,1.17174704599737,2.12130006423866,0.36671344625218,191,1009,207,-318,944,-111,135,1019,48,193.533333333333,1048.52222222222,230.522222222222,-136.155555555556,963.022222222222,196.211111111111,118.1,1001.21111111111,84.7333333333333,0.626275189074183,0.626275189074183,0.626275189074183,0.626275189074183,0.626275189074183,0.626275189074183,0.626275189074183,0.626275189074183,0.626275189074183,5069,3265,3335,2954,583,1392,611,638,465,563.668375501987,472.418475617147,441.857064850176,634.971428571429,438.098571428571,524.014285714286,662138.206926145,218808.711042163,16305.1402762582,907295.837142857,538774.341428571,460717.405714285,0.485105915739707,509278.144570182,0.402512588266517,213343.099488075,0.604265735400749,276796.177549979,0.71968054594674,225131.400983487,1.10359548091605,10158.5259352784,0.586901511962591,70231.6477798332,0.625275877272647,11177.7733595263,1.99694151004534,12910.3300548887,0.771507099155862,6793.25956973466,1
1900265,-1101,-980,-1326,-1772,629,-949,-135,685,-242,5111,3000,663,1990,1435,686,417,1390,378,171,1049,138,-218,957.5,191,126,980,126,251.05,1080.51,142.09,-108.31,978.25,169.57,146.91,1003.5,110.6,0,760.849423846983,172.285522454137,6147.8916034579,960.399728281878,0,113.772603092664,988.044508214519,0,898.08955566803,1204.15540940528,320.060541148077,606.260711245583,987.564483970541,328.427693716593,173.976348967324,1011.71750997994,138.234004499617,751049.23989899,285341.807979798,83079.9817171717,359415.145353535,18495.5025252525,79909.8637373737,8772.95141414141,16727.3434343434,6945.73737373737,866.630971001493,534.173949177417,288.235982689829,599.512423018519,135.998171036424,282.683327660783,93.6640347953333,129.334231487041,83.3410905480446,20.4526359061266,6.54785075291712,13.5486370210453,5.57415922222029,4.31412152086157,5.24198490463413,4.37627520996268,4.18219315997524,6.97737578470732,3.84245687228194,0.226209225274338,-2.39423163818446,0.754662487396574,0.726347884869788,-1.09775341700098,0.638613327194656,0.846528987235868,-0.469953941256936,171,1029,128,-363,898,181,116,980,135,138.866666666667,1068.14444444444,164.466666666667,-129.933333333333,972.8,186.5,143.633333333333,996.522222222222,111.777777777778,0.615373590438883,0.615373590438883,0.615373590438883,0.615373590438883,0.615373590438883,0.615373590438883,0.615373590438883,0.615373590438883,0.615373590438883,6212,3980,1989,3762,806,1635,552,705,620,559.863400583446,498.982195746885,440.349017906058,631.564285714286,445.504285714286,540.432857142857,929446.538370468,391475.681373338,19201.5153235342,1010997.36428571,621728.747142857,459835.169999999,0.846329069633972,772000.386994871,0.518275943033444,274338.923317633,0.809204486243733,78661.753051893,1.58786038913183,413128.239752747,0.965365128790738,18953.0891708126,0.455284015780699,93892.3551599142,0.418571803270902,9731.28037123055,1.35999286972378,18257.8112577462,2.40440326809038,7091.10087382151,1
1901828,-1282,-980,-1287,-2245,564,-1050,9,657,-116,3949,2411,1396,1863,1324,565,427,1380,436,181,1068,123,-222.5,953,232,174,961,126,267.68,1041.25,138.62,-149.01,965.91,188.63,181.32,983.09,103.3,0,775.989797056544,144.450714317719,-788.292752880587,940.018320186495,0,105.487816680848,961.237200522118,0,874.804115216658,1131.42305527155,319.69513602806,530.312068503065,978.228649140885,345.467147497414,206.89712419461,994.467631449109,132.490603440395,700636.017777778,197895.522727273,83827.7531313131,261643.343333333,24191.0726262626,84612.3970707071,10029.7753535354,22727.1938383838,6952.39393939394,837.040033557403,444.854496130221,289.530228355025,511.510843808158,155.534795548336,290.882101667853,100.148766110898,150.75541064381,83.381016660832,14.1043880055202,7.41160043406204,13.7960948258174,6.72429653318029,3.03944240505138,7.07072526358744,2.3644298113843,2.99412254034213,5.07843973415255,3.03333377036085,-0.989756246947352,0.33982199933345,0.383911735020989,0.0971411229213392,-1.65221011846412,0.403360408697473,0.573582254703236,-0.192238072168515,202,1068,118,-400,944,232,194,1019,145,159.944444444444,1058.5,134.988888888889,-165.755555555556,965.777777777778,214.866666666667,178.444444444444,978.933333333333,105.733333333333,0.628966689102201,0.628966689102201,0.628966689102201,0.628966689102201,0.628966689102201,0.628966689102201,0.628966689102201,0.628966689102201,0.628966689102201,5231,3391,2683,4108,760,1615,418,723,552,551.907188055677,485.593640365231,434.794484693747,620.378571428571,430.941428571429,543.304285714286,768361.048126206,299585.073936409,23744.9041271045,920402.292857143,581789.884285714,449711.164285714,0.667047414154085,716674.326807762,0.512972227297374,183843.434590207,1.07986758218918,83020.1635285856,0.983319968727308,286014.31656153,1.03496714943623,24046.5662351211,0.234262153049362,95702.4784199334,0.167711194146796,11549.7845186151,0.826707032734033,24740.239430866,1.02100754596841,6885.100990415,1
1903390,-1696,-107,-534,-1554,648,-646,-97,685,-135,4000,2372,613,981,1472,676,475,1419,252,287,1024,39,-31.5,976.5,95.5,213,990,19,303.38,967.14,31.39,-39.68,986.9,87.5,202.02,1000.57,29.51,240.496074416162,942.158343960306,0,0,969.683310502241,0,0,979.798975207525,0,654.733105929431,1039.69984130036,180.921612860377,435.892509685588,996.12868646576,267.498934577318,238.472388338776,1010.88537925919,78.3621719964423,340036.37939394,147086.848888889,32067.9776767677,190331.088484848,18485.6060606061,64544.8787878788,16219.1915151515,20958.5102020202,5323.0201010101,583.126383723065,383.519033281125,179.075340783615,436.269513586325,135.961781617505,254.056841647453,127.35458969017,144.770543281498,72.9590302910483,20.3090573888462,4.77748072875861,5.09578313715364,3.49018682150474,5.22597597171986,2.95682286462127,2.47089738238241,3.17359687385635,3.59771769635173,2.61764637379244,-0.141558710017754,0.0145727404324128,0.0226902047040608,0.98439809175062,-0.206535747469461,-0.28565798032424,0.291254175003254,0.640091739640436,212,715,-9,-245,888,-50,223,980,19,264.444444444444,971.711111111111,31.3555555555556,-43.7777777777778,979.211111111111,89.8222222222222,204.622222222222,998.366666666667,27.2666666666667,0.745709019464098,0.745709019464098,0.745709019464098,0.745709019464098,0.745709019464098,0.745709019464098,0.745709019464098,0.745709019464098,0.745709019464098,5696,2479,1147,2535,824,1322,572,734,387,489.738211730155,473.13704678081,442.090626081557,557.961428571429,443.451428571429,528.042857142857,362863.464516295,231731.458342826,21529.5349986752,661021.641428571,537355.851428572,464956.697142857,1.70879592052209,330218.730047789,0.236204102630211,158424.611811969,2.18554124060161,35756.2607499005,0.406156709161514,213413.483250365,1.0543249267799,20081.018544679,0.177482126971628,72682.2502203684,0.240608654874372,18393.1077964276,0.451318430811823,24542.0602732911,1.09048226681409,5186.30107527312,2
1904953,-2666,-2833,-2544,-2063,805,-848,-38,780,-271,4060,4784,920,936,2055,1777,417,1466,213,207,1034,128,-195,944,191,155,1009,67,261.77,1007.61,75.51,-146.11,968.15,155.39,160.9,1005.72,57.6,0,710.339835264399,0,1663.43011035829,955.599379896994,157.981758692832,0,994.519772593779,0,727.901195218142,1201.60829308057,327.492641138698,402.590797212256,978.050504830911,324.030909019495,190.138002513964,1011.5830267457,83.5037723698756,465976.380909091,432913.715050505,102575.424141414,142152.745353535,19462.9974747475,81666.6443434344,10367.3232323232,11946.9713131313,3692.0404040404,682.624626650028,657.96178844254,320.273982929326,377.031491196074,139.509847232185,285.773764267181,101.820053193481,109.302201776228,60.7621626017409,20.0581564863268,24.6503718073257,46.9455753526241,9.69791864940408,39.5000939539626,13.672401867782,2.29429537706188,5.58832454694387,10.5581542864859,2.3381829534376,0.320070486910813,-5.54664476846825,-1.37161021739821,5.24764235842009,0.864276260477906,0.227660064259021,0.82363904462609,-1.48600587103651,191,1039,128,-272,944,252,106,1019,87,205.333333333333,988.566666666667,100.066666666667,-126.588888888889,953.344444444444,161.444444444444,159.388888888889,1002.06666666667,59.1222222222222,0.601435386429077,0.601435386429077,0.601435386429077,0.601435386429077,0.601435386429077,0.601435386429077,0.601435386429077,0.601435386429077,0.601435386429077,6726,7617,3464,2999,1250,2625,455,686,484,513.05776240716,459.506467935752,440.095384035507,576.381428571429,418.898571428571,524.665714285714,819466.578233226,189638.375850941,12289.4363910981,891837.458571429,524424.93,457039.525714285,5.62451503732285,419685.925917047,3.3540708326475,322574.688977705,1.95631169124707,82636.0561118106,1.50703476309673,152786.984825839,1.32356396891784,15911.0122825001,1.36543919029467,75401.5720233435,0.271373474784691,11898.7946695565,0.808377727722978,12559.9781511112,0,3312.35452164735,2
1906515,-4575,-4774,-1000,-2100,638,-909,-106,780,-388,5121,4588,4683,1472,1694,1909,456,1495,310,181,1029,148,-200,953,212,223,971,67,147.27,997.23,175.83,-173.38,958.2,208.92,204.4,979.59,50.98,220.189720191014,843.923005312901,161.326962370533,-324.581784590719,948.669387196867,0,114.885890906085,970.4252806524,0,725.332744331869,1232.91795753002,531.179696524632,422.626951341251,963.676657390849,355.544202596527,226.458561330765,984.872027219781,88.7921167671996,509514.27989899,530928.30010101,253773.415252525,150053.45010101,10631.7777777778,83600.1147474748,9600.12121212122,10481.1534343434,5338.46424242424,713.802689753261,728.648269126477,503.759283043524,387.367332258426,103.110512450369,289.136844327171,97.9802082673905,102.377504532702,73.0647948222962,43.6363820722328,46.2627996194334,65.9058926256817,13.3357237430048,28.6671745350677,16.3473046334626,3.67682172223535,10.4593412166518,16.3775478633902,0.472778190472202,-3.85796613394657,7.16175620798685,-0.538813146654816,3.08987907841859,0.887276587620729,-0.907135493143769,1.98717705117574,-2.1096168752092,202,1029,148,-172,925,191,213,923,87,155.544444444444,1027.57777777778,138.5,-176.988888888889,956.3,217.988888888889,209.011111111111,971.655555555556,55.1333333333333,0.618119489100038,0.618119489100038,0.618119489100038,0.618119489100038,0.618119489100038,0.618119489100038,0.618119489100038,0.618119489100038,0.618119489100038,9696,9362,5683,3572,1056,2818,562,715,698,518.730079704696,461.368383038533,432.538444786157,565.855714285714,425.888571428571,529.272857142857,1113387.70493172,190536.218736141,13159.5445479789,997862.635714286,528727.68,441060.184285714,15.3309589733423,261769.555480433,5.96552477100004,289041.870664091,1.98224533063512,226958.428447042,3.1425493715915,149066.201368327,2.64976574495712,8766.55136054928,2.26807627729092,74324.4956451148,0.480914982494636,9089.24601949892,0.731884474157578,7800.13480097573,0,3746.61958192017,2
1908078,-3323,-3392,-1356,-3527,564,-838,-48,733,-87,5131,4774,663,1209,1824,1191,456,1419,271,202,1029,128,-204.5,944,181,174,980,48,256.95,1029.49,107.27,-176.5,963.29,153.31,172.02,1005.7,52,286.415910169873,901.257064356217,0,0,944.082711647479,275.661829408221,88.0604015125424,991.374735536597,0,1004.32439480479,1386.38652979607,295.298543850118,641.567424360059,974.677992980246,330.378858282427,202.305956412558,1013.41606460525,80.5465083042089,952165.845959597,870927.222121212,76458.9667676767,384299.505050505,22292.4908080808,86511.3473737374,11451.3329292929,15737,3821.9595959596,975.789857479364,933.234816175014,276.512145786902,619.918950388279,149.306700479519,294.128113878523,107.010900983465,125.447200048467,61.8219992879525,18.7496628057673,15.6060026350042,15.5432896819018,18.1606603123939,13.7306614381289,6.46888439426008,2.70653181524561,4.73020793829972,4.22007183954139,2.62575080629207,0.192106395586596,-2.54497057126853,-2.98685068623913,2.24542878475148,-0.154879526020896,0.184118137674233,0.984246782655931,0.667085088647322,191,1029,138,-281,962,111,135,971,48,182.588888888889,997.277777777778,126.777777777778,-127.433333333333,952.366666666667,157.433333333333,169.688888888889,998.966666666667,49.4777777777778,0.639599409660309,0.639599409660309,0.639599409660309,0.639599409660309,0.639599409660309,0.639599409660309,0.639599409660309,0.639599409660309,0.639599409660309,8454,8166,2019,4736,1260,2029,504,686,358,569.98160819792,482.764515892618,440.998491589672,597.304285714286,402.9,527.022857142857,1752478.82132699,434916.640775831,15778.8857335132,1293401.28428571,630324.06,460468.954285714,2.54779197763671,785887.337812441,2.91302160693017,647606.204154707,0.832464850055287,61264.4239586188,2.05589374055045,430820.985854491,1.15953115521267,17818.3006169754,1.21512481154132,92258.211864253,0.450160477764128,12135.4993971514,0.672892367823308,16372.5934552084,0,3519.29205631268,2
1909640,-2575,313,-1089,-1336,527,-595,-19,676,-135,3070,2392,801,663,1407,464,378,1390,233,232,1024,118,-167.5,953,166,189,990,48,232.19,968.82,94.81,-112.46,970.96,138.43,180.3,997.67,38.91,493.235085829118,850.538480686268,0,716.293205145165,958.505508726153,0,110.329397650132,986.704449349927,0,732.759244226915,1016.79939024372,251.168170754178,326.140153921592,977.056579733231,238.544188778515,200.558819302468,1003.13008627994,67.5676697837065,487902.943333333,96231.1187878788,54642.9433333333,94666.8165656566,11996.2004040404,38121.6819191919,7793.68686868687,11034.89,3082.22414141414,698.500496301422,310.21140982865,233.758301100374,307.679730508294,109.527167424527,195.247744978507,88.2818603603643,105.047084681109,55.5177822090737,12.6989815419447,6.40669236920909,10.6674754371757,4.58024952723167,8.48388684086426,3.95369604109169,2.29099408514468,5.09890524584993,4.97267068135985,0.452762734957489,0.546841834548707,-1.48721107760758,-0.307077338520978,0.768830829351603,-0.884338311569434,-0.291157461189279,0.403093337835306,-0.368851236400007,222,1029,118,-227,935,232,184,923,67,207.144444444444,963.233333333333,105.133333333333,-106.866666666667,965.233333333333,149.422222222222,181.177777777778,996.511111111111,40.6222222222222,0.647436078125837,0.647436078125837,0.647436078125837,0.647436078125837,0.647436078125837,0.647436078125837,0.647436078125837,0.647436078125837,0.647436078125837,5645,2079,1890,1999,880,1059,397,714,368,493.79098977152,449.454854072958,437.126813517063,555.351428571429,427.255714285714,521.52,529560.664969048,105211.105399467,11141.5328943633,700243.954285714,479104.41,450453.942857143,5.30406859400005,525189.274928469,0.527935611094726,104621.268608325,1.69036138995764,60574.2676670265,0.675597287434597,106315.629735238,0.557891402796117,12847.7394933011,0.160001414710322,42001.9870972265,0.421204321726482,9050.05399655517,1.15829030426821,12929.1666938435,0,3247.00190092709,2
1911203,-2525,-1333,-1930,-2027,712,-707,-165,666,-174,5090,3166,960,1336,1481,868,359,1285,543,212,1029,148,-185.5,948.5,227,155,1000,67,264.08,1025.34,77.24,-165.75,965.5,182.05,156.34,1011.78,58.31,0,923.030618128701,222.864302958918,0,950.389909780784,282.737803908238,0,997.550003583344,0,976.152703218098,1168.33782785631,390.058816077781,475.932757855561,974.248397483927,299.703903878478,185.658126673733,1018.83621843749,102.698831541552,892056.417777778,316859.762020202,147656.426666667,201049.421717172,17141.101010101,57252.7550505051,10128.0246464646,14473.2036363636,7219.18575757576,944.48738359905,562.902977448336,384.2608836021,448.3853495791,130.924027627098,239.275479417564,100.638087454326,120.304628491025,84.9657916903959,17.5518680279638,10.5658887754939,18.3076798993798,8.20990939014931,6.99878571674009,6.29697115879585,3.56603379026616,2.9801513560922,12.9112605778446,3.15629109644433,0.708792487298267,-3.54433576892402,-0.900241771991845,1.63334774336112,-1.20153737093164,-0.379266453701201,0.212062101767012,1.52815119085256,232,1029,148,-290,953,262,174,971,97,159.422222222222,996.488888888889,129.155555555556,-147.688888888889,954.411111111111,198.344444444444,158.822222222222,1010.06666666667,55.7333333333333,0.642224642484918,0.642224642484918,0.642224642484918,0.642224642484918,0.642224642484918,0.642224642484918,0.642224642484918,0.642224642484918,0.642224642484918,7615,4499,2890,3363,769,1575,524,619,717,544.640618170595,467.730861851967,443.254330231485,585.711428571429,420.771428571429,525.612857142857,1156373.83060724,237486.327847752,14849.3553368906,1058585.68285714,542354.725714286,464161.384285714,4.63182442012412,653321.279096751,2.03790730171506,242029.754092371,1.0516043829607,129177.968133609,2.93074153157016,175005.318922703,0.986657233405139,13691.0849226208,1.79998532366383,56879.1029342791,0.338239684249093,10077.5864081918,0.553102752704371,15475.3116926166,0.967162038524535,5238.91799633548,2
1912765,-5000,-4911,-2871,-4745,453,-1070,-174,676,-339,5151,4745,1801,2172,1787,1090,514,1638,660,181,1034,168,-195,939.5,222,155,980,87,220.68,1020.26,152.8,-147.02,967.82,163.16,162.23,985.86,67.95,333.096519900441,1549.83894977846,262.128034310189,-3845.52308932856,930.058714629234,0,0,960.665301423738,0,983.274092000801,1374.7408555797,487.456603196633,834.255428510957,988.832533849893,341.702180268139,199.301655788405,999.159236558418,139.363158689806,927402.300606061,857557.527676768,216430.404040404,681179.02989899,41529.5228282828,91049.6913131313,13537.9566666667,26665.8993939394,14954.4318181818,963.017289879087,926.044020377416,465.22081213162,825.335707393658,203.787935924291,301.74441388886,116.352725222346,163.296966885302,122.288314315726,22.5802310395927,22.8117272619977,24.4224840277486,16.9684471761913,6.23017476180303,7.6090363702251,3.92016257990886,4.69149193163337,11.6338325508638,1.08313445776596,-1.53057672417488,-3.31955088373266,-2.00789014775167,1.30366499758756,-1.22236498438876,0.190548737595167,0.804032587175445,0.804501740668795,181,1039,148,-100,796,222,135,980,97,167.644444444444,1021.21111111111,195.744444444444,-134.533333333333,953.277777777778,178.7,160.488888888889,978,69.1333333333333,0.647436078125837,0.647436078125837,0.647436078125837,0.647436078125837,0.647436078125837,0.647436078125837,0.647436078125837,0.647436078125837,0.647436078125837,10151,9656,4672,6917,1334,2160,688,962,999,580.877358775348,508.932643310831,434.722290076811,597.317142857143,421.697142857143,521.16,1644090.60406612,725161.218291362,29039.107040954,1326151.84285714,767370.977142857,453198.18,3.68718618328974,738887.995652114,2.79917953975186,493676.787806863,3.46057251116755,164970.95945428,3.32655555841681,565942.069212053,1.09692594085742,39468.861502285,1.20617864738277,100280.197281103,0.627865144838408,12379.6665917128,0.731314747958853,23282.9186241103,1.75058357411577,7836.67296346415,2
1914328,-3404,-4911,-1257,-4700,472,-1141,-203,609,-631,5131,4784,1069,2527,1796,898,485,1419,1058,176,1029,198,-136,953,217,145,1009,101.5,163.96,923.72,188.65,-129.75,966.45,180.76,152.1,1019.59,89.68,0,0,1152.35144092236,0,924.394359825144,-355.763534201394,0,987.396976455732,132.136504415922,920.835913721875,1406.07353292778,381.433283812517,777.170116512466,988.399499190484,365.163881017825,195.407113483619,1034.61044359701,177.449147645178,829349.392323232,1135135.49656566,111012.654040404,593089.21969697,43341.3813131313,101687.355959596,15201.5454545455,31166.6685858586,23682.5228282828,910.686220562951,1065.4273774245,333.185614996212,770.122860131401,208.185929671367,318.88454957805,123.294547545889,176.540841127085,153.891269499874,20.6123468944613,14.6488890446182,10.1616433083225,15.1838100533001,4.86280723497877,6.47269475859608,3.10142775807546,2.80331944571037,21.943417851361,2.57060627377135,-1.34204745145681,-2.02341204328786,-1.56698086705721,0.830721216696492,-1.23806149213146,0.225551724643247,-0.0186908036890083,1.30800339398983,272,1029,148,54,953,-30,145,980,97,110.911111111111,961.222222222222,222.366666666667,-115.277777777778,957.833333333333,202.077777777778,150.533333333333,1019.46666666667,90.4666666666667,0.68250171850289,0.68250171850289,0.68250171850289,0.68250171850289,0.68250171850289,0.68250171850289,0.68250171850289,0.68250171850289,0.68250171850289,8535,9695,2326,7227,1324,2039,688,810,1689,585.218274821948,516.103163600719,450.970374806374,546.998571428571,436.054285714286,540.587142857143,1660945.01833101,647690.154241447,33296.7328009557,1273059.81857143,734687.837142857,488610.39,1.41123653910963,673919.114064335,1.95164908207737,867146.852402326,1.02337094228887,121843.564436129,1.54414864642112,551807.357682069,0.579406431584991,37570.4784318003,0.637888618870835,104418.355876052,0.517304866987935,15974.0359598981,0.582853353777437,29629.2879872426,3.25507527236777,12222.7766697037,2
1915890,-2313,-3666,-2633,-2154,611,-1101,-116,647,-359,5101,4745,1207,2481,1592,878,572,1457,766,257,1029,168,-104.5,957.5,212,174,995,87,318.51,1035.67,101.34,-109.81,983.64,154.57,161.97,1009.51,68.24,612.611610924523,0,0,-328.632988658513,953.70365531654,1423.01432916687,0,978.939484326769,0,1053.22401700683,1417.07880161973,547.774022750258,709.976358761332,999.44685701642,374.267297529453,199.607339544417,1024.72586090134,158.55592073461,1018012.33323232,944949.475858586,292713.721616162,496977.973636364,31663.0004040404,117357.702121212,13746.2718181818,31265.3029292929,20690.1842424242,1008.96597228664,972.085117599578,541.030240944221,704.966647180109,177.94100259367,342.575104351166,117.244495897171,176.819973219354,143.840829538849,14.2498347775909,13.0070276103741,13.6896769382147,6.95696283149141,3.71938948006945,5.37369471425442,3.80056014676365,2.94149472243695,10.8337037664666,2.61198570519125,-0.50570849136593,-3.00825660308291,1.03911610127414,0.711768145732683,-1.18586594543985,0.566445205416726,0.337048194972275,1.34320092105872,181,1029,158,-63,1000,171,194,990,87,226.055555555556,1029.06666666667,178.688888888889,-146.255555555556,975.8,177.811111111111,157.633333333333,1005.72222222222,63.9666666666667,0.701471459883897,0.701471459883897,0.701471459883897,0.701471459883897,0.701471459883897,0.701471459883897,0.701471459883897,0.701471459883897,0.701471459883897,7414,8411,3840,4635,981,1979,688,810,1125,628.788895245822,518.163736153324,446.134910497888,623.794285714286,440.742857142857,531.308571428571,1841053.30454385,554783.598498019,36215.4809665501,1464621.23142857,704158.482857142,477876.925714286,1.51147174232587,898203.088759874,2.27483099519519,656222.993830595,1.58560989189328,332420.358241682,1.8619071104189,498203.244500103,0.498245832613816,27586.4741811594,1.07479907128505,120759.840733914,0.614466757401286,14571.5055891757,0.478794806571613,31573.9313584864,2.12647314948582,11733.0077542905,2
1917453,-1505,-176,-1861,-1718,601,-505,-67,742,-184,4565,3343,762,1300,1398,909,592,1619,504,242,1068,183,-222.5,935,176,126,980,97,278.18,1107.72,124.3,-173.49,957.87,187.44,119.94,1009.89,92.89,657.818411612576,-10145.9636968464,227.536651086052,-182.684041476648,936.115299405475,0,119.556747897173,987.426327584411,0,744.489099987367,1207.69523473433,430.354783870239,489.337133273166,968.935617056159,296.409075434609,158.563110463941,1022.68213536758,127.206407071342,481696.876363636,233822.405656566,171469.444444444,211466.717070707,21536.6596969697,53257.157979798,10865.3094949495,26263.5736363636,7629.21,694.043857665808,483.551864494974,414.088691519636,459.855104430414,146.753738272555,230.775124265589,104.236795302568,162.060401197713,87.3453490461856,16.5517575431848,7.09123487942089,12.7640701337662,4.52356246816304,3.42670302410289,4.30644951549294,6.17912338928762,5.1264057168342,8.2384968952062,2.25678851772016,0.432179371042875,-2.82600449700434,-0.0278332494353386,0.487456739354569,0.25704501431003,0.932401991497213,1.26993654645841,0.348029333456069,222,1019,188,-254,851,141,87,980,48,249.955555555556,1111.53333333333,179.155555555556,-169.722222222222,953.655555555556,184.144444444444,115.455555555556,998.988888888889,93.9333333333333,0.677640305783194,0.677640305783194,0.677640305783194,0.677640305783194,0.677640305783194,0.677640305783194,0.677640305783194,0.677640305783194,0.677640305783194,6070,3519,2623,3018,797,1414,659,877,688,579.620846431335,470.638577418465,441.65016564293,647.228571428571,416.494285714286,524.022857142857,646928.487437491,238885.353624351,27895.665694469,941998.731428571,542633.742857143,465943.919999999,0.744267102616791,538341.004721201,0.324833658594937,242537.817413451,0.454334995873057,195467.122985128,0.635451968826419,245981.530139295,0.708066506784359,20683.1196148684,0.627805413360111,60774.4377915542,0.505337276878458,12621.6832527454,0.916912599487062,30463.8663551273,1.26449712540124,6913.44666910091,2
1919015,-1292,-98,-1435,-736,722,-242,-97,866,-29,2101,2039,643,618,1342,858,262,1333,281,171,1039,178,-190,953,181,135,961,97,216.37,1090.01,141.48,-167.57,968.43,175,125.65,993.75,105.8,320.668672467097,1115.67378606856,0,0,957.496067795339,0,0,985.952225958206,81.6030240635789,525.465631606864,1134.18868359722,276.124609551557,301.59059998614,974.195755482439,240.768810272427,143.353932628303,998.129405437992,121.589966691335,231614.296060606,99254.7170707071,56796.1713131313,63512.3081818182,11313.8435353535,27620.8282828283,4810.53282828283,8811.36111111111,3626.74747474748,481.263229491518,315.047166422279,238.319473214279,252.016483948606,106.366552709738,166.195151201316,69.3580047887973,93.8688505901245,60.2224831333571,9.00214340059672,5.39433859247966,22.8163723912896,4.29433561543838,5.07673577783109,5.37970638361872,3.8768524508825,5.17767453547665,3.14849882110231,1.38211496605957,-0.397507863340494,-3.62915050512497,0.52302424332896,0.882025785231175,0.684059840051562,-0.70523782969524,1.50163065748619,0.499410964366291,141,1019,178,-209,962,181,145,933,135,187.222222222222,1099.16666666667,166.877777777778,-175.388888888889,964.044444444444,169.544444444444,128.822222222222,985.277777777778,103.677777777778,0.6098403047164,0.6098403047164,0.6098403047164,0.6098403047164,0.6098403047164,0.6098403047164,0.6098403047164,0.6098403047164,0.6098403047164,3393,2137,2078,1354,620,1100,359,467,310,521.901002314129,444.969458546288,433.420213719821,620.511428571428,418.225714285714,525.085714285714,293352.632093978,76975.5884283866,9191.64652189816,702318.385714286,470564.52,442112.905714285,0.310623484946637,262719.127454105,0.0511400359017701,116718.769814368,0.316363788485046,54544.9717867331,0.229213900562833,73500.0770562396,0.531791380302398,12929.9119372729,0.29425401754744,31693.0424976572,0.270097853311188,5168.93322287305,0.418192608465206,9728.39697525153,0,3719.78522657748,1
1920578,-1696,-558,-1386,-2181,351,-545,-194,695,-135,4424,2637,920,2400,1425,919,582,1571,349,171,1068,168,-209,981,176,145,985,116,233.9,1100.55,164.91,-122.66,981.2,176.94,137.02,1016.46,116.25,0,679.557461375893,213.045047036501,0,952.479609226953,0,108.74153546458,999.423968351573,0,855.573912645775,1207.17653638563,386.632060232982,620.027467133513,992.485234147088,323.094908656884,174.318673698488,1026.03812794652,135.600921825775,684138.898989898,248550.391414141,123524.284747475,373119.782222222,22498.4848484848,73820.7640404041,11729.8177777778,19760.9175757576,4922.77525252525,827.12689412804,498.548283934607,351.460217873196,610.835315140032,149.994949409921,271.699768200866,108.304283284539,140.573530850433,70.1624917781948,10.5907242817333,4.08732889589243,7.8271593406255,7.56006690298233,6.08682058284283,3.03436176987643,5.46796433961937,5.78541911599435,5.76739579045331,1.80911024265041,-0.388057985591482,-1.4063829266743,0.768641133853311,-0.239348009332655,0.187660099784468,0.444133272114422,1.32046408939927,-0.195690451024396,212,1049,198,-245,1009,242,203,942,126,186.722222222222,1112.4,186.1,-138.433333333333,982.155555555556,174.044444444444,134.333333333333,1007.74444444444,117.644444444444,0.642224642484918,0.642224642484918,0.642224642484918,0.642224642484918,0.642224642484918,0.642224642484918,0.642224642484918,0.642224642484918,0.642224642484918,6120,3195,2306,4581,1074,1464,776,876,484,596.795174086698,499.908889146782,445.483383748791,642.582857142857,443.777142857143,544.17,798051.45777799,394298.829825199,24940.190656811,1002328.39714286,631650.565714285,472083.792857143,0.590625211065794,774679.758150879,0.269606351569775,265213.774306724,0.29078789919641,134230.827809888,1.18302043975219,432842.386854319,0.84945001272504,24421.2193712235,0.367989395719315,85902.3500487744,0.786033087687567,13429.4578217252,0.667594557240979,22672.8230828889,1.09302652132737,4832.02370814227,1
1922140,-1585,-39,-1900,-936,675,-474,-67,809,-19,2949,2186,1079,863,1370,1070,300,1438,407,181,1049,158,-204.5,962,212,135,990,116,200.81,1100.84,175.04,-165.42,979.73,212.72,131.72,1001.95,115.26,0,1173.09617321285,163.580155870399,-424.054504439336,964.833066360622,0,0,989.353535599596,0,623.9033338587,1170.9337555985,367.389275836952,423.703906047608,987.425637706455,313.474432769245,150.720071656034,1008.7842534457,131.857347159724,352455.266565657,160845.610505051,105389.776161616,153698.205656566,15291.4314141414,53551.941010101,5420.58747474748,13880.6742424242,4142.92161616162,593.679430808965,401.055620213769,324.637915471401,392.043627236263,123.658527462288,231.412923170036,73.6246390466363,117.816273249599,64.365531273824,11.4733920469507,3.70493390059419,20.5041459722565,3.30012122060265,3.8653912257854,4.97880523504426,3.24726919757125,4.47305262989413,7.6409019423609,1.89756682251175,-0.144133465836037,-2.89564427768087,0.435970716330724,0.621868642197264,0.0736146743830707,-0.341615452931695,1.01218098522047,1.30921819682473,181,1019,138,-281,935,151,155,952,116,156.566666666667,1106.42222222222,198.011111111111,-175.311111111111,976.188888888889,213.122222222222,132.988888888889,995.1,111.9,0.598605402168092,0.598605402168092,0.598605402168092,0.598605402168092,0.598605402168092,0.598605402168092,0.598605402168092,0.598605402168092,0.598605402168092,4534,2225,2979,1799,695,1544,367,629,426,547.442528179051,471.955655487502,437.962377090481,632.867142857143,440.155714285714,535.255714285714,441338.398827763,173676.154312093,14787.2456268441,812278.332857143,536914.547142857,453320.815714286,0.443069722121212,398834.785012645,0.0649204637916877,189539.788903795,0.331303611492559,105074.30518744,0.255306534052051,180077.184376849,0.791568715236827,17674.4133717517,0.666261079858158,59633.2835698912,0.461823525226468,6418.03812442194,0.495081740592238,15898.8433928818,0.746788079652827,4409.50257978484,1
1923703,-1272,127,-1485,-927,722,-242,-48,838,-38,2343,1911,1069,790,1351,818,330,1457,388,151,1044,212,-181,944,161,106,980,106,276.87,1076.65,199.22,-145.61,954.62,168.11,111.57,1008.28,112.65,0,880.397860643511,0,-475.157364863523,943.155485343329,0,0,994.928001146387,0,706.865015402517,1132.24276107202,416.333400053371,371.044188743066,960.783617678819,274.763006971463,134.825924806767,1015.681062145,133.544112562104,427273.892020202,124038.835858586,134994.84,117647.997878788,11925.0662626263,47710.8463636364,5788.04555555556,15130.7692929293,5195.96717171717,653.66190956809,352.19147612994,367.416439479782,342.998539178796,109.20195173451,218.428126310776,76.0792058026078,123.007192037414,72.0830574526162,4.59430027177856,3.50742415059829,8.04576798892266,3.01172127163407,4.30672319877023,3.22469873978053,2.82454034079478,4.23440694150305,6.25852452125396,0.660489425627424,-0.165893389076389,-1.57375849250273,0.187615698047711,0.951010400468227,0.588969038712954,0.217517339588366,1.13486454275542,1.11903872973058,151,1029,168,-381,870,181,165,866,97,266.433333333333,1078.68888888889,224.088888888889,-150.155555555556,949.622222222222,159.533333333333,110.8,998.655555555556,108.233333333333,0.655156704506618,0.655156704506618,0.655156704506618,0.655156704506618,0.655156704506618,0.655156704506618,0.655156704506618,0.655156704506618,0.655156704506618,3615,1784,2554,1717,629,1060,378,619,426,562.740711672322,450.85574688799,439.701685535747,665.46,418.765714285714,528.214285714286,505923.027511393,129727.054657558,16636.815531962,837842.28,486974.425714286,457551.462857142,0.538543651731904,493448.409647791,0.117753010337822,141674.997676196,0.394063216077725,137713.989292504,0.382833688438828,135658.656432052,0.652571737854502,13188.6865690507,0.577873079267417,53460.1910291994,0.282080211861277,6697.04666989657,0.495072878863956,17684.4647307417,0.579456799001741,5963.010408011,1
1925265,-1333,-49,-1534,-1290,787,-323,-165,828,-9,2959,2549,772,881,1287,606,398,1466,388,171,1029,188,-209,944,196.5,130.5,961,111,211.78,1031.8,167.27,-134.33,970.87,162.76,138.27,996.17,118.25,611.107080058069,1034.7358186057,0,-477.631716612149,961.303081399461,3254.65053896353,0,987.292197357118,0,539.615678052445,1103.47295390508,391.253843431601,398.955724360486,975.949020184969,248.620755368493,162.452608473979,1001.26860032661,129.919013235169,248822.536969697,154587.191919192,126363.956666667,142546.586969697,9987.81121212121,35678.2448484848,7345.71424242424,10287.0112121212,2925.13888888889,498.821147275952,393.175777381049,355.477083180712,377.553422669822,99.9390374784609,188.886857267743,85.7071423069527,101.424904299295,54.0845531449497,16.6826010947871,6.00805314631552,17.3847445099348,3.95221798668354,3.28779860697355,2.90368651992515,5.11161953705407,7.41504568097507,10.3972248764812,2.63939142549214,0.449275737132654,-3.55456477562303,0.159073518884352,0.792197840025166,-0.48542392810997,0.405361443171294,1.7716831297228,1.65934417020711,161,1009,188,-209,925,202,106,952,106,169.888888888889,1024.7,213.133333333333,-134.822222222222,966.233333333333,166.133333333333,135.322222222222,986.477777777778,116,0.581321498763703,0.581321498763703,0.581321498763703,0.581321498763703,0.581321498763703,0.581321498763703,0.581321498763703,0.581321498763703,0.581321498763703,4292,2598,2306,2171,500,929,563,638,397,509.352783903616,458.818923904656,436.131028730152,604.65,428.271428571429,536.867142857143,393777.300570942,164029.249329256,12670.5239358563,712250.232857143,502909.045714286,448203.69,0.357700266864292,278360.024255205,0.207882895841149,176123.202547354,0.539435838375161,133456.337448641,0.612328860003371,168026.937619137,0.451063395577138,10991.7413435271,0.370145596889318,42174.0127015157,0.750064027645449,8092.58965132075,0.963107933371001,12026.3965299079,0,3018.31516255969,1
1926828,-3666,-2235,-1653,-2163,685,-272,-145,733,-213,5111,4549,1108,990,1388,797,320,1342,631,212,1009,212,-185.5,944,232,111,985,135,155.77,983.28,131.44,-156.63,970.15,191.19,107.89,1002.45,125.83,257.476969911293,887.388200161557,217.086010641356,0,953.549888808665,23507.1197196794,0,989.77778699608,146.423454632878,804.297078199343,1181.19932272246,477.820426520257,420.754001763501,978.882408668171,271.305270866602,148.266685401677,1008.96729877633,156.238759595691,628918.683939394,432719.476363636,213167.562020202,154041.386969697,17191.6641414141,37427.205959596,10447.2302020202,13241.4217171717,8664.00111111112,793.043935692969,657.814165523696,461.700727766593,392.48106574674,131.116986471678,193.461122605024,102.211693078729,115.071376619782,93.0806161943029,26.6802408585517,20.7250465468108,9.15040610389388,9.21630529810832,3.51314902280793,3.72311644388742,2.73062877270743,3.75788999350076,12.0857926736944,0.222794380650704,-0.735717842237351,-2.22210517530704,-0.904106852319282,0.698331621644435,-0.176442063344793,-0.287546867073984,0.559819222745016,0.706260046955308,202,1009,217,-227,925,272,9,971,155,173.844444444444,1004.11111111111,183.122222222222,-149.177777777778,966.066666666667,191.355555555556,110.611111111111,998.733333333333,127.177777777778,0.644836841689628,0.644836841689628,0.644836841689628,0.644836841689628,0.644836841689628,0.644836841689628,0.644836841689628,0.644836841689628,0.644836841689628,8777,6784,2761,3153,703,1069,465,609,844,547.818979605632,462.044035295221,439.288997183375,544.495714285714,430.59,529.787142857143,1021560.17182525,167948.084670998,13492.6586685659,973044.852857143,518079.107142857,456175.101428571,8.42890324029068,558461.256935217,2.32240984599054,382529.776548415,0.574783031505826,230755.757779803,0.629359382086418,134319.338422844,0.659762895774113,20017.8138693302,0.741359702187959,43748.4846739687,0.284850656145031,12082.3335234391,2.1171950010008,14552.5582499661,1.05354414390709,6137.53950668057,1
1928390,-2525,-931,-4762,-2318,657,-262,-145,704,-174,4040,3588,1465,700,1388,919,349,1409,456,207,1014,198,-145,934.5,191,77,1000,97,214.05,1050.06,73.26,-184.02,951.31,198.1,91.89,1010.56,86.33,433.654771902873,1041.71787702057,210.791631709936,-192.413853280455,930.203447539346,0,0,993.504785315666,0,735.921415641643,1170.23430132602,833.348342531501,449.646750238451,961.965908959356,265.64461221715,140.551734247572,1018.89568651555,126.375432739121,500770.633838384,269517.491313131,696063.063030303,170019.02989899,20593.6302020202,31639.8484848485,11425.2706060606,17087.7842424242,8603.92030303031,707.651491794078,519.150740453224,834.303939239354,412.333639058214,143.504808985693,177.875935654176,106.889057466425,130.720251845015,92.7573194040789,18.6519455557344,15.310541019598,20.5126886885878,11.0189455736213,2.8614142037003,5.69457106882843,2.49825267902582,3.01499959023113,5.59951166048869,2.2144370894198,1.78594790582804,-3.73725594817531,-2.01141763580852,0.353281724527446,0.946534326731011,-0.0678286389736206,0.11042965491763,0.357702944268833,202,1009,188,-454,870,191,58,961,77,180.144444444444,1014.78888888889,180.177777777778,-149.122222222222,949.155555555556,188.788888888889,92.7222222222222,1010.62222222222,85.2222222222222,0.675191440145872,0.675191440145872,0.675191440145872,0.675191440145872,0.675191440145872,0.675191440145872,0.675191440145872,0.675191440145872,0.675191440145872,6565,4519,6227,3018,731,1181,494,705,630,568.431436101124,455.990799955926,440.808153714524,573.158571428571,413.738571428571,509.477142857143,1131622.14997105,181877.420572947,17565.3279412548,1116642.04714286,513483.287142857,460231.697142857,4.09496439244618,401959.369017997,4.08135275101707,259207.164107402,1.7476739843821,715249.491188631,1.27088895836601,138461.579750379,0.848727375554878,23034.5484780458,1.42643798973708,33231.3653674456,0.381007767430305,12655.7920832575,0.482322341170314,18730.8773221681,2.48412053041739,7687.6804105626,1
1929953,-1212,303,-1920,-1381,740,-222,-116,742,-126,2303,2225,1297,690,1379,555,330,1371,281,217,1019,198,-213.5,953,217,97,1000,87,204.51,1000.65,166.77,-172.43,957.63,188.05,101.22,1007.52,82.61,0,935.642629778337,0,0,947.162214922171,205.724484348149,0,993.59641991972,0,398.445667563345,1031.27574876945,432.041653084515,365.589291418663,962.99660954751,238.20438702929,137.239061494897,1014.5073779919,106.272997511127,118115.767575758,62857.8257575758,160452.27989899,104973.156666667,10411.3667676768,21594.4722222222,8675.8298989899,14271.3834343434,4514.68474747475,343.679745658305,250.714630122727,400.564950911821,323.995612110206,102.036105216128,146.950577481758,93.1441350756445,119.462895638535,67.1914038212832,18.3601035118392,12.0863956362192,13.5330601104092,4.19618386486732,5.05680548299132,3.3449972558191,3.10167664953042,3.27951310504955,4.5009774332445,1.38036341074788,1.71113543896393,-2.54074338106101,-0.27736925924049,0.608725580322807,-0.314223104072114,0.207856274573843,0.310520323048994,-0.506863246612701,191,1009,178,-300,925,232,97,980,116,200.744444444444,988.8,210.266666666667,-166.344444444444,954.822222222222,190.977777777778,100.255555555556,1004.81111111111,84.9888888888889,0.592902378512491,0.592902378512491,0.592902378512491,0.592902378512491,0.592902378512491,0.592902378512491,0.592902378512491,0.592902378512491,0.592902378512491,3515,1922,3217,2071,639,777,446,629,407,485.882132609008,450.059615767643,438.486025800275,587.97,417.107142857143,510.578571428571,181438.156432492,107622.302822734,15891.6744294166,603835.118571428,479039.712857143,454008.741428571,1.51277532010606,103840.308515314,1.20403270642291,59107.0661243268,0.818928012344334,175128.561692645,1.33743959725271,122720.949966039,0.853197288433326,11427.4544414233,0.99850349754028,23767.8971639036,0.757234683485058,9921.36668464643,0.828202391656696,16759.8154452831,1.12182922056422,4616.79380634194,2
1931515,-4010,-2764,-2891,-3418,675,-606,-116,790,-330,5070,4186,1247,1145,1564,949,417,1428,640,202,1029,178,-204.5,944,232,145,980,48,199.47,1000.75,112.81,-202.63,954.02,211.66,133.42,1002.11,52.91,202.032915587038,0,0,0,935.70281213969,188.036618467316,0,987.70391519841,0,1008.75324534794,1216.41738313788,510.802868042066,610.581976478179,964.870022334615,319.291277676043,171.731651130477,1009.85988632087,129.429015294099,987671.544545455,483000.694444444,250700.478686869,335102.457676768,21030.3026262626,57724.2064646465,11808.9531313131,15750.0382828283,14093.3352525253,993.816655397491,694.982513768832,500.699988702685,578.880348324909,145.018283765402,240.258624121272,108.669007225212,125.499156502457,118.715353903888,18.0060643771148,18.071201312118,20.4647201827012,20.0001341575242,7.8443351699348,5.3402917135499,2.91483260351836,4.07280478137412,9.95208111870205,1.93077739547296,0.305064836132765,-3.64712168513634,-3.09055306968802,1.76757409663123,-0.353437472291165,-0.20729050354484,0.904164474278382,1.25828357063923,222,1019,168,-354,972,232,165,980,58,143.177777777778,979.377777777778,175.966666666667,-166.844444444444,940.644444444444,214.988888888889,134.111111111111,995.088888888889,48.3333333333333,0.68007704572828,0.68007704572828,0.68007704572828,0.68007704572828,0.68007704572828,0.68007704572828,0.68007704572828,0.68007704572828,0.68007704572828,9080,6950,4138,4563,889,1555,533,638,970,559.514634330468,476.335184275312,439.167709392533,562.727142857143,412.735714285714,509.331428571429,1442224.89554463,358710.146851034,17043.5143427073,1182074.54142857,602456.327142857,456883.122857142,6.19091842265245,497160.877168792,3.32986260211391,272380.54916542,1.04829273273185,227115.754697292,4.30213472664393,246395.911059922,1.57712850378197,15457.4270263652,2.07870454865596,59287.3596270127,0.434885784938391,12854.2162952602,0.848356403447944,18090.4958402093,1.17167537996378,9630.35077872649,2
1933078,-4949,-4892,-4920,-4745,157,-434,-233,733,-155,5151,4774,4673,2727,1648,3191,572,1447,504,272,1004.5,168,-145,972,212,155,1000,48,213.73,998.42,125.31,-119.91,959.4,212.88,144.84,1003.15,58.75,228.34020827659,0,0,0,871.955286794926,202.050202521115,0,992.919274648021,0,808.637601153941,1304.67182080399,828.167452874115,656.425509863838,974.152801155958,407.160042243833,174.417430321628,1008.31746488891,96.2776713469951,614357.835454545,712450.569292929,676928.014040404,420723.274646465,28813.4545454545,121678.187474747,9538.19636363635,10499.1792929293,5876.59343434343,783.809820973522,844.067870074989,822.756351564911,648.631848313406,169.745263690786,348.824006448449,97.6636900984002,102.465502940889,76.6589422986219,35.6020504606253,31.9770165395059,32.0345349676874,30.9700715058407,13.9555695508186,54.6302545458604,7.66565724252328,6.17853555264753,13.5474559058863,-0.466987873033033,-1.78960474963838,-2.12464655437599,-2.49220025320001,-1.28978694452894,6.07285184045478,0.0369423393406282,0.577118598134661,2.06278245898793,272,990,138,-136,972,212,155,1019,67,242.088888888889,1006.31111111111,166.755555555556,-129.088888888889,963.888888888889,199.6,145.855555555556,1001.85555555556,54.2888888888889,0.612613890073306,0.612613890073306,0.612613890073306,0.612613890073306,0.612613890073306,0.612613890073306,0.612613890073306,0.612613890073306,0.612613890073306,10100,9666,9593,7472,1491,3625,805,714,659,553.299510207139,480.576192200866,438.114687117531,573.197142857143,451.015714285714,517.174285714286,1853136.75814842,509956.517440005,10725.3664299641,1303681.99714286,662420.327142857,452740.688571428,6.09310685334328,391738.669234861,7.40624679271199,541701.505686013,7.2550336340972,635055.934168473,3.57197036627846,280432.648366802,5.71692128386865,30233.1374332445,2.74840581539819,109707.38882543,0.27686399833684,6443.36760308735,0.496889462279216,11357.7443449632,0.726890200982175,4758.11530829984,2
1934640,-2060,-78,-1069,-1136,712,-252,-77,866,-135,2232,2323,455,627,1138,696,310,1314,242,222,1019,138,-172,962,191,155,990,58,254.27,1008.47,66.12,-173.17,948.44,167.72,144.35,1001.87,69.1,0,1351.7554520538,882.662444908547,-173.38123861844,942.1762060258,555.713389086294,0,996.726114094706,0,523.76955810738,1058.56876488965,241.646104872394,296.4987521053,951.391570280082,225.096068379703,163.731518040969,1004.68382588753,90.4821529363664,211799.31020202,104602.11020202,54566.6521212122,58508.7485858586,5664.12767676767,22765.9006060606,6031.40151515152,5703.12434343434,3446.67676767677,460.216590533219,323.422494891775,233.59506013872,241.88581724826,75.2603991270819,150.883732078911,77.6620983179796,75.5190329879451,58.7084045744455,12.3608800987263,8.98121512199837,8.07352754585671,8.41243501192966,3.96133954014487,5.52987961462032,3.84818990080022,7.76345905579378,4.54107574410279,0.0748956303909814,0.0557463276504466,-1.9162347312217,-0.024908822233794,-0.487876293986661,0.0055093807596139,-0.846870543736857,1.56584150879006,0.377813262070922,262,1000,128,-172,972,151,165,1047,29,243.344444444444,1012.17777777778,83.7,-176.755555555556,950.788888888889,169.2,147.866666666667,995.677777777778,67.2888888888889,0.675191440145872,0.675191440145872,0.675191440145872,0.675191440145872,0.675191440145872,0.675191440145872,0.675191440145872,0.675191440145872,0.675191440145872,4292,2401,1524,1763,426,948,387,448,377,489.464666654343,435.150058548268,436.80392488653,569.511428571428,404.138571428571,520.851428571429,279459.439641709,73093.6680936955,8157.43098491857,622840.808571429,447311.001428571,447593.408571428,1.09267325300332,224383.349122452,0.579371279657561,80620.4837983302,0.353141286293456,56055.5888219061,0.325228196240088,52658.5624335013,0.29368425453316,6472.82177393344,0.244554925799687,24932.6075329973,0.163700480889788,6267.41381840322,0.319333154520567,6539.6421539866,0,3157.58413159309,2
1936203,-767,480,-712,-745,666,-262,-87,895,-77,878,1431,277,254,1129,404,262,1257,194,166,1029,89,-190,972,171,130.5,1009,87,212.96,1020.88,54.82,-184.15,961.57,139.44,120.09,1014.28,80.86,309.239674191233,986.380336222167,0,-178.17363672679,951.9161025806,414.620313070702,0,1010.92727609868,0,316.396460157189,1033.18393328584,157.168444670042,256.977528200425,965.895196178136,186.203007494509,141.049530307619,1016.01600381096,96.3486377693011,55307.8367676768,25528.3490909091,21915.8460606061,32450.7348484849,8420.87383838384,15381.865050505,5528.64838383838,3560.20363636363,2772.44484848485,235.176182398807,159.775934016701,148.040015065543,180.140875007547,91.7653193662172,124.02364714241,74.3548813719609,59.6674420129071,52.6540107540237,5.44193627543616,6.0482054736741,9.71051891378445,4.5828469024577,3.56319287709822,4.30871867682962,3.33744740931863,5.37107990389767,3.54018526978521,-0.0492737713788131,-1.18930004491271,-1.93935390851982,0.0280381119219136,-0.890725629517809,-0.981841976028583,-0.742004947663056,0.822924910359486,-0.365228039458337,90,1019,168,-136,1046,181,87,1009,97,208.566666666667,1031,66.6444444444444,-183.1,966,144.722222222222,123.711111111111,1011.97777777778,81.9666666666667,0.68007704572828,0.68007704572828,0.68007704572828,0.68007704572828,0.68007704572828,0.68007704572828,0.68007704572828,0.68007704572828,0.68007704572828,1645,951,989,999,463,666,349,362,271,462.643867077227,434.030937791131,440.768616272852,552.282857142857,392.94,520.812857142857,56148.3063223226,39755.9164173706,6752.25699567123,510976.148571429,442998.231428571,454914.235714286,0.576216163875186,58437.4005604017,0.107956201646824,27903.9998609447,0.270858753582987,20345.5525902188,0.186206797538857,32075.6973341797,0.44171273107798,8848.95858500645,0.181482884295531,16744.6180876071,0.267801752806818,5485.79062008359,0.701063395501653,4162.56692096755,0,2527.68625315505,2
1937765,-868,382,-455,-627,712,-151,-77,857,0,1000,1362,306,281,1166,434,233,1285,252,202,1029,163,-181,967,161,116,1000,106,218.35,1040.67,123.94,-156.96,968.65,142.92,108.77,1008.58,106.77,197.076295819872,975.181338132671,0,-194.414866856457,963.923731917353,0,112.24308730947,1005.45344132521,0,327.952420329535,1060.32387033397,183.693440274823,239.821391873202,970.928663702952,178.360029154517,121.868987031156,1010.3204442156,117.101366345573,60480.8762626263,41709.7586868687,18567.8347474748,33209.957979798,4464.29040404041,11501.1854545455,3051.65363636364,3549.27636363636,2336.2596969697,245.928599928163,204.229671416444,136.263842406835,182.235995291265,66.8153455730074,107.243580015521,55.2417743774006,59.5758035081052,48.3348704039816,7.9800803474312,5.70849366875677,8.24191089199379,3.46284309701373,5.73133576365912,3.54253861195859,4.91369021573344,11.2377188952808,3.4081666713338,-0.282954003737949,-1.37029067144868,-2.09593596080746,0.627998037542915,-0.155575887688975,-0.370397235512141,-1.11010836886573,2.23891151606679,0.47033167099418,191,1019,198,-181,981,151,126,990,77,218.922222222222,1058.43333333333,139.677777777778,-162.566666666667,968.722222222222,144.544444444444,112.644444444444,1002.92222222222,105.288888888889,0.566509506552905,0.566509506552905,0.566509506552905,0.566509506552905,0.566509506552905,0.566509506552905,0.566509506552905,0.566509506552905,0.566509506552905,1868,980,761,908,454,585,310,428,252,473.298754413304,434.301695849658,438.265149145291,592.697142857143,409.118571428571,524.622857142857,77119.7439132694,38240.3741312902,4499.42028671996,542392.62,442298.172857143,449705.22,0.704726227926891,69155.1828685555,0.0205853117130749,49660.8454651513,0.148150035371536,19397.1628021346,0.126751119738832,36453.310639724,1.06631548515834,4826.29367665394,0.256720660748165,12701.0289269602,0,3459.16005187075,1.81376156900803,4107.57622004749,0,2616.67423378818,2
1939328,-878,254,-1079,-1372,722,-585,-67,828,-38,2808,2088,623,518,1287,888,271,1409,349,161,1029,198,-218,944,191,106,980,106,217.18,1053.76,157.26,-193.99,957.52,178.83,101.4,997.43,108.46,215.206927736242,957.125593806449,194.800099078189,-415.707613259364,947.26394090679,432.084540825616,0,989.666545648766,95.7143186333472,500.109847933432,1087.30200036604,285.176015821808,351.468248921578,963.008203495692,255.083927365093,118.293871354352,1001.71018263767,119.830046315605,204992.633939394,72540.9115151515,57166.3155555555,86765.4645454545,10646.7167676768,33421.8596969697,3748.96969696969,8643.11626262627,2621.88727272727,452.761122380659,269.334200418646,239.094783622637,294.559780936662,103.182928663984,182.816464512827,61.2288306026638,92.9683616217166,51.2043677114294,17.0328009690535,7.01556595979785,16.5430724142716,5.35344147758813,4.65532307537338,9.05621962580043,3.30988788448423,6.34778327472968,10.5038562599465,3.04406438447873,0.397854033883024,-3.50245897953845,-0.195931446548075,0.974040752487981,-0.41956236582598,-0.24175403382682,1.40933572516815,1.75435887595088,202,1019,198,-245,888,161,106,1000,97,170.833333333333,1050.63333333333,194.522222222222,-192.022222222222,952.744444444444,182.533333333333,102.2,992.111111111111,105.233333333333,0.566509506552905,0.566509506552905,0.566509506552905,0.566509506552905,0.566509506552905,0.566509506552905,0.566509506552905,0.566509506552905,0.566509506552905,3686,1834,1702,1890,565,1473,338,581,387,497.836483820675,447.570334599262,433.587207415515,612.085714285714,403.868571428571,517.41,260649.071699246,107660.291653306,9394.63885651062,648711.797142857,478278.231428571,442189.701428572,0.496523722706122,235560.561593396,0.151035049635434,86105.3075812695,0.377439411415717,61207.5033129397,0.674030425299437,98243.2671297503,0.687573335592792,11902.2872124953,1.06704600624326,38417.8198163787,0,4079.08651397159,0.373054503144768,9775.45118381986,0,2958.94980031971,1
1940890,-1252,-117,-2227,-2872,657,-787,-203,580,-19,5050,3372,900,1354,1509,787,456,1809,533,181,1039,173,-145,962,191,111,971,106,314.86,1086.79,124.83,-96.86,984.23,168.5,119.76,1014.23,115.31,193.199941200101,865.486868172765,0,0,969.222124210182,0,0,986.195661916933,0,881.546742946737,1211.70275645473,513.151722203093,594.310390284404,992.426929300087,309.633686797803,168.038388471206,1029.89497037319,146.185806424564,684836.202424243,290011.177676768,250244.607171717,347295.93979798,16366.1788888889,68162.3939393939,14034.7903030303,32344.6031313131,8155.44838383838,827.548308211818,538.526858825786,500.244547368302,589.318199106374,127.930367344462,261.079286691599,118.468520304047,179.846053977598,90.3075211919715,18.710066178928,7.80545207526727,10.9986378489982,8.93439583458065,6.00430423878842,5.25336251167402,4.19488926841196,8.09700933691399,11.9016625264219,3.49612381277339,1.29500165720262,-2.67774874493211,-1.24575258991823,1.18022484191128,-1.04332341189876,-0.0176056865205917,1.54250530534655,2.4747395202022,202,1029,138,-381,972,151,58,961,126,215.055555555556,1059.44444444444,190.966666666667,-76.9111111111111,976.244444444444,185.422222222222,120.877777777778,1002.12222222222,105.388888888889,0.581321498763703,0.581321498763703,0.581321498763703,0.581321498763703,0.581321498763703,0.581321498763703,0.581321498763703,0.581321498763703,0.581321498763703,6302,3489,3127,4226,852,1574,659,1229,552,578.569484968409,492.489353891289,445.638650063445,654.205714285714,452.515714285714,535.414285714286,965694.275562943,382771.245974086,39198.2398088409,1075145.53714286,614566.744285714,475838.931428571,0.299763222019274,691035.765202827,0.457818751191843,274362.492507411,0.426620897911933,268431.699336751,1.62512570162273,376787.869102802,1.10267110809549,16709.8001954267,1.06421672288315,79850.067490871,0.927395137186458,16346.7128928373,1.75329312875004,37608.6728678318,0.909091496941771,9448.03262756802,1
1942453,-1161,19,-1990,-1663,629,-555,-174,733,-155,3494,2686,970,1381,1342,696,446,1619,417,181,1049,198,-218,962,196.5,106,990,106,242.66,1071.1,147.21,-133.61,971.69,176.19,125.65,1008.11,107.06,0,528.822871852216,179.779208392687,-1473.14182138685,957.218733753455,0,0,989.600478519262,0,698.818889269602,1166.90849684112,478.507084587052,546.411429236249,978.832861115727,295.712241883896,165.817459876818,1019.04980741866,134.362792468749,433801.984242424,216586.090909091,209392.167575758,283549.311010101,14073.0443434343,56972.5392929293,11825.7651515152,22400.7453535354,6658.09737373738,658.636458330712,465.388107829466,457.593889355788,532.493484476666,118.629862780981,238.689210675576,108.746333968163,149.668785501638,81.5971652310138,9.8135460451878,4.02517554562879,10.7848356035336,4.150957180769,4.23911647043289,3.98045470014719,3.67564559906356,6.77000518284552,7.86461384111918,1.92074633647521,0.129109397959681,-2.61320554668715,0.052523551366151,0.326194319685222,-0.406021000403946,0.397644524873821,1.66570821131606,1.02153002063525,232,1009,168,-318,990,252,29,942,97,190.733333333333,1069.14444444444,207.233333333333,-134.111111111111,969.222222222222,182.977777777778,123.544444444444,993.711111111111,102.777777777778,0.601435386429077,0.601435386429077,0.601435386429077,0.601435386429077,0.601435386429077,0.601435386429077,0.601435386429077,0.601435386429077,0.601435386429077,4655,2667,2960,3044,713,1251,620,886,572,566.233419219238,484.93289361711,441.569901716284,626.13,434.687142857143,531.78,631132.749086144,315365.246114651,28585.5848349493,890996.704285714,576053.55,464576.271428572,0.283133798495386,482334.921885869,0.262855843160999,226013.214611595,0.381988082930768,228454.999676005,1.1180444328182,328951.282487453,1.01510178519323,15279.1030973073,0.56909303196812,66196.6481173543,0.858354137645216,13550.4723586408,1.20516704464564,25307.0847239318,1.64422364327634,7244.66968881607,1
1944015,-1272,-647,-1653,-1227,712,-646,-126,733,-233,3646,3058,831,1300,1361,1070,504,1580,485,202,1039,178,-190,953,222,130.5,971,106,286.84,1100.46,107.82,-137.86,964.23,193.96,130.29,989.65,109.09,0,578.227921811245,246.509969188202,7534.75901838595,950.985785791707,0,0,975.297745760842,0,849.130790867932,1231.21889199281,467.097762786336,497.490361715682,970.973712311513,329.202946523873,168.740718263257,998.171713684574,137.776013877598,645197.893333333,307967.422626263,208641.583434343,230799.273131313,13182.2798989899,71468.7862626263,11614.0867676768,17110.7550505051,7153.13323232324,803.242113769773,554.94812606789,456.773010842742,480.415729479493,114.814110191169,267.336466391374,107.768672478029,130.808084805585,84.5761977882858,8.45496711894541,4.92219133209877,8.90855100531798,3.76814200972932,3.58776052718049,4.71208202873245,4.59686769898271,9.18255220933669,11.2948144373869,1.90615198457311,0.351304196462773,-2.48969497496374,0.0922239838785777,0.453257356531402,-0.0923975709619745,0.588203011943231,1.95816145058971,1.10652012581711,181,1019,158,-336,935,232,106,961,106,221.955555555556,1086.52222222222,166.222222222222,-137.722222222222,962.166666666667,196.555555555556,127.1,978.822222222222,104.811111111111,0.623570208212797,0.623570208212797,0.623570208212797,0.623570208212797,0.623570208212797,0.623570208212797,0.623570208212797,0.623570208212797,0.623570208212797,4918,3705,2484,2527,649,1716,630,847,718,593.654208585834,476.952241782582,434.236471216592,640.765714285714,437.284285714286,526.727142857143,925477.701685871,275482.712907996,23591.0660398377,1052187.16285714,556569.081428572,447343.898571429,0.24340564200457,742079.258571065,0.294657069810652,318613.901254477,0.310061031092464,236447.440952957,0.619035609404643,272656.381971979,0.46382159726626,12901.869707215,0.820920955241723,83130.7629394737,0.850698880314462,13244.6664233047,1.49084131504063,19719.3751793044,1.77652477531341,7596.41768784674,1
1945578,-1434,-186,-1603,-2009,592,-616,-223,609,-106,4717,3294,514,1436,1287,646,407,1571,436,176,1029,198,-209,957.5,202,165,971,77,180.99,1030.85,173.77,-152.99,968.69,188.17,149.91,1014.21,76.57,349.611037764943,-27740.8205293796,235.73299167172,-236.737299324359,951.694084165779,0,0,992.596756054385,0,690.543445410931,1136.96463885206,359.737779500569,526.6594250557,977.126649928248,268.327654184208,182.027827542934,1026.8696460603,104.42389573273,448578.656464646,232360.472222222,100217.431414141,256529.504949495,16581.9938383838,36961.3950505051,10768.81,26100.3493939394,5092.30818181818,669.760148459616,482.037832770647,316.571368595047,506.487418352613,128.771090848776,192.253465639777,103.77287699587,161.556025557512,71.3604104655949,24.3492364434223,8.09826385380414,22.5704295526541,4.95200003506364,3.61282443206551,5.42179971551746,3.78235984675243,6.19920671045948,10.0335418381015,3.44434939536379,0.8694175309371,-4.22052813623764,-0.0581762374984377,0.343921528744849,-0.537351894992232,-0.217011171900309,1.57262419802651,1.46275220114728,191,1009,198,-272,888,212,203,933,116,130.633333333333,1018.71111111111,221.588888888889,-152.911111111111,966.4,191.688888888889,149.644444444444,999,73.4444444444444,0.63164478557425,0.63164478557425,0.63164478557425,0.63164478557425,0.63164478557425,0.63164478557425,0.63164478557425,0.63164478557425,0.63164478557425,6151,3480,2117,3445,695,1262,630,962,542,527.312722809353,476.70127988641,444.100649809694,593.832857142857,430.23,531.724285714286,588771.194225408,280465.043184584,29464.3771568946,813835.761428571,558919.872857142,470785.607142857,0.690517184896604,471046.576337337,0.29903485979326,242967.602673454,0.38091993078609,102265.054645934,1.08656410496452,294584.723198575,0.794159848247025,17760.6523059839,0.530237375034861,43526.2417951018,0.51879079483602,12255.7210447347,1.08741862465133,30447.4864496955,1.40772402176662,5278.67989814299,1
1947140,-1959,-509,-1188,-1845,546,-838,-165,723,-174,4757,2450,712,1590,1592,535,436,1428,359,186,1058,148,-258.5,953,262,145,990,72,307.63,1039.8,91.73,-157.94,963.42,153.96,154.58,1000.94,62.18,204.855480840833,1730.90946400822,0,-611.572620435371,939.643559855008,0,0,981.475494028552,0,941.047071086245,1125.37746556433,309.645135598801,495.381448986536,975.283968903416,342.941744324018,190.07530086784,1010.77992659134,104.500430621122,798922.599090909,187162.02020202,88349.2091919192,222684.582222222,23233.0541414141,94853.8973737373,12357.2157575758,19995.1276767677,7125.24000000001,893.824702663173,432.622260409725,297.235948687098,471.894672805513,152.423929031547,307.983599196024,111.163014341892,141.404128924044,84.4111367060058,13.1677134249582,5.99169336589158,8.79008396023575,7.29331842814984,5.46581901864007,4.77915887237718,3.01615641515533,2.9780814590226,4.38287284601485,2.51121210274207,0.0705655564949634,-1.86686878901795,0.59376258145557,0.657326403294491,-1.4588344830059,0.160814972977521,0.364115848324423,-0.116393427458569,171,1058,178,-300,888,292,135,942,77,218.911111111111,1035.32222222222,116.011111111111,-172.122222222222,960.033333333333,182.5,153.011111111111,997.833333333333,63.1555555555556,0.68250171850289,0.68250171850289,0.68250171850289,0.68250171850289,0.68250171850289,0.68250171850289,0.68250171850289,0.68250171850289,0.68250171850289,6716,2959,1900,3435,1046,1373,601,705,533,553.905173076222,479.039590588224,439.402612098971,616.782857142857,411.188571428571,521.871428571429,925523.37844844,258134.813354297,22001.5064577475,963396.06,563224.56,458025.008571429,1.85027304501882,747516.933996601,1.04676392522215,172782.729268507,1.0059328376697,92264.8405836944,1.52374586928926,228473.558454182,1.24853155839152,25095.8794141874,0.354511420789214,110094.938645119,0.313969326418911,14192.7808027447,0.670775824052886,22446.2708375009,1.53168563829663,6382.02549168051,1
1948703,-757,166,-475,-718,796,-383,-48,695,-155,3353,1901,673,663,1231,767,485,1314,174,282,1068,69,-122.5,990.5,111,213,1014,0,336.87,967.18,43.97,-49.55,988.19,118.59,214.08,1000.39,7.89,259.073945550466,792.84492958909,0,-770.456086550207,977.971690720761,-960.303613813818,0,979.223506621717,0,524.761803106895,1015.16290318352,182.874191727537,359.649259696166,993.320678331021,298.344180435952,244.386374415596,1010.58391536774,67.361190607055,163528.841515152,96079.3612121212,31827.887979798,128174.128787879,10269.1857575758,75702.6887878788,14034.8016161616,20706.7655555555,4520.48272727272,404.386994740374,309.966709844979,178.40372187765,358.014146072301,101.336991062374,275.141216083448,118.468568051452,143.898455709419,67.23453522761,35.1906665020303,3.60073593856743,5.70825178324085,2.00589874573901,2.39013246780442,2.3791241744255,2.67131665998198,2.15613534433151,2.68426881831088,4.55479832958643,-0.494957478882709,0.367316775403205,0.363480832424498,0.202557124851729,0.213265688537117,0.213660354723107,-0.0505859700818854,0.10869908260009,252,1078,69,-245,916,333,155,1019,-9,308.544444444444,975.144444444444,40.3777777777778,-54.3444444444444,986.522222222222,111.344444444444,212.544444444444,1001.11111111111,7.46666666666667,0.760167502961966,0.760167502961966,0.760167502961966,0.760167502961966,0.760167502961966,0.760167502961966,0.760167502961966,0.760167502961966,0.760167502961966,4110,1735,1148,1381,435,1150,533,619,329,470.405950666832,468.224999794205,442.420709269176,577.722857142857,453.098571428571,523.868571428571,174833.117559168,185514.513958443,22498.522777,574017.274285715,516446.918571429,465232.32,1.08685202226852,167308.451050919,0.393158164817573,109416.388844174,3.62713986965252,37409.7833947166,0.278893148873497,150781.966003278,0.384969076611663,12030.5432122081,0.0724221336952871,90296.4650741462,0.292988891778824,16330.6813891411,0.176258570901499,24608.5456692064,0.927888415540422,4628.53409738161,2
1950265,-1686,264,-514,-1318,796,-686,-97,780,-145,2595,2009,455,736,1370,696,466,1228,194,313,1053.5,-39,-145,972,106,233,985,14,345.71,981.66,-23.55,-79.52,984.2,111.9,228.56,988.48,14.43,300.931517997724,857.404463804729,0,-198.38919883849,970.043466872828,0,0,972.466490915739,0,486.845796941906,1026.00402533323,178.250750349052,351.763613809046,991.630304095231,278.647949929656,260.290107380208,996.462222063636,69.4395420491812,118690.329191919,89927.1761616162,31534.0681818182,118600.211717172,14829.3131313131,65780.8787878788,15667.9458585859,16004.2925252525,4660.22737373737,344.514628414991,299.878602373721,177.578343786111,344.383814540074,121.775667238218,256.477832936647,125.171665558088,126.508072964742,68.2658580385347,31.0257258276655,3.42214903147542,3.36717287300898,3.76791598457774,2.93998164961682,3.13884049888348,2.51752694559322,1.96127128676237,2.89465974552595,0.775842688959723,-0.20307933866714,0.243249625471923,0.155838867997986,0.610255622720262,-0.129306093644239,-0.191870513499166,0.125692956853953,-0.216941128125274,232,735,-79,-263,833,90,203,980,9,341.166666666667,987.633333333333,-27.3777777777778,-85.9222222222222,978.488888888889,113.788888888889,231.511111111111,986.944444444444,15.2666666666667,0.772155143580481,0.772155143580481,0.772155143580481,0.772155143580481,0.772155143580481,0.772155143580481,0.772155143580481,0.772155143580481,0.772155143580481,4281,1745,969,2054,574,1382,563,448,339,476.446660052914,461.850788299578,438.906019064983,558.78,435.677142857143,527.772857142857,122052.696259118,153056.033315618,17857.6671957533,566347.037142857,507734.134285714,456647.035714286,2.35522396593252,56223.7623180734,0.290675007057854,96688.3536590786,0.993717534093024,34549.9518601474,0.502906010229545,139073.292504363,0.178942800384733,16619.4838924146,0.134890017703435,75753.7553495054,0.332848349123909,18426.743279986,0.0900426741400359,18947.6268698394,1.33982324193213,4750.61503761199,2
1951828,-2060,-333,-1257,-1227,740,-585,-126,676,-184,3969,2529,811,1154,1898,666,504,1514,223,282,1063,9,-118,957.5,111,198.5,1000,38,329.69,976.33,-16.58,-68.57,985.9,117.54,193.96,1003.72,26.58,0,864.552770992077,0,-730.575245280074,964.260255485314,0,0,985.501192013512,0,767.363675189281,1111.66758070927,243.162168110091,504.095675442668,1000.08013678905,323.297510042994,232.787843325205,1013.00703847505,71.8020891060977,485001.529191919,285438.93040404,59447.4177777778,251929.904141414,28445.9292929293,91621.8468686868,16737.0690909091,18918.6076767677,4493.98343434343,696.420511754155,534.264850429111,243.818411482352,501.926193918403,168.65921051911,302.691008899648,129.37182495006,137.544929665792,67.0371794927519,14.506612271954,3.60556792300978,10.785293830359,2.79741469142503,12.9879067725543,2.22149742056137,2.69709127058177,4.20378065445976,3.92782876016674,2.1058143569033,0.0286589497202665,-1.58729762648797,0.332011449480078,2.56415753072394,-0.243531484894337,-0.0950486836979603,0.541558769373643,-0.467444487523263,282,1098,-9,-454,861,-262,262,914,38,272.511111111111,974.355555555556,-0.588888888888889,-74.7666666666667,968.955555555556,124.666666666667,195.022222222222,999.322222222222,28.2333333333333,0.758133450749372,0.758133450749372,0.758133450749372,0.758133450749372,0.758133450749372,0.758133450749372,0.758133450749372,0.758133450749372,0.758133450749372,6029,2862,2068,2381,1158,1251,630,838,407,516.709717395557,490.551630005856,442.276643124098,552.617142857143,443.515714285714,524.682857142857,575296.104217372,303841.381955846,22446.5598974203,807334.14,582340.290000001,465226.705714286,4.72108642611284,474172.584784925,0.374546655420017,301815.391147377,2.41970970453507,50865.128369153,0.196936728708292,292290.408420688,1.11990702233843,30303.3733282364,0.14522943236456,107121.170573691,0.370100247429563,19424.2113766084,1.00443456683787,21956.6845378074,2.66554960828625,4688.63148874003,2
1953390,-2797,-1029,-970,-2690,638,-909,-87,761,-271,5060,4117,2108,1172,1990,717,563,1342,417,196.5,1063,128,-281,925,287,198.5,947,58,218.29,949.35,128.46,-114.71,959.31,161.21,194.02,990.37,36.99,138.154878837307,-5980.68338347951,151.352616229058,-2624.96871730643,933.820982786009,0,172.361228585182,972.08590989328,0,978.764644845736,1122.4624759875,350.480441679703,538.418619663176,978.919817962636,368.29326629739,231.719744519107,1000.11275864274,106.100942502883,919524.955454545,362279.381313132,107408.654949495,279531.541313131,38392.2564646465,110758.854444444,16212.4036363636,19588.6798989899,9989.0403030303,958.918638600035,601.896487207835,327.732596714906,528.70742505958,195.939420394791,332.804528882112,127.327937375753,139.95956522864,99.9451864925485,16.3099732153079,11.3604986971177,16.934586828613,7.67256741395814,18.6432159267968,3.18379593525491,2.74946520716367,2.54424781384061,5.40153841954985,1.7857007084531,0.933036060514178,1.44179616885261,-0.690775748764494,3.56984140769293,-0.924849903301531,0.135434068882066,0.657500608403637,-0.383339685171083,202,1049,118,-372,962,-40,48,904,87,183.388888888889,943.277777777778,127.544444444444,-107.466666666667,933.655555555556,182.488888888889,193.788888888889,984.922222222222,40.4444444444444,0.696799527469347,0.696799527469347,0.696799527469347,0.696799527469347,0.696799527469347,0.696799527469347,0.696799527469347,0.696799527469347,0.696799527469347,7857,5146,3078,3862,1352,1626,650,581,688,542.358776359487,484.894203334842,438.175303182392,555.471428571429,431.061428571429,523.448571428571,1137700.22249717,320137.634488015,21821.5105586332,1003173.76285714,593065.092857143,456504.42,6.91951365119898,570847.495364381,0.777722708645563,208915.301206732,1.90361884166834,113854.649718995,0.728834605993821,263615.264145548,1.9331768534229,29986.2594161001,0.30462047853112,122744.528766406,0.742941360088463,18284.8553340341,0.839668134459379,21295.0915662347,2.47955755961824,8972.71413807786,2
1954953,-1343,-58,-554,-1900,648,-606,-106,714,-233,3606,2598,821,1018,1500,696,601,1361,165,272,1049,49,-118,953,181,223,990,9,308.36,983.86,15.93,-89.88,987.52,139.83,224.24,996.55,-1.53,188.423954747227,706.763387953663,392.219675095741,-605.764458749401,967.903219200421,0,0,979.930640653415,0,637.099929367442,1085.91540186149,201.59030234612,489.052328488476,998.495307950919,353.862925438651,272.54254713714,1004.81173858589,71.535515654813,313949.92969697,213365.414545455,40792.8132323232,233428.046060606,22017.3026262626,106733.87989899,24238.2448484848,16701.7449494949,5166.65565656566,560.312350119975,461.91494297701,201.972308082874,483.14391857976,148.382285419327,326.701514993411,155.686366931998,129.235231069144,71.879452255604,18.189136278026,3.99012833250284,5.29594720777065,4.30629337644336,4.67747296396989,2.41074558859021,2.40503680029987,3.07844273249413,3.91150955527749,2.90507735935704,0.115374828584902,-0.0151846289591057,-0.336590478786506,1.17145153811898,-0.582513475530431,0.291974807532225,0.241512752161161,-0.526831216318736,262,1137,118,172,1000,515,97,980,9,259.122222222222,974.911111111111,17.1555555555556,-82.0777777777778,977.944444444444,154.477777777778,221.322222222222,995.255555555556,1,0.760167502961966,0.760167502961966,0.760167502961966,0.760167502961966,0.760167502961966,0.760167502961966,0.760167502961966,0.760167502961966,0.760167502961966,4949,2656,1375,2918,852,1302,707,647,398,494.517727335724,489.092364243068,442.693399451891,560.635714285714,444.63,522.54,339457.013796342,302963.361583562,30756.1386717056,696748.812857143,583450.298571429,466732.885714286,4.51545281213642,312133.191847602,0.264500392931309,223286.946491715,1.28660861596637,41750.311431212,0.55057885698739,264754.107416818,0.532229613672403,22610.1757032872,0.153233832589308,122524.376972013,0.276179648523803,28893.5294705392,0.986749492991615,19193.6924933473,1.56914263395892,5254.26102409025,2
1956515,-1434,19,-495,-990,768,-565,-87,800,-174,2616,2137,475,1154,1351,747,533,1228,126,303,1083,39,-190,957.5,242,213,980,14,340.69,990.3,3.67,-109.08,978.19,177.66,219.33,986.92,4.11,0,465.858904296425,0,0,964.111411856864,0,0,977.001943136705,0,516.08182490764,1078.0859427708,168.075310500978,436.512199142246,985.702465250037,346.507258221238,255.792709043866,991.921589643052,65.8389702228095,151788.660505051,183409.303030303,28521.0516161616,180448.943030303,14902.7009090909,89398.1862626262,17499.2536363636,9997.32686868687,4361.49282828283,389.600642331414,428.263123593782,168.881768157968,424.792823656783,122.07661901073,298.995294716533,132.284744533766,99.9866334501111,66.041599225661,20.5636735603922,2.99814433327056,3.72649152042499,3.26937536485217,3.19500984541225,2.86891646257381,2.65133852389388,2.58183389497551,2.48138597449488,1.95685917555814,-0.355444907304865,-0.536193834552878,0.519484320828025,0.761438434315175,-0.612510424989213,-0.0565945130671489,0.261776181960327,-0.502031860922697,303,1186,49,-200,861,272,194,1000,58,318.622222222222,994.511111111111,8.8,-117.466666666667,972.033333333333,187.866666666667,220.077777777778,984.877777777778,6.18888888888889,0.749892684113721,0.749892684113721,0.749892684113721,0.749892684113721,0.749892684113721,0.749892684113721,0.749892684113721,0.749892684113721,0.749892684113721,4050,2118,970,2144,583,1312,620,428,300,488.080539270788,478.086332297062,437.442890371333,571.997142857143,448.615714285714,518.725714285714,198721.285713039,253070.001832216,19074.451368241,624368.168571428,549522.655714286,451574.194285714,2.12192398624259,118143.46709661,0.131283713892564,212821.723337806,0.666282531743725,32119.5381366139,0.232515758333261,213647.158089499,0.45673148714528,17078.5802812143,0.184584297546263,105248.957974244,0.505426304566528,20737.7118453551,0.805106625499947,11743.1106019882,0.630177093636539,4559.15168627158,2
1958078,-1505,-156,-1168,-1427,712,-707,-67,742,-184,1626,1803,861,945,1398,636,524,1238,203,353,1039,-19,-99.5,953,156,194,971,0,393.44,954.54,-32.15,-48.17,980.42,133.75,226.29,989.02,-5.04,346.578274605182,914.285729941747,-752.736076440084,2385.93412521236,961.936238405141,0,0,979.397411145357,0,504.765212747471,1057.821761924,262.035894487759,470.842043577249,990.014686759747,345.201318073961,262.782628801829,993.931687793482,62.198553037832,101002.915555556,209939.665050505,68312.3106060606,221587.758686869,19096.6703030303,102297.866161616,18027.8241414141,9838.0197979798,3882.07919191919,317.809558628364,458.191733939521,261.36623845872,470.731089569054,138.190702664942,319.840376065337,134.267733061276,99.186792457362,62.3063334815907,16.302493430404,2.77235257550891,8.57032727556513,3.05506286711792,3.42547938605928,2.6560409731202,2.54824438234475,2.81187141353905,4.57464406942416,-1.32769427278074,-0.516617496322301,-0.975415903088001,-0.0727657724761749,0.596058371919393,-0.484570547260453,-0.00138159093621457,0.404696080743175,-0.218643582735566,242,784,69,-81,925,151,174,961,-19,397,968.788888888889,-25.0666666666667,-44.1333333333333,976.344444444444,146.355555555556,227.044444444444,987.1,-3.64444444444444,0.787570871658769,0.787570871658769,0.787570871658769,0.787570871658769,0.787570871658769,0.787570871658769,0.787570871658769,0.787570871658769,0.787570871658769,3131,1959,2029,2372,686,1343,591,496,387,493.908600522918,484.491883550871,438.985042578369,563.927142857143,456.857142857143,518.687142857143,249444.915800637,306940.833835418,19524.9131910579,618187.547142857,566136.54,454638.672857143,1.9972686114664,110781.851045886,0.0831041231102903,251916.839103375,1.25061898493965,81490.0966762174,0.267754990601228,264882.954562157,0.322717800802671,22737.1489220071,0.111261711760097,122904.469220094,0.224934547797717,21633.9458671507,0.720923118399465,11766.9169234027,0,4061.34573160142,2
1959640,-848,-107,-633,-972,694,-474,-87,695,-223,4121,2009,564,827,1407,595,485,1266,116,338,1000,59,-76.5,962,191,203,980,29,370.12,948.17,27.58,-17.75,972.28,156.93,212.86,990.95,8.27,288.522696827649,914.979764319784,0,0,960.482359653863,1274.59939375366,0,978.107760122352,0,640.559926938924,1022.46874279853,184.544845498323,359.233141566866,978.647301125385,280.142909958471,236.679868176404,997.375180160405,61.8684895564778,276089.096565657,147894.93040404,33632.4682828283,130033.724747475,12547.6177777778,54396.9950505051,10816.1418181818,12904.3914141414,3797.29,525.441810827475,384.571099283397,183.391570915428,360.601892323757,112.016149629318,233.231633897516,104.000681815947,113.597497393831,61.6221551067471,31.4483413379391,4.29578615740656,5.16993460789648,3.46461871436248,5.46034872567433,3.13987971620163,4.08192827896759,3.56462950108907,5.17736830108058,4.43036269923501,-0.614403799792175,-0.259250208880854,0.49789184181295,1.08310697423998,-0.606846302903106,0.272301637724193,0.325811591258146,-1.3917763504989,353,1019,59,-163,962,111,194,952,29,323.922222222222,958.222222222222,27.2111111111111,-21.5333333333333,965.855555555556,164.833333333333,212.266666666667,989.577777777778,13.5,0.692080881944536,0.692080881944536,0.692080881944536,0.692080881944536,0.692080881944536,0.692080881944536,0.692080881944536,0.692080881944536,0.692080881944536,4969,2116,1197,1799,713,1069,572,571,339,480.632391565132,458.768998918474,437.162650541637,576.801428571429,476.34,519.462857142857,313482.930595701,167676.746225211,14609.3610883149,638492.635714285,499405.302857143,451972.422857143,1.82346471261436,271947.06014588,0.297082098552678,165567.685068949,0.971323419191159,36343.8137712224,0.192903483632542,144361.448283877,0.441265017369351,13796.8362108908,0.103978809108609,64439.3929524103,0.224373254872168,12675.76855768,0.852909787815272,15287.9631781462,0,3893.54721893563,2
1961203,-1545,0,-475,-1118,657,-90,-67,790,-58,1101,1794,881,790,1388,787,378,1361,320,176,1049,178,-185.5,962,196.5,145,980,97,171.68,1075.67,186.28,-183.05,966.52,238.79,146.52,1002.33,98.99,256.574040179464,0,0,-442.769038645147,951.438756405399,0,199.789015773523,993.335203765012,72.3535938311979,421.193186079737,1117.82924903583,294.600644941589,370.600661089534,973.638207960226,298.217018293725,169.867536627809,1007.22595776717,118.803745732195,149423.916767677,93410.384949495,52615.4561616162,104886.411616162,13949.9490909091,32235.0766666667,7461.48444444445,9938.08191919193,4358.89888888889,386.553898916667,305.631125622858,229.380592382216,323.861716811607,118.109902594614,179.541295157038,86.3798844896452,99.6899288754482,66.0219576269054,7.79190951733872,4.7709764122785,4.91753000312073,4.41468025732572,4.96251594433432,3.66798196397984,3.74325638012346,4.68393279292271,3.40436577589265,-1.12727006673312,-0.345412442383271,0.654262689636217,0.289697001081894,0.0167423925398744,0.818100408796842,-0.0415202207050923,1.14395851530499,0.330221695531845,171,1049,178,-181,962,181,174,923,97,188.622222222222,1082.7,175.722222222222,-190.755555555556,966.555555555556,230.177777777778,146.288888888889,995.977777777778,98.0222222222222,0.607052749799416,0.607052749799416,0.607052749799416,0.607052749799416,0.607052749799416,0.607052749799416,0.607052749799416,0.607052749799416,0.607052749799416,2646,1794,1356,1908,731,877,445,571,378,514.465128657257,458.369886080797,438.663236777923,614.412857142857,438.111428571429,534.788571428571,187136.509096553,112165.594012029,12811.2260497567,648743.772857142,503249.828571429,453202.902857143,0.637190699376789,162001.192701215,0.12372165790464,110498.851123891,0.271076951242827,58373.3465984242,0.0816141429906286,120013.952001363,0.340313599059924,14612.5729664888,0.121863679986764,35517.286367362,0.345507749302353,8392.01575353082,0.655464897407779,11645.0123564302,0.29590196151734,4931.12795789027,2
1962765,-1515,49,-2099,-1081,620,-292,-126,847,-48,2666,1911,970,809,1324,909,310,1485,436,171,1053.5,188,-127,944,161,140,971,106,342.53,1115.15,149.26,-111.31,966.34,163.13,134.18,1007.56,116.18,0,821.177623584309,0,0,951.513210160638,0,147.165846090888,994.398689860622,0,807.683236176163,1172.15609455396,442.520666184078,364.18919533671,973.766347744673,288.463221225861,152.713522649437,1015.1717293148,141.494028142533,540429.706161616,131707.462121212,175298.982222222,121458.438282828,14553.4387878788,57171.3465656566,5370.85616161616,15552.0064646465,6588.65414141414,735.13924270278,362.915227182895,418.68721287164,348.508878341468,120.637634210386,239.105304344459,73.2861253008791,124.70768406416,81.1705250778517,5.50096999337469,3.33027741242037,12.9886212208648,3.33731363865468,3.8628987962008,3.61538266722625,4.40668366681386,5.24776875565592,5.87668946054212,1.19846219397275,-0.275878960722009,-2.68938251784721,0.0327553569301138,0.41060501881329,0.525179065022665,-0.702464528385776,1.51499957188662,1.21195133771896,191,1049,168,-72,907,191,106,933,97,307.755555555556,1122.43333333333,197.755555555556,-111.877777777778,965.111111111111,154.422222222222,137.444444444444,996.066666666667,110.855555555556,0.615373590438883,0.615373590438883,0.615373590438883,0.615373590438883,0.615373590438883,0.615373590438883,0.615373590438883,0.615373590438883,0.615373590438883,4181,1862,3069,1890,704,1201,436,638,484,585.115678497753,456.185939867798,441.025079007197,688.688571428571,436.354285714286,539.108571428571,664496.667638753,137411.566465938,18655.862890251,952339.997142858,498885.3,460249.551428572,0.464948336439696,586403.137965822,0.12528485493296,148776.299840251,0.303927077230291,165399.849456879,0.344200416294231,135128.484163236,0.881991262050483,14838.1025436769,0.649216490126259,62179.3475618514,0.368349159934548,6133.85301553862,0.551058256521864,18126.1506519459,0.405169614188207,7280.09802026643,1
1964328,-1525,58,-1831,-981,712,-292,-38,857,-9,1858,1892,732,745,1351,797,300,1371,378,161,1058,168,-231.5,953,196.5,126,961,135,211.23,1131.46,168.93,-193.77,968.3,211.06,128.16,994.14,135.23,0,887.156474689521,0,-1905.51475795295,959.388107841555,173.339448229764,132.963040911646,985.781797775279,141.096833629683,498.02430663573,1177.10583211536,349.979585118904,364.063085192663,972.964870897197,299.431828635501,137.597165668483,998.931268906925,148.461611199663,205464.744545455,106440.816565657,94897.3384848485,95954.6637373737,9147.22222222222,45568.7842424243,2533.32767676768,9645.79838383839,3791.61323232323,453.282190854058,326.252688212153,308.054116162808,309.765497977702,95.6411115693572,213.468461938583,50.3321733761585,98.2130255304172,61.576076785739,9.08678992316396,3.90642953953529,21.4952933461561,4.44474725010191,5.66187268917931,3.49031181780049,4.68737297798416,5.8811209377336,5.16632208785768,0.895818608257581,-0.189773394813342,-3.32349854814065,0.697162862895757,0.874206633847492,0.180290390343913,-0.0602652694900074,1.69754798270508,0.583070298934442,161,1029,148,-254,935,151,145,952,126,188.911111111111,1138.58888888889,199.033333333333,-203.711111111111,965.044444444444,208.477777777778,128.388888888889,984.533333333333,133.666666666667,0.569502306461186,0.569502306461186,0.569502306461186,0.569502306461186,0.569502306461186,0.569502306461186,0.569502306461186,0.569502306461186,0.569502306461186,3383,1834,2563,1726,639,1089,338,514,387,542.786922676838,458.378449773843,434.816925022812,647.837142857143,422.395714285714,538.941428571429,276562.783949032,106625.089248762,10231.0227261108,752610.882857143,500940.852857143,445216.075714286,0.408584702499254,231679.413445675,0.0735578912062259,120308.688818153,0.227441156155671,100449.958548271,0.158274325276432,104438.059139726,0.606756278745324,10701.1657737228,0.345164325731265,50994.1441791237,0,2697.85717847274,0.401667780926836,10836.6513815815,0.17810283301624,4213.32429855023,1
1965890,-1575,-117,-1782,-1472,638,-535,-203,761,-97,3656,3039,1079,1081,1287,939,262,1542,475,171,1049,188,-136,948.5,156,116,980,135,298.5,1081.29,176.87,-61.44,969.71,158.7,101.06,1010.19,143.95,0,903.0581182343,371.480231737438,0,953.505896798484,0,0,996.514098867159,92.0150874808468,815.067616826972,1169.13974784882,465.848977674096,416.847382143633,978.237460946983,294.241295538203,125.933156873001,1018.14178285738,167.401164870499,581043.404040404,199696.652424242,187608.356666667,171703.905454545,16778.8342424242,62012.3737373738,5703.06707070707,16291.7716161616,7375.30050505051,762.262031089312,446.874313900724,433.137803322068,414.371699630351,129.533139552874,249.02283778275,75.5186537930005,127.639224442025,85.8795697768131,9.72268382604219,5.84331935064128,10.0294306740348,4.01600769142573,3.12119858102231,3.42579062161729,5.74019448989892,6.91000670103793,6.39223286159192,1.85778241020392,0.409112393634898,-2.21445839640938,-0.00793847993411744,0.672599419527405,0.410890112813619,-0.961034293816525,1.669425463815,1.07414320222176,151,1019,168,-345,888,141,116,952,116,249.488888888889,1078.82222222222,222.7,-59.4777777777778,964.944444444444,152.111111111111,104.288888888889,998.788888888889,139.388888888889,0.623570208212797,0.623570208212797,0.623570208212797,0.623570208212797,0.623570208212797,0.623570208212797,0.623570208212797,0.623570208212797,0.623570208212797,5231,3156,2861,2553,649,1474,465,781,572,577.165508170947,463.770376627321,442.201284623272,667.14,457.272857142857,537.942857142857,769290.940499408,196637.700123394,19267.1966354216,963530.674285715,521694.947142857,463069.285714286,0.352654547913786,659805.579636434,0.217476740863156,229660.757326153,0.477412487810225,195378.558573459,0.727104094178353,184670.043494574,0.526372666112887,17687.6157294648,0.786750034361488,70049.720172104,0.769689431915881,6170.27233646138,0.813830449127072,18392.6648511623,0.738385611908159,7795.97447604851,1
1967453,-1212,39,-1415,-763,750,-161,-38,771,-29,1878,1911,673,763,1305,777,388,1466,339,171,1049,188,-204.5,944,202,135,980,121,195.08,1101.57,173.19,-164.14,967.55,216.22,135.43,1001.34,120.77,0,796.843279140299,278.40755426229,-1073.34060843177,958.651864553302,0,158.013043875063,987.56094665351,0,476.87163891345,1148.5378139182,380.203616500422,377.814742962738,972.246722802396,299.015952751688,153.891032877163,1009.25234703715,137.129026832396,191262.983434343,106750.146565657,115717.185757576,116971.757979798,9202.71464646464,43090.3551515151,5395.11626262626,16069.1963636364,4261.59303030303,437.336236132273,326.726409348336,340.172288344562,342.01134188766,95.9307804954418,207.582164820379,73.4514551430144,126.764333957294,65.2808779835491,8.65851006800839,4.54762876934418,13.412576772142,3.29143611725148,3.4269148015901,3.20752437844529,5.54957038243851,5.98026042388384,4.44842781554355,0.682908772590651,-0.159058473757825,-2.76105800866024,0.775015295457351,0.761083906479499,0.516987507056766,0.812717404544334,1.51638319737132,0.698008205843811,171,1009,158,-136,898,212,135,933,145,186.022222222222,1106.47777777778,213.644444444444,-179.555555555556,963.488888888889,208.611111111111,132.677777777778,990.533333333333,118.055555555556,0.581321498763703,0.581321498763703,0.581321498763703,0.581321498763703,0.581321498763703,0.581321498763703,0.581321498763703,0.581321498763703,0.581321498763703,3090,1872,2088,1526,555,938,426,695,368,532.400124049293,460.913409261109,437.999693559693,629.931428571429,436.984285714286,538.945714285714,269756.842846911,129644.769138443,17632.330169066,724757.339999999,504607.804285715,454747.337142857,0.19445613913309,218137.027852396,0.104854895311492,126859.646098215,0.178384023539818,131703.792523672,0.311789288466492,133514.918455388,0.162299481303609,10433.7844583907,0.282882274329777,49515.2679582516,0.238918403534372,5862.28610433326,0.441384874550578,18561.4693993115,0.282986814885017,4440.96072084582,1
1969015,-969,19,-1544,-1527,675,-404,-174,723,-48,3989,2960,495,1127,1277,1151,436,1419,378,181,1039,217,-167.5,953,181,116,1004.5,87,258.65,1063.28,154.99,-130.91,973.78,183.76,115.49,1022.19,90.71,0,509.021842091405,217.505699425832,0,958.199130192278,1863.45563884531,0,1007.97599259226,0,787.918707735766,1160.26478012564,349.47049947027,502.991401516964,981.635502617952,297.0580751301,145.926042912155,1029.72152060642,112.516443242755,559511.179292929,217828.284444444,99098.7170707071,238245.375656566,15515.9309090909,55026.0226262626,8036.83828282828,15610.1150505051,4476.41,748.004798977205,466.720777815221,314.799487087745,488.103857448971,124.562959619186,234.576261855846,89.6484148372311,124.940446015312,66.9059788060828,11.9381804346502,5.15467652247464,17.5836669795514,3.61087223888788,2.53223910107711,5.41882066272651,5.15022864506941,4.3391242725913,8.51437479404611,2.59739382294433,0.402966607021817,-3.66474006494345,-0.212428993988885,0.289933772385444,0.368689464174552,0.0940980202371091,0.83194587599392,1.60681330888786,202,1009,217,-418,842,333,145,942,97,173.577777777778,1060.33333333333,206.1,-121.922222222222,971.633333333333,183.088888888889,115.5,1015.4,85.9222222222222,0.595761096670324,0.595761096670324,0.595761096670324,0.595761096670324,0.595761096670324,0.595761096670324,0.595761096670324,0.595761096670324,0.595761096670324,4958,2941,2039,2654,602,1555,610,696,426,552.515696655299,479.215069312348,445.088179193287,632.965714285714,439.984285714286,526.452857142857,688208.938296014,266701.141682467,20220.783379764,895354.234285714,559222.332857143,468977.472857143,0.483012873387065,624548.570104313,0.220049694487985,247085.43787417,0.405077939921012,104061.039895736,1.01402859957961,265176.453953518,0.396086313208961,16224.6682607568,1.06054897249335,59788.8614870424,0.583902628428979,9263.17870091672,0.816504797901956,17031.4033733591,1.52067058668529,5010.78106370977,1
1970578,-1171,-725,-1227,-1827,555,-797,-97,714,-213,5161,2696,782,2209,1324,747,456,1533,398,181,1044,158,-204.5,972,222,126,995,116,292.15,1058.17,168.11,-98.24,971.58,191.73,150.32,1004.3,114.1,0,798.508566361978,245.063393766689,-1373.88262749024,952.053731708825,0,111.131401694766,991.782519913147,0,928.389137161783,1170.22188921589,344.00603192386,599.932962921692,980.892216301057,335.907085367368,180.625911762405,1011.06096749899,137.088949226406,784398.755050505,252217.698080808,90989.0685858586,353806.527676768,18365.4985858586,76841.593030303,10130.9268686869,13763.4242424242,5832.89898989899,885.662890184807,502.212801589932,301.643943393297,594.816381479838,135.519366091561,277.203162013537,100.652505526126,117.31762119317,76.373418084429,17.8915158031474,5.47316565494473,8.59950136672884,5.88720874383527,3.94987891745329,4.74488049240525,4.02864815047341,6.1268426694942,8.45166660444829,3.39208887106934,-0.149206962664186,-1.44606484665558,0.804665250100353,0.155937307423493,-0.932120041059191,0.732940195083634,1.11280103074064,-0.319521334067892,202,1029,138,-236,981,181,116,1009,97,186.455555555556,1058.97777777778,187.444444444444,-121.066666666667,970.2,207.066666666667,146.877777777778,999.1,115.355555555556,0.595761096670324,0.595761096670324,0.595761096670324,0.595761096670324,0.595761096670324,0.595761096670324,0.595761096670324,0.595761096670324,0.595761096670324,6332,3421,2009,4036,769,1544,553,819,611,571.534745018379,497.911491844568,441.143187322835,650.755714285714,456.458571428571,543.737142857143,894640.708218703,383223.917088169,17205.4638199621,1006999.63285714,614958.287142857,460141.448571428,0.65706414017438,865609.971438413,0.57872755730715,243002.853005484,0.489761964132572,97359.2787605836,1.64205954241417,376550.057575978,1.17573213588877,17679.6467605776,0.332319027661256,88465.9642608959,0.593714973786054,11848.5020837132,1.09240131803869,15782.262494054,1.53779173965542,5893.13167221646,1
1972140,-1262,-362,-1356,-1181,629,-757,-106,761,-271,4585,2931,831,1918,1268,717,417,1523,475,202,1039,158,-176.5,962,212,155,971,106,324.49,1046.3,112.54,-84.49,972.18,174.77,161.15,998.25,101.2,329.24244963721,0,419.327226366529,-441.935357274067,955.105050364235,0,119.677781027302,984.900485066825,115.12418433976,951.566377085698,1155.80370305688,397.316876057386,569.285754257034,980.180758839919,326.078809492429,184.71050322058,1005.71230975861,131.737390288407,808267.484747475,243574.252525252,146662.069090909,320149.201919192,15778.1490909091,76548.3203030303,8230.95707070707,15105.2398989899,7185.15151515152,899.036976296011,493.532422972648,382.964840541412,565.81728669173,125.611102578192,276.673671141709,90.7246221855295,122.903376271728,84.7652730494718,12.9704564369205,4.93179014041478,9.39810497900132,5.10793453394727,3.4451905513333,4.92230415279377,4.05300969354344,5.82100084443303,10.9537011847421,2.73961843557171,0.205896827555643,-2.26976317478247,0.910398627990662,-0.114675036581403,-0.956594733211636,0.441291093950067,1.32422799675542,-0.337845044159192,191,1029,158,-190,962,191,203,952,77,225.422222222222,1041.9,156.177777777778,-110.055555555556,973.655555555556,191.722222222222,158.033333333333,990.277777777778,103.711111111111,0.615373590438883,0.615373590438883,0.615373590438883,0.615373590438883,0.615373590438883,0.615373590438883,0.615373590438883,0.615373590438883,0.615373590438883,5847,3293,2187,3099,639,1474,523,762,746,577.653480427228,492.095883646307,438.73025427642,635.712857142857,455.34,540.257142857143,973280.833612831,363589.659338371,19176.7553743861,1028237.77285714,596214.848571429,455541.411428572,0.571109917154108,906587.144757634,0.578018583104477,258193.201123954,0.39102378108429,171685.462771014,1.08718145011995,373943.883973741,0.869183125581875,15730.5744039277,0.395006575527305,89610.7967998563,0.702882488754677,9697.97741779626,1.12910761384333,17539.1522089312,1.8268648932207,7032.12917074293,1
1973703,-1212,-411,-1861,-1427,759,-989,-19,695,-223,5060,3058,1069,1709,1361,747,504,1419,475,207,1049,168,-227,953,252,140,971,97,286.65,1049.23,159.46,-151.97,972.37,202.01,171.67,988.37,84.84,0,0,564.373174437126,-1775.4416883727,955.28096685509,281.117269145128,175.289070234575,969.566937740226,0,850.174740862136,1153.60471999728,465.525767278246,519.373959686082,981.504431981843,394.414870409319,197.577149488497,998.114818044497,119.56228502333,647099.866161616,232242.683939394,193218.937777778,249145.887979798,18027.8112121212,115914.191818182,9662.7687878788,19553.4677777778,7169.00444444445,804.425177478686,481.915639857635,439.56676145698,499.145157223626,134.267684913836,340.461733265549,98.2993834562496,139.833714739249,84.6699736886959,16.5643778848813,5.95313328508557,11.0555986579449,4.44195801414979,3.13633912458799,6.22229426037544,4.96767474055508,3.34234824092076,9.05496100860288,2.89060662297328,0.254469670698248,-2.24117359192195,0.853823227675154,0.738045172224617,-1.52539427511572,1.26627019443543,0.572522345750165,0.079067156581011,212,1029,168,-163,851,252,126,923,97,208.633333333333,1047.76666666667,205.344444444444,-171.166666666667,965.011111111111,231.411111111111,164.455555555556,984.066666666667,87.0444444444445,0.598605402168092,0.598605402168092,0.598605402168092,0.598605402168092,0.598605402168092,0.598605402168092,0.598605402168092,0.598605402168092,0.598605402168092,6272,3469,2930,3136,602,1736,523,724,698,571.083956784089,494.012644478355,435.25934292957,640.86,438.175714285714,533.52,808274.883061277,293463.095708383,20369.7548874512,972992.22,595141.435714286,449813.597142858,0.554399462607402,694552.844272521,0.566287405882976,226494.099727296,0.690338261824144,228529.84162036,1.03341490278731,272845.631535608,0.528288650020804,17590.6619085728,0.236053857803826,132604.836279629,0.588568400052482,11352.0618298114,0.713185992889806,22473.7693409879,0.747651870944955,7547.34815779351,1
1975265,-1696,-421,-2564,-2163,555,-1202,-29,619,-233,4888,2784,1445,1527,1435,808,495,1504,446,242,1029,163,-199.5,957.5,232,160,971,87,274.35,970.72,98.22,-89.8,984.01,160.43,170.57,1007.06,65.44,0,779.987515213644,488.700210747865,0,957.038038230131,0,0,980.375966294901,0,1062.83259735482,1108.60799203325,687.226585632424,549.250944468919,997.328095463073,387.254916043683,201.891431219851,1021.43402136408,127.502784283325,1064995.15909091,289610.466262626,467306.274343434,296578.343434343,26654.1918181818,125483.419292929,11783.8637373737,29452.1377777778,12095.5216161616,1031.98602659673,538.154686184768,683.598035649192,544.590069166105,163.261115450623,354.236389001651,108.553506333852,171.616251496698,109.979641825938,8.82293763874086,3.76732629573672,6.86235726415558,4.69008298929679,3.63418525789839,5.6899983921003,3.15789298887793,3.88971381245386,4.33051019224499,1.80944536920387,0.210259090990318,-1.67092650025011,0.0207783772549809,0.417236962542925,-1.30724583084857,0.527684723849579,0.861093716593834,-0.244579994059119,262,1029,148,-263,953,90,145,971,135,188.444444444444,962.155555555556,152.044444444444,-89.5777777777778,980.033333333333,186.211111111111,166.133333333333,997.422222222222,66.9,0.692080881944536,0.692080881944536,0.692080881944536,0.692080881944536,0.692080881944536,0.692080881944536,0.692080881944536,0.692080881944536,0.692080881944536,6584,3205,4009,3690,880,2010,524,885,679,619.98362692234,500.262923619377,443.870466769091,575.695714285714,451.988571428571,532.744285714286,1275667.97393916,336692.96562931,30243.355264703,1213245.08142857,619845.557142857,471576.244285714,1.20584144808784,1093087.19079062,0.52356571244996,321685.21077594,0.85288791871068,523546.403410899,1.21737139273248,314106.49642044,1.11012187631826,25781.1735243427,0.318295581716027,141456.679746981,0.567694129345433,13706.7315771779,1.291686543186,34321.6502022169,0.925978774610304,12133.0418199834,1
1976828,-2727,-2568,-366,-1245,685,-515,-203,780,-213,5121,4588,1207,1627,1712,767,582,1314,475,267,1019,113,-172,962,202,155,990,58,309.79,969.38,102.83,-120.85,972.71,175.48,166.54,996.76,65.28,264.28609915896,815.498975643529,0,0,957.440303402036,0,204.593139860853,988.810056633135,0,759.974400884661,1161.91317231538,198.253095814416,462.980960731648,981.376915359231,269.915875783549,215.236428143565,1000.8559636631,118.675355487144,486455.803939394,414489.530909091,29020.485959596,201764.290404041,17106.9756565657,42486.2117171717,18778.9377777778,8264.8105050505,9921.57737373738,697.463837011923,643.808613571682,170.354001888996,449.181801060596,130.793637676172,206.121837070146,137.036264462287,90.9110032122103,99.6071150758688,28.8820733412329,20.4617368864664,19.9355579564311,6.90501889691962,12.9746468428439,6.09378818378182,4.51365149959318,4.39323398394112,6.72587113364124,3.00661788731371,-0.0514512346811709,2.82180396506733,0.986330753636234,1.93825303436152,-1.073694426682,0.284772844614405,0.620884489047808,0.748939426299069,212,1019,138,-218,925,191,155,971,106,265.077777777778,977.655555555556,89.9666666666667,-137.911111111111,966.133333333333,188.255555555556,164.433333333333,994.966666666667,62.1666666666667,0.662763123158257,0.662763123158257,0.662763123158257,0.662763123158257,0.662763123158257,0.662763123158257,0.662763123158257,0.662763123158257,0.662763123158257,7848,7156,1573,2872,1027,1282,785,534,688,513.375351175749,469.639826237052,439.9189882009,592.285714285714,440.288571428571,526.534285714286,739009.907492237,227051.480653048,24039.7926972379,842960.4,535845.685714286,455195.665714286,3.291515538595,357386.345404545,0.58348625094524,222860.699122978,0.917149659489706,26960.1210730813,0.197325615802283,226946.477152264,1.08041604974177,14567.9023097049,0.204490942950118,41199.0993597291,0.114195339980066,20467.1633543581,0.816555382516929,7919.40107645544,0.826764820414881,6678.42559847069,2
1978390,-1585,235,-1445,-954,629,-242,-116,819,-67,1535,1686,1128,600,1314,848,339,1571,339,141,1068,178,-167.5,962,171,116,980,106,174.92,1081.2,207.15,-141.78,977.57,217.25,120.84,1008.86,117.21,0,913.37746377308,141.01275052998,0,963.673580742214,0,0,995.395464052944,0,513.081104699832,1130.23847926002,421.561845996528,362.370197450066,984.269846129607,295.949640986435,145.160394047412,1016.638637865,139.183440106932,235005.266262626,109540.98989899,136164.916666667,112333.930909091,13276.793030303,40796.5934343434,6534.58020202021,15914.7680808081,5690.75343434344,484.773417446364,330.969771881043,369.00530709824,335.162544012739,115.224967044053,201.981666084681,80.8367503182816,126.153747787405,75.43708262084,6.98916441877155,3.16738958817573,10.741361269826,3.04341866057495,4.18720246363584,3.9865147024821,3.90690054139044,6.57795130278931,3.05038228264061,-0.114189066246272,-0.662401287969853,-1.60512105163533,0.121483689789872,0.116098310498929,0.754407588984418,-0.154983793186418,1.59922101207918,0.229855157083752,131,1019,168,-236,944,161,106,923,97,179.744444444444,1093.86666666667,226.966666666667,-143.2,977.188888888889,207.744444444444,121.644444444444,998.466666666667,116.133333333333,0.563501293080891,0.563501293080891,0.563501293080891,0.563501293080891,0.563501293080891,0.563501293080891,0.563501293080891,0.563501293080891,0.563501293080891,3120,1451,2573,1554,685,1090,455,752,406,539.556979263981,462.35515714815,440.766164909903,627.115714285714,451.302857142857,534.39,346989.589916698,122699.989462402,17608.6238613849,736459.555714286,509008.062857142,460284.724285714,0.738785245090865,260252.200723088,0.063848122256771,127544.56719474,0.313959962693431,151689.812877081,0.12502724108458,129066.254133787,0.853687061768126,14478.4385546757,0.216719424854751,44339.2462359068,0.462394688355476,7641.51208759583,0.511038509995283,18902.4577951398,0.30140467443152,6643.01825992133,1
1979953,-1272,68,-1504,-1190,694,-353,-116,790,-9,1585,1931,673,845,1435,626,378,1609,359,141,1098,198,-172,925,161,101.5,966,121,276.71,1137.46,138.53,-164,953.8,147.62,99.21,1006.52,128.54,0,890.537152248446,402.643269231982,-189.394203610633,938.923745585708,0,0,991.356014144475,82.5550510558886,577.855994171558,1182.59054621623,397.462035922929,392.249155512157,962.138316459749,236.476510461399,127.498352930538,1015.60022646709,147.376185321781,259948.612020202,105762.776161616,140187.382929293,128245.858585859,16137.0707070707,34474.2177777778,6477.98575757576,18546.7773737374,5249.70545454546,509.85155880923,325.211894249912,374.416055918136,358.11430938439,127.031770463419,185.672339829544,80.4859351537631,136.186553571699,72.4548511456994,4.09087100937821,4.52301052327441,8.73338069858492,4.08947259987002,5.7914025253094,3.47697568341736,4.42869320349783,7.50288401896715,3.02079348131026,0.0916693580516648,-0.590646028230927,-2.13668936199181,0.152757547412908,1.32081698816887,0.0712777224522086,0.499619884969286,1.8452076604539,0.479136440545124,111,1019,178,-281,935,161,126,952,106,282.066666666667,1148.97777777778,177.144444444444,-164.244444444444,945.211111111111,146.633333333333,96.4333333333333,993.022222222222,126.355555555556,0.642224642484918,0.642224642484918,0.642224642484918,0.642224642484918,0.642224642484918,0.642224642484918,0.642224642484918,0.642224642484918,0.642224642484918,2857,1863,2177,2035,741,979,494,819,368,565.34483832285,449.187143581016,439.221506706712,665.442857142857,401.751428571429,528.972857142857,348621.220082544,135801.189917407,21532.9614555221,810177.437142857,486638.862857143,458322.595714286,0.454602641841458,275325.778983318,0.106619705848174,120737.896598678,0.159210516056295,145076.63969562,0.255369606187957,148344.688308713,0.964173938425182,18441.2390497773,0.246817601839291,37620.2786094247,0.706006917632257,7308.21727526169,0.708088022918117,21956.8951564201,0.18990170034406,5944.59842194395,1
1981515,-1454,88,-1861,-1118,657,-484,-67,800,-116,3585,2450,1217,763,1425,1060,330,1695,427,161,1039,178,-209,953,191,135,966,106,268.87,1102.27,159.12,-174.25,966.28,201.2,133.73,991.13,110.94,-767.223967064295,907.441022863012,151.895512347486,-251.447436362099,957.197788412448,0,0,980.653159178034,0,690.759632578511,1153.93268001214,367.717745016473,390.651775882307,971.127880353561,287.677041141625,149.942088820984,997.780321513709,132.420164627597,408947.265757576,117738.865757576,111007.237979798,123480.553030303,9487.19353535353,42703.6767676768,4645.37080808081,13360.4980808081,5280.21858585859,639.489848048877,343.130974640261,333.17748720434,351.397998045383,97.4022255154036,206.648679569159,68.1569571509821,115.587620793959,72.6651125772099,17.723919054321,6.25252523918642,17.9048081033871,4.33682949778897,8.13139385364247,6.65857977042482,4.32982916064242,16.7294994478763,9.17372850410786,3.32853656197533,0.641238828127144,-2.63477538204416,0.316270354766504,1.24295276980748,0.159036919249041,-0.048136626461752,2.97726911708242,1.41650219118101,151,1019,188,-209,935,191,165,933,97,186.422222222222,1096.04444444444,184.411111111111,-178.055555555556,961.566666666667,200.766666666667,133.488888888889,979.066666666667,106.544444444444,0.592902378512491,0.592902378512491,0.592902378512491,0.592902378512491,0.592902378512491,0.592902378512491,0.592902378512491,0.592902378512491,0.592902378512491,5039,2362,3078,1881,768,1544,397,895,543,544.694947000906,459.391968566688,433.354019141303,655.825714285714,425.67,529.628571428571,496449.765591947,143220.689301907,15648.8832106267,833111.074285715,505052.678571429,443821.414285714,0.169977163012596,458454.25579045,0.241003385404906,134384.199087076,0.233164073605179,108734.666117521,0.777916645900208,140084.521972393,0.867346114608126,9148.15093487425,0.753291182344834,48081.3358191085,0.480877044542366,4995.29399816283,0.71075043337942,15330.1545522073,0.538767377905748,5201.50803700868,1
1983078,-1141,254,-1990,-1472,657,-313,-155,733,-48,4191,2745,1158,1290,1194,727,427,1695,417,196.5,1068,158,-127,962,151,126,975.5,145,314.71,1113.84,185.68,-62.87,973.14,183.19,132.38,1005.2,149.65,0,923.118041315653,0,-613.718969882496,965.046258914285,397.353872427091,0,993.337963377663,0,784.254926666068,1188.709485114,517.241046321732,432.310501838667,977.041851713631,303.676982993443,155.242326702482,1012.76633040401,167.836855308958,521225.662525253,174132.014545455,235415.391515151,184787.609191919,7686.18222222223,59253.6706060606,6642.13696969697,15422.8282828283,5832.41161616162,721.959598956377,417.291282613781,485.196240211269,429.869293148416,87.6708744237345,243.420768641586,81.4993065596081,124.188680171859,76.3702272889221,11.6037243993054,4.43572809073071,7.79438826106416,4.35670272575991,4.12779396277413,2.60851262243054,5.42298380812857,15.2462851404496,5.32822935480232,2.30481095060752,0.501833752578942,-1.68978969329502,0.070142283161668,-0.0556375799072538,0.353143867304276,-0.0877247252699564,2.89328958231111,0.734829746370584,212,1019,108,-163,1000,111,116,942,126,253.477777777778,1104.53333333333,226.222222222222,-65.4,973.177777777778,179.422222222222,132.955555555556,991.422222222222,147.077777777778,0.601435386429077,0.601435386429077,0.601435386429077,0.601435386429077,0.601435386429077,0.601435386429077,0.601435386429077,0.601435386429077,0.601435386429077,5332,2491,3148,2762,537,1040,582,962,465,592.054225878474,468.969110654726,441.820334560759,691.812857142857,468.625714285714,551.67,693337.743527031,194948.675106904,17672.4292733779,983838.998571428,528738.368571429,461985.012857143,0.237186975754918,588172.602628974,0.247667560163683,188523.964581524,0.356870090796274,249158.703702125,0.823165876201942,211422.916846692,0.376612888405295,8132.24027035925,0.233990003050319,68033.9327949671,1.43287268781469,6941.65710810476,1.27494101722151,17272.9742855204,0.521080940159778,6727.62877876112,1
1984640,-1141,156,-1613,-945,675,-151,9,847,-9,2323,2352,960,727,1222,989,310,1514,262,191,1024,188,-185.5,953,181,135,980,87,226.78,1080.3,155.17,-148.22,976.72,176.61,127.39,1006.2,98.67,0,906.518272696701,366.648252217688,0,967.035650377131,0,81.0605709360031,995.671372572929,0,529.488337926342,1132.48474603414,359.003913627693,339.428225108048,981.616890645225,254.102439972543,137.751333931835,1012.41212952038,114.749248363551,231241.143030303,116640.01010101,105864.728383838,94184.1935353535,9686.62787878788,33714.0988888889,2774.96757575758,12666.5454545454,3466.28393939394,480.875392415024,341.526002086239,325.368603869271,306.894433861798,98.4206679452435,183.613994262117,52.6779610060752,112.545748273959,58.8751555360488,9.81472678092796,5.25146250773062,16.4676165058815,4.10131858218014,3.96667490424888,6.40694486988464,3.83929899349285,7.75338101956272,2.92998234724005,1.85115851221486,0.415258479317071,-3.18630328793204,0.0236700031163316,0.45029852279608,1.21980843904796,0.0818721215119026,1.93484403163303,0.496222450407066,191,1019,178,-218,944,191,145,952,87,187.211111111111,1078.61111111111,197.944444444444,-147.544444444444,974.6,165.055555555556,126.955555555556,993.933333333333,96.8111111111111,0.584238811642856,0.584238811642856,0.584238811642856,0.584238811642856,0.584238811642856,0.584238811642856,0.584238811642856,0.584238811642856,0.584238811642856,3464,2196,2573,1672,547,1140,301,667,271,521.651718692116,452.903450992553,437.991571914396,626.678571428571,430.761428571429,528.111428571429,321848.162057763,111372.203438833,13340.4581733957,725041.461428571,490007.695714285,453051.917142857,0.335503300704652,261316.25957626,0.11107068507926,135787.992220627,0.256842788481429,109092.4308604,0.20956979453208,110330.635827796,0.484395196307235,10363.2084268578,0.477689384787317,38180.5748461603,0,2951.76159954053,0.754346342123154,14258.9953801011,0,3472.47051339209,1
1986203,-979,9,-1326,-1345,787,-747,-145,733,-145,4151,2382,752,1027,1231,646,398,1466,339,212,1029,168,-154,972,166,145,995,97,279.25,1018.73,104.78,-121.83,979.02,131.28,134.77,1010.42,87.75,0,421.262487403715,186.763785016827,-207.63442988112,972.099771117166,0,0,1000.58878742482,0,662.563317728955,1078.22986881277,324.411282171259,369.458373839327,982.525338095665,257.611179881619,161.045987221042,1015.73648157384,112.074751840011,364656.148989899,126029.128383838,95215.9915151515,122885.799090909,6945.33292929293,49625.334949495,7851.37080808081,10880.8319191919,4909.78535353535,603.867658506315,355.005814577506,308.570885721825,350.550708301822,83.3386640719236,222.767445892561,88.6079613131959,104.311226237601,70.0698605217347,20.1356788523424,5.51668105609847,11.8486978042601,4.68492850468828,3.06173964673689,6.36313883157695,3.72048865136077,8.15914356624308,5.88838977297199,3.30579561933152,-0.0642614821817257,-2.83005741304075,-0.0288569061733711,0.337434289620025,-1.38103626214754,-0.205883641960557,1.33400378909541,0.0489111717253136,181,1019,158,-100,925,161,194,980,106,214.655555555556,1022.72222222222,148,-121.033333333333,977.155555555556,148.211111111111,135.811111111111,1005.18888888889,87.5666666666667,0.623570208212797,0.623570208212797,0.623570208212797,0.623570208212797,0.623570208212797,0.623570208212797,0.623570208212797,0.623570208212797,0.623570208212797,5130,2373,2078,2372,444,1393,543,733,484,510.807247490648,458.780670851272,441.223442984471,601.182857142857,423.63,528.402857142857,454825.167045998,151058.562160905,12802.6529336952,731491.062857143,500665.307142857,458664.497142857,0.472849718320466,404754.080334818,0.315295619240411,140667.526868067,0.484899919463692,107981.295005781,0.916902867932697,136923.401128185,0.556513476164703,7680.08083838992,0.583992440430721,57596.0069786687,0.577869805349191,8418.3353100189,2.63369530506322,12437.3179720886,0.855549350905785,4815.27194399662,1
1987765,60,823,-306,-400,888,-50,87,866,-67,565,1215,514,154,1148,464,291,1142,135,232,1019,108,-136,972,141,174,1000,38,248.24,1011.16,93.11,-130.66,972.3,146.57,177.28,995.35,32.88,227.529990069449,1007.12300503115,0,0,970.555006141945,0,168.099383651666,992.508612425267,0,260.08579353744,1013.09019341814,137.146527480648,168.233765933002,973.19226260796,180.412222424092,181.578412813858,996.764290090691,52.5906835855934,6082.34585858586,3946.66101010101,10242.1190909091,11344.0044444444,1753.42424242424,11177.5809090909,1558.10262626263,2845.88636363636,1701.70262626263,77.9893958085704,62.8224562565092,101.203355136621,106.50823650988,41.8739088505509,105.724079135696,39.4728086948804,53.3468496130405,41.251698465186,8.16812998648096,4.91008449677794,8.98738327943728,2.57824695989248,5.86860208408475,2.93328600964031,3.42164983979897,3.13892929389801,2.99882180211102,1.91750491513838,-0.469498702455935,-0.135368993244014,0.247800922598011,0.714295243226323,0.525550626740497,0.275257901132452,0.0420184137644149,-0.371078120895086,232,1039,128,-190,1000,171,165,1000,38,240.411111111111,1012.9,95,-132.522222222222,970.711111111111,142.666666666667,176.644444444444,995.211111111111,33.9333333333333,0.584238811642856,0.584238811642856,0.584238811642856,0.584238811642856,0.584238811642856,0.584238811642856,0.584238811642856,0.584238811642856,0.584238811642856,505,392,820,554,260,514,204,276,202,451.643576943015,429.965240439437,434.263449503523,579.647142857143,423.518571428571,516.647142857143,14488.0402357942,18125.7316294736,3291.28790300698,476916.655714285,431980.435714285,441118.092857143,0.615643556183251,6717.92627924586,0.392852869339845,4536.86532074795,0.586222058499549,11792.3145537755,0.602852401971045,13069.5775823281,0,1797.36037974834,0.163836733892443,12875.2172569058,0,1805.78435348537,0,3293.2522079424,0,1705.08402629567,1
1989328,-454,274,-366,-854,796,-373,48,780,-116,1858,1980,752,518,1370,505,388,1285,165,267,1004.5,0,-118,981,90,233,1000,19,287.01,997.88,8.42,-120.98,981.91,123.35,223.67,990.46,22.12,265.183307116415,938.471505525235,0,0,976.437489468741,0,179.991608489104,982.144022339101,0,361.947744847236,1018.84159710919,144.550060532675,271.529372260166,984.736081394401,232.238304334147,238.678423825867,994.59976875123,50.4898009502909,49122.6564646465,42700.7127272727,21034.1652525252,59688.9288888889,5614.04232323232,39110.5126262626,7009.21323232323,8300.69535353535,2080.73292929293,221.636315762211,206.641507755031,145.031600875551,244.313177886271,74.9269132103567,197.76377986442,83.7210441425764,91.1081519598293,45.6150515651679,28.7974730311827,8.69600299068543,9.91660879398835,3.74755721703964,9.31621315643329,2.5468809566829,2.36391528964441,3.21767349436824,3.74692268276215,3.33553829675395,0.0929075257185579,1.18984030632357,0.385260851543174,0.936423319473375,-0.152340579800151,-0.155557765925074,0.1691857346782,0.366024048437778,232,941,-39,-236,981,0,281,895,19,278.066666666667,1003.9,5.5,-126.844444444444,981.688888888889,127.166666666667,223.988888888889,990.422222222222,20.9111111111111,0.758133450749372,0.758133450749372,0.758133450749372,0.758133450749372,0.758133450749372,0.758133450749372,0.758133450749372,0.758133450749372,0.758133450749372,2312,1706,1118,1372,574,878,340,505,281,459.079577700587,447.330979549344,437.203674571115,554.275714285714,421.834285714286,529.821428571429,50389.2444532323,83393.7204652494,8885.92506542668,509973.895714286,470300.562857143,449462.275714285,3.08397396768304,53679.5514425328,0.480195262790729,48028.0373509966,1.18979759938573,23156.9624243386,0.268801326606051,69413.7234428547,0.21560113586865,6222.20029880848,0.185865731038814,46302.2691620168,0.397390994161083,8149.07534632326,0.142813058820312,9695.19250894045,0,2011.38182980205,2
1990890,-515,39,-841,-700,805,-474,48,771,-87,2919,1980,267,700,1148,535,378,1219,145,313,1009,-49,-76.5,972,90,203,980,19,326.41,959.37,-70.92,-57.93,975.87,93.51,202.74,995.48,19.96,317.31950932833,674.423648566928,0,0,971.166964072432,0,172.160049733235,988.903842849934,0,465.686493254851,1004.38140663794,171.89549150574,284.709659126627,978.225265468031,225.58969391353,214.282757122453,998.755745915887,44.8370382607951,111434.76959596,89284.0536363636,24766.0743434343,78488.591010101,4648.90212121212,42572.313030303,4862.21454545455,6598.59555555556,1628.24080808081,333.818468027099,298.804373522818,157.372406550305,280.158153567054,68.1828579718695,206.33059160072,69.7295815666102,81.2317398284412,40.3514659966749,39.1985121133449,4.94012925969099,7.92203699531403,3.70455606729994,2.85203192226301,3.49634419020015,2.70177312476484,3.29057636060439,3.74985854099323,4.63166766374465,-0.502717401553643,-1.31744810532454,0.658534239699604,0.16991375964967,-0.476836760532005,0.0373773089955929,0.164238907956128,0.04105535496632,313,901,-49,-136,962,80,213,961,0,309.944444444444,968.755555555556,-63.9555555555556,-68,975.722222222222,101.177777777778,202.222222222222,994.388888888889,19.5888888888889,0.77018281481828,0.77018281481828,0.77018281481828,0.77018281481828,0.77018281481828,0.77018281481828,0.77018281481828,0.77018281481828,0.77018281481828,3434,1941,1108,1400,343,1009,330,448,232,458.259573837897,445.056612943,436.830220310638,520.654285714286,433.478571428571,522.077142857143,138994.61788877,113386.7662259,6956.00792305784,537940.277142857,466660.701428572,448045.928571428,2.14312704972013,116404.681499436,0.107435682174435,103737.505977754,0.627330359458166,26187.6133739139,0.0715279357744868,93149.8266041607,0.203715657486779,5247.11840993687,0.0664924704078891,51117.4503133832,0.276317366758925,5592.50532993644,0.378768765657184,7716.6544607347,0,1726.20243315347,2
1992453,-1959,-1078,-653,-4345,444,-434,-145,752,-271,3242,2931,1287,754,2398,989,708,1933,495,242,1024,69,-158.5,944,191,179,995,29,277.92,982.64,55.96,-185.23,973.86,167.41,174.22,1008.76,37.33,419.916083789299,878.434734175692,0,0,945.596239900597,393.987694307872,0,987.112375230362,0,666.437483939792,1115.74476471996,245.225488071693,584.639213532585,993.4289607214,316.391829856588,226.062380771326,1021.72833962849,86.1546864656822,370605.448080808,282126.273131313,57579.8165656566,310598.845555556,38886.6670707071,72805.7392929293,20961.2036363636,26598.0428282828,6090.00111111111,608.77372486073,531.155601619067,239.957947494257,557.313956002858,197.197026018921,269.825386672435,144.779845407997,163.089064097759,78.038459179504,12.9052692823453,9.09367015457512,15.8227624724273,32.3348516859439,29.2100419605746,3.01864724525464,3.7601316169899,11.7947789694949,15.3715801121983,1.4532638264121,-0.0366617260604491,2.05657186814822,-4.14981612540456,3.95699067949603,-0.177103364306068,0.222773405622905,2.02146924602283,1.49268162898709,242,1049,69,18,981,60,262,847,29,241.011111111111,973.433333333333,49.9666666666667,-150.766666666667,955.255555555556,170.633333333333,172.755555555556,997.3,35.5444444444444,0.70379004024658,0.70379004024658,0.70379004024658,0.70379004024658,0.70379004024658,0.70379004024658,0.70379004024658,0.70379004024658,0.70379004024658,5201,4009,1940,5099,1954,1423,853,1181,766,505.23845138154,477.702009692244,444.24337045047,564.222857142857,409.731428571429,522.99,508264.92877352,351184.688283862,30140.3868851621,749640.36,612346.242857144,472480.984285714,2.6866843246264,313749.234083013,1.90728044231244,299997.516936907,0.96531481916518,59000.7227453945,1.77394825092515,310031.5616036,1.63115165165814,38635.4474433528,0.621864558211373,81145.9523993988,0.755946927192488,23053.460729284,0.782644703271646,29764.2755508747,3.24283916245633,5989.87562388593,2
1994015,-2151,-88,-1752,-1209,703,-898,0,780,-184,4000,3127,831,600,1879,1202,349,1314,281,146,1044,128,-227,939.5,212,194,980,67,216.58,1018.58,112.14,-174.07,963.76,155.21,190.52,996.73,46.06,165.984948071778,1014.8504888056,0,-1341.15680320637,949.773340610115,338.364467327848,0,985.712068994015,0,690.832960997085,1088.74739035279,358.950080094712,361.850231449422,972.901742212439,338.542833331323,206.021406654745,1002.61706049718,81.0835371700076,434690.185454545,149359.256161616,117444.222626263,101651.742525253,17883.2953535353,91435.4605050505,6209.04,11889.1687878788,4497.99636363636,659.310386278379,386.470252621875,342.701360700921,318.82870404851,133.728438836081,302.382969932254,78.7974618880583,109.037465065356,67.067103438544,17.7237351606818,14.5133869101448,16.0566878032699,4.34006061172708,23.6227914969738,5.2560568798131,2.4089051079172,3.8987054642858,5.69904622517656,2.47592118920108,2.0309212050125,-2.54075860699606,-0.464913781834144,3.39761918859033,-0.622435344143622,0.0179621273991983,0.885563969309113,-0.790472812868355,141,1049,138,-290,944,202,194,980,67,166.122222222222,1002.27777777778,134.844444444444,-157.566666666667,953.944444444444,166.277777777778,190.911111111111,991.322222222222,49.3444444444444,0.626275189074183,0.626275189074183,0.626275189074183,0.626275189074183,0.626275189074183,0.626275189074183,0.626275189074183,0.626275189074183,0.626275189074183,6151,3215,2583,1809,1176,2100,349,534,465,512.198263835622,460.333777024878,437.897770912934,577.414285714286,404.957142857143,528.561428571429,572520.693114,126766.606227699,14575.1527802818,767771.237142857,510893.417142858,451825.855714286,1.89391682254307,417007.932873285,1.12819596061189,132989.513720452,1.11922497324764,130136.536632012,0.999811636008973,102831.771727298,1.56122848413479,14988.8208328975,0.485945704558709,103730.094993217,0.235882258404289,7239.91020970424,0.473560975172393,13843.39184724,0.8871700925516,4421.87689035144,2
1995578,-1101,637,-178,-1145,722,-111,-38,800,-38,1070,1500,643,127,1231,646,330,1438,203,191,1029,118,-190,944,202,135,971,97,164.52,1043.9,145.29,-215.88,942.5,213.73,146.84,999.48,98.91,0,1024.10687315245,0,0,934.38275120287,134.595483638319,0,991.746748725586,0,305.342365223039,1052.69948228352,197.272172391344,280.505579267151,946.479603583722,251.685855780574,175.075526559254,1003.93950016921,110.956703267536,66835.4844444444,18635.3434343434,17986.9958585859,32403.237979798,7593.32323232323,17843.694040404,9181.26707070707,9024.49454545454,2553.73929292929,258.525597271227,136.51133079105,134.115606320017,180.008994163619,87.1396765676992,133.580290613563,95.8189285616734,94.9973396756696,50.5345356457274,10.6517213545486,5.3961308869269,6.43686763781472,10.8648105343962,4.00193900246983,4.77938749506283,2.17170965122389,10.4492580624212,2.86599757446259,-1.05815390414077,-0.237776665625551,1.26852163947325,-1.81806395525434,0.0769230675898926,0.57082109718171,-0.0879968591706919,2.07656657457228,0.187923373159965,212,1009,118,-154,972,171,106,952,106,172.044444444444,1047.08888888889,135.6,-207.044444444444,942.033333333333,209.644444444444,147.388888888889,991.744444444444,98.6333333333333,0.612613890073306,0.612613890073306,0.612613890073306,0.612613890073306,0.612613890073306,0.612613890073306,0.612613890073306,0.612613890073306,0.612613890073306,2171,863,821,1272,509,757,368,638,241,473.513546935341,434.345468292022,437.390243568447,580.161428571429,403.007142857143,533.67,67075.4422645797,39218.3441278551,11392.7487378383,531568.487142857,444794.052857143,450367.435714286,0.67782092846427,72207.1632917376,0.231957850046346,21735.8274945529,0.144488121598146,21312.2424276759,0.545198350750308,36805.1078162501,0.490236173710312,8296.01632778439,0.271475322708177,20530.9457503913,0.294882663963798,8763.39647392903,0.746731700871661,10490.0188232406,0,2586.43697007186,2
1997140,-929,166,-1366,-990,629,-424,-116,866,-9,1242,1784,623,545,1259,767,310,1371,271,171,1049,198,-190.5,953,181,126,975.5,116,199.45,1120.31,156.49,-193.66,969.97,180.49,112.37,1005.77,117.88,0,976.780741880833,279.721547725932,0,959.889726358908,0,0,996.067948420583,99.3366002338897,407.397312214992,1158.06408717307,280.567300304223,353.291918956548,975.001502562945,254.904158459606,133.31432781213,1011.15515624458,133.017292108959,127466.936868687,86886.8019191919,54776.6564646464,88192.9135353536,9884.97888888889,32726.7574747475,5197.6697979798,10971.1687878788,3836.26828282828,357.025120780999,294.765672898307,234.044133583063,296.972917174872,99.4232311328137,180.905382658304,72.0948666548444,104.743347224913,61.9376160570318,6.40533935702814,4.26878484022682,21.0226390826766,3.54829517959214,5.06627537444451,4.44619382610624,3.48296318839894,4.127780723533,2.61270767339493,0.542333293737224,-0.580843902261132,-3.48388878880043,-0.167343131284075,0.451646830365202,0.0233163191824505,-0.251666004877194,1.24071621936459,0.217733371358225,151,1039,217,-245,916,171,155,933,145,191.422222222222,1132.63333333333,182.466666666667,-192.877777777778,967.411111111111,178.988888888889,112.9,998,116.666666666667,0.601435386429077,0.601435386429077,0.601435386429077,0.601435386429077,0.601435386429077,0.601435386429077,0.601435386429077,0.601435386429077,0.601435386429077,2171,1618,1989,1535,630,1191,426,505,280,523.009401197518,453.860056839567,438.43299567354,632.678571428571,410.057142857143,529.722857142857,194383.855793616,100815.682878391,11901.4001516169,679629.861428571,488751.102857143,453386.168571429,0.241712456275157,143447.999419779,0.124690340576158,102165.513386162,0.366802250077002,56865.5129539645,0.0931274106895482,101585.373525507,0.510199079918557,11335.3239677826,0.310249845063734,37205.8537738114,0.336625735446508,6032.54739064608,0.294262583882615,12774.6398794789,0.434503498605818,4282.68335541015,1
1998703,-1252,254,-1029,-1127,685,-404,-126,857,-29,2525,2215,495,481,1222,919,271,1285,320,181,1039,178,-95,957.5,126,126,990,77,242.64,1027.44,84.02,-78.45,975.59,117.38,119.68,1003.16,81.75,0,916.684503403325,180.549875942588,0,966.515967364596,0,0,997.761421651974,0,542.472248138096,1069.50441794319,314.088395201096,290.291319195046,980.172877608843,219.607695675721,140.12473015139,1006.100283272,96.258973607659,237779.768080808,89097.7236363636,92517.3329292929,78903.6843434343,9053.55747474748,34797.4501010101,5365.2905050505,5967.4690909091,2608.81565656566,487.626668754702,298.492418055072,304.166620340387,280.897996332182,95.1501837872501,186.540746489903,73.2481433556544,77.249395408049,51.07656660902,10.7807112744998,5.36668997350781,8.08433975498667,4.61400935695992,3.6272000398891,7.39299985309414,3.45367673959277,5.17444654974789,9.1954744365375,1.83618558646347,0.31032292356825,-2.31896765511782,-0.637946470168125,0.391645329991758,1.18040089236562,-0.53088435928412,1.35357295693375,1.68734005688042,181,1009,207,-172,944,-30,87,933,48,201.822222222222,1022.83333333333,124.488888888889,-66.6666666666667,973.766666666667,106.755555555556,122.188888888889,996.788888888889,78.7,0.623570208212797,0.623570208212797,0.623570208212797,0.623570208212797,0.623570208212797,0.623570208212797,0.623570208212797,0.623570208212797,0.623570208212797,3777,1961,1524,1608,537,1323,397,428,349,498.002243571394,444.063640457871,436.065727872592,580.328571428571,434.794285714286,516.252857142857,304694.730074384,101115.411361953,7156.41979183872,658614.582857143,468529.482857143,446202.218571428,0.364400771852482,269062.658345811,0.0865111027595126,102194.638667561,0.242297000202424,98556.3415471786,0.757039908068612,85066.3114045087,0.713974039848418,9865.80698077985,0.710431082174555,39961.6310451702,0.293831024765149,5676.3538557979,0.762267335192388,6668.31125233707,0,2710.68474888774,1
2000265,-636,352,-980,-1045,731,-161,-174,876,-58,2010,1852,792,590,1157,484,300,1361,223,217,1019,178,-140.5,962,176,135,1000,97,234.32,1035.99,129.1,-156.73,960.35,169.23,121.96,1004.3,90.59,206.383589908869,964.041533163359,247.119706178925,-240.641293546452,953.268115407413,0,0,997.577137373349,88.3963715497527,422.398200753744,1063.28521573471,254.364305672003,314.214210372478,963.834555305007,216.726532754991,149.78130724493,1007.99388887036,101.420658645071,124761.997575758,57878.9594949495,48519.5858585859,74915.4314141414,6772.65404040405,18516.7647474748,7636.56404040404,7508.27272727273,2100.60797979798,353.216643967633,240.580463660185,220.271618368291,273.706834796176,82.2961362422565,136.076319569111,87.3874363990845,86.6502898279788,45.8323900729384,13.0386220948697,5.66494271627142,14.1000622504953,4.76527018680868,3.50307170864197,2.95495020573997,4.09441606163546,6.09221919460951,4.88784384856978,2.06382493425019,0.144857693918637,-2.60316195326382,-0.100141478403683,0.0581093867696894,-0.48751436219141,-0.934074241210601,1.41548391057275,-0.579226876219891,232,1019,168,-318,962,151,194,1000,87,211.3,1037.23333333333,152.9,-155.744444444444,959.577777777778,171.566666666667,126.666666666667,997.1,92.2555555555556,0.6098403047164,0.6098403047164,0.6098403047164,0.6098403047164,0.6098403047164,0.6098403047164,0.6098403047164,0.6098403047164,0.6098403047164,2646,1500,1772,1635,426,645,474,485,281,484.473641540866,441.799562073313,437.368318714923,599.747142857143,416.935714285714,521.507142857143,159162.812085728,81997.9897777981,9638.90850089106,588727.238571428,460576.290000001,449473.83,0.27343625133906,141241.595000599,0.23118969600598,66323.0632126654,0.363851484732356,52233.0449230891,1.04153142275855,82980.3805137064,0.201378095310219,7798.26388751915,0.237990809131448,21032.9019223466,0.333345873083605,8326.31251280993,0.778716283509316,8703.50853043065,0,2003.97463453869,1
2001828,-1101,127,-623,-990,601,-333,-116,885,-77,2404,1735,376,609,1259,777,300,1409,291,151,1049,178,-185.5,957.5,141,135,980,87,169.1,1059.75,136.7,-146.37,975.04,148.88,122.34,1011.21,83.56,0,843.662412275192,0,243.855570340105,964.781234551798,0,0,1004.55951874002,0,475.592073104672,1117.58822023141,220.612465649609,369.478240225321,979.988918304692,229.426197283571,144.659807825118,1015.07041627662,97.9738740685495,199588.898989899,127205.421717172,30285.8282828282,116252.518282828,9773.00848484848,30778.9147474747,6019.5802020202,7901.29888888889,2643.03676767677,446.753734164471,356.658690791591,174.028239900392,340.958235393762,98.8585276283664,175.439205274861,77.5859536386594,88.8892506937081,51.410473326714,11.1591895238434,3.22297500466827,10.3295888642677,3.049061171753,4.27326291685153,4.13220093882809,3.36908995272468,8.16645331155972,5.90851583880421,1.92622938728047,-0.424586118616159,-2.51330110817868,0.00735071467027284,0.0907030926215565,0.53130523322967,-0.533673450352123,2.08668681695794,0.517515162185488,151,1019,217,-236,916,171,184,980,87,134.7,1068.94444444444,159.711111111111,-145.977777777778,974.288888888889,144.211111111111,124.388888888889,1001.5,82.7111111111111,0.590029154804862,0.590029154804862,0.590029154804862,0.590029154804862,0.590029154804862,0.590029154804862,0.590029154804862,0.590029154804862,0.590029154804862,3505,1608,999,1599,658,1110,416,524,368,500.278721016438,454.401272099487,439.778125890815,585.235714285714,418.95,521.618571428571,253280.048683491,137835.954003183,9369.36833696542,653083.332857142,492655.212857142,454668.552857143,0.342027485570101,219983.121459969,0.0478071594078584,151536.511768717,0.325549712288084,32694.5903392596,0.345148413151183,134859.775227077,0.641432382575612,10696.3514630175,0.646887123051335,34557.6443359154,0.285633428312358,6887.0534697244,1.09694841661297,9214.15516820958,0,2923.70053063842,1
2003390,-1545,156,-1168,-1090,722,-606,-126,723,-97,4060,2029,1475,1109,1240,838,514,1409,300,146,1058,138,-195,944,186,165,990,48,267.7,1074.15,132.76,-158.12,957.92,160.34,155,1006.83,53.61,380.809700769094,891.499020438107,167.388290276502,2445.93374325523,943.441708166706,581.549072687692,0,994.734984582996,0,828.642769835108,1121.63404459743,393.558432764437,442.287191765712,965.330389037867,280.793696510445,187.909605927957,1013.14024201983,81.9853035610651,621197.525252525,105317.886363636,138649.517575758,172339.41979798,14395.9935353535,53672.9135353535,11399.0101010101,12875.2536363636,3886.42212121212,788.160849860309,324.527173536572,372.356707440268,415.137832289445,119.983305235993,231.674153792247,106.766146792933,113.469174828954,62.3411751670765,10.8018879091501,5.04213829376396,6.86504555044433,3.09909893577782,2.50611687621018,4.26878008221045,3.81624882150726,3.90436535004458,5.04776754599139,2.30331346104178,-0.0145417018579657,0.203362892350547,0.190179118932874,0.388452741338198,-0.378926487076322,0.254933716338441,0.674018790926272,0.971342248559511,161,1029,178,-227,1009,212,38,971,38,185.544444444444,1074.83333333333,126.933333333333,-160.766666666667,954.744444444444,163.9,152.822222222222,1001.5,50.6222222222222,0.665273522764941,0.665273522764941,0.665273522764941,0.665273522764941,0.665273522764941,0.665273522764941,0.665273522764941,0.665273522764941,0.665273522764941,5605,1873,2643,2199,518,1444,640,686,397,564.915804561768,464.736179036568,440.359425775782,631.975714285714,411.488571428571,520.902857142857,652405.093536912,196273.718468365,13951.4868230286,899828.575714286,516996.78,457922.04,0.686522860273042,721372.960442322,0.197377335581315,123415.653480275,0.390205609603729,162167.71301472,0.734701246173743,200096.0382596,0.42487872669931,15033.1299363941,0.609545108624386,62245.7228307061,0.290230215790702,13406.4399615094,0.826725541962863,15011.7573448506,1.61389256694299,4241.36634509388,1
2004953,-373,735,-603,-736,259,-10,116,638,-174,555,1784,594,345,1268,939,660,1123,300,348,970,267,-209,828.5,560,339,914,-24,350.45,954.06,250.67,-212.98,794.32,517.07,334.77,913.33,-20.37,370.882561511783,939.270616651822,281.077627111867,0,738.860933512908,736.380326828039,307.451823089382,906.27154156159,0,372.025872756183,963.0180579823,311.548760228636,249.752597584089,810.857052753443,553.138852368915,344.509259672364,916.66084786032,90.3767116020493,15745.5025252525,17346.764040404,34572.9102020202,17187.7571717172,26813.0278787879,38991.1162626263,6682.50212121212,6156.99101010101,7831.32636363636,125.48108433247,131.707114615741,185.937920290672,131.102086832045,163.746840820786,197.461683023888,81.7465725349517,78.4664960992971,88.494781561606,13.2272117266359,17.6741375421482,8.49496240891465,7.37967176953525,5.6196931395209,2.43233592249989,5.47296668894908,3.85496446316599,4.3879497937744,-2.22692908341775,2.57883447807394,-1.80603872985776,0.102799985290648,-1.16814811228373,-0.256482265133266,-0.223673607208364,-0.380461016194938,0.788326325218069,292,990,178,-118,731,656,330,876,38,361.022222222222,945.744444444444,269.055555555556,-214.422222222222,807.122222222222,519.355555555556,337.177777777778,915.066666666667,-24.5777777777778,0.694446070493981,0.694446070493981,0.694446070493981,0.694446070493981,0.694446070493981,0.694446070493981,0.694446070493981,0.694446070493981,0.694446070493981,928,1049,1197,1081,1009,949,544,485,474,459.983485891466,432.956886791502,420.211777080592,666.505714285714,470.747142857143,526.17,59218.8333120647,62164.2302948078,10471.7153564612,498372.711428571,439640.618571429,414480.724285714,0.610337845846734,13791.5580828717,0.651086521644136,17283.0021705867,0.476975082691362,35310.7797608265,0.585846036332716,13574.5846404703,0.242174484141407,26677.5423734349,0.186385556794937,34586.449303073,0.414344555441949,7627.95431879171,0.582900841779905,6555.11321073613,0.133533548543814,6086.46105086966,1
2006515,20,901,346,-600,175,686,-291,876,252,383,990,485,-381,462,929,223,1228,524,80,941,425,-563,254.5,777,-184,952,359,136.58,944.27,419.78,-538.31,274.07,781.66,-134.44,970.4,364.96,84.6430891950493,943.81573896568,417.022016630455,-530.351090878761,261.691057310231,778.435143100319,-235.089032652149,966.191717860065,354.461796620141,173.661912922782,944.496251977741,421.083459660909,541.497137573229,281.415724507356,783.344675095197,186.135810632989,972.767855143251,370.351967727998,11620.5692929293,431.653636363636,1107.10262626263,3476.25646464647,4121.66171717172,2663.15595959596,16739.8246464647,4647.61616161616,4004.82666666666,107.798744394029,20.7762758059195,33.2731517332312,58.9597868436315,64.2001691366286,51.6057744791798,129.382474263189,68.1734270930849,63.283699849698,2.795261215559,2.95233525214126,2.33563276873596,4.61088187974102,3.62924101378823,3.93106261579761,4.61166897067958,6.74284657076381,2.71957375414796,1.15158030595124,-0.128761224293252,-0.599703828278135,1.73396253417263,1.14534109250198,0.843333183508724,1.6320529054216,1.94234214014888,0.461205927619726,70,941,445,-572,259,777,-184,933,359,129.144444444444,944.466666666667,420.477777777778,-544.055555555556,269.311111111111,779.333333333333,-145.811111111111,963.033333333333,363.144444444444,0.735062694124958,0.735062694124958,0.735062694124958,0.735062694124958,0.735062694124958,0.735062694124958,0.735062694124958,0.735062694124958,0.735062694124958,363,89,139,219,287,243,514,352,272,449.36189973853,425.33957332438,452.455200605992,643.127142857143,221.751428571429,514.68,12253.7087818705,8128.94311613985,21856.6986730348,471232.675714286,422589.788571429,479179.037142857,0.0435660650040556,10922.8332971225,0,447.87662226898,0,1017.61907794933,0,3292.98360041517,0,4009.54696910163,0,2835.08141996885,0.0522586361922401,15081.526269234,0.0830514932204846,4427.259735461,0,3815.6669594272,1
2008078,20,921,405,-618,203,717,-155,914,320,90,970,475,-536,277,828,38,980,495,60,950,435,-572,231,777,-77,952,368,62.2,948.93,434.7,-570.45,235.7,775.49,-75.98,949.49,370.48,59.107754374443,948.813809335939,434.270930420767,-570.074403579908,234.851293019773,774.864535386406,-68.0115233466288,949.326535779133,368.587648221374,63.4034699365894,948.987950397685,434.912634904989,570.642769164738,236.130472408794,775.798008504791,79.9813728314287,949.571234821275,371.497913856861,152.686868686869,111.09606060606,186.777777777778,222.189393939394,205.161616161616,482.636262626263,630.363232323231,155.828181818182,762.898585858585,12.3566528108088,10.540211601579,13.6666666666667,14.9060187152504,14.3234638325238,21.968984105467,25.1070355144376,12.4831158697731,27.6206188536496,3.3140539132114,3.07286401652973,3.22218110244102,5.42113801815768,3.74448042650729,3.22393157910131,7.99911701133812,2.89626055649735,6.12588385540774,-0.424168492185078,-0.20043497095766,-0.208219253003853,-1.10737432828075,0.406869072274015,-0.472118748911539,0.450654898010488,-0.439558149223836,1.26850523496899,60,950,435,-563,231,777,-77,952,359,62.5555555555556,948.977777777778,434.888888888889,-569.522222222222,235.222222222222,776.155555555556,-76.1666666666667,949.766666666667,368.744444444444,0.762191175739667,0.762191175739667,0.762191175739667,0.762191175739667,0.762191175739667,0.762191175739667,0.762191175739667,0.762191175739667,0.762191175739667,70,49,70,82,74,111,193,66,175,448.194049038467,424.937331006785,438.315248101746,619.641428571428,188.888571428571,533.138571428571,224.307374296059,673.443396040813,833.970964514988,468748.77,421394.28,448325.678571429,0,119.225983270733,0,104.163664102718,0,171.528713539026,0,239.706118882195,0,217.822176483281,0,499.280633408128,0,571.254146998195,0,117.147034575981,0,582.239398254911,1
2009640,30,921,396,-600,212,737,-145,904,233,101,970,475,-518,259,848,58,1047,436,70,950,435,-563,231,777,-77,952,359,67.71,946.64,434.31,-563.2,233.49,779.27,-74.84,953.73,357.65,65.8057860588018,946.524791077401,433.896714689629,-562.89129494308,233.063926661259,778.816906073126,-78.5214221483751,953.454207365077,355.910844651487,68.5347357184662,946.697438467011,434.519171038517,563.350814324431,233.703808270212,779.500641436555,78.124131995178,953.870856038699,358.457291737802,113.500909090909,109.848888888889,183.569595959596,171.616161616162,100.898888888889,363.148585858586,507.428686868687,271.411212121212,583.94696969697,10.6536805419962,10.4808820663572,13.5487857743635,13.1002351740784,10.0448438956954,19.0564578518303,22.5261778131286,16.4745625775379,24.1649947175035,4.15866611519432,2.7742181671213,3.97879884629085,5.81587357587697,3.26914572943149,5.11988133415597,17.5230554688647,14.0653990439332,10.7578701080934,-0.21671157064278,-0.239860751971068,0.487086166178494,0.892148370131718,0.190508736561951,0.83073838634301,2.5154165746715,1.43660474368631,-0.260769069338456,70,950,435,-563,231,777,-77,952,359,67.7777777777778,946.877777777778,433.888888888889,-563.9,233.466666666667,778.355555555556,-76.4,953.633333333333,356.766666666667,0.760167502961966,0.760167502961966,0.760167502961966,0.760167502961966,0.760167502961966,0.760167502961966,0.760167502961966,0.760167502961966,0.760167502961966,71,49,79,82,47,111,203,143,203,447.370882545388,424.14582640979,437.95544526672,620.854285714286,192.668571428571,529.945714285714,213.602853838563,447.603228155245,669.176566767269,467031.411428571,419829.797142857,447627.694285714,0,104.268325929544,0,92.1439391137058,0,156.870747446316,0,186.169947672762,0,92.1902869353844,0,364.055065525331,0,381.026393378512,0,215.044495509503,0,526.819845678256,1
2011203,60,911,396,-572,203,737,-184,885,281,101,970,485,-509,259,848,-19,971,466,70,941,455,-545,231,797,-77,942,388,74.01,942.27,451.91,-542.84,231.66,798.75,-82.27,939.89,388.75,72.8334120272998,942.177977375045,451.339782205249,-542.479451777616,230.903966378963,798.162794891973,-76.958934939265,939.665016499336,386.890427244533,74.592291826971,942.315907750686,452.189020211681,543.019207763409,232.032799405601,799.042520770954,84.3200450664016,940.001026595184,389.65247336569,87.4039393939394,87.3910101010102,254.81,196.56,174.610505050505,472.108585858586,344.966767676768,210.826161616161,709.583333333333,9.3490074015341,9.34831589651367,15.9627691833215,14.0199857346575,13.2140268294909,21.7280598733202,18.5732810153933,14.5198540494098,26.6380054308376,2.54887397224831,4.14873506053778,4.13774155260222,2.87553472168857,2.91354076667686,2.45284753873604,12.0884717204497,4.0502757960538,5.50978584219389,0.127310674327652,-0.194733072962674,-0.493139245741822,0.17629189686537,-0.120178113704974,-0.0895830628193502,-1.22420167257477,-0.805810802775421,-0.06802321454876,80,941,455,-545,240,777,-77,942,378,73.7777777777778,942.355555555556,452.333333333333,-542.9,231.733333333333,798.888888888889,-81.8555555555556,940.477777777778,388.633333333333,0.76420450650862,0.76420450650862,0.76420450650862,0.76420450650862,0.76420450650862,0.76420450650862,0.76420450650862,0.76420450650862,0.76420450650862,41,59,89,63,56,111,165,86,185,449.061883516735,425.781467431001,437.556194625656,629.224285714286,208.958571428571,534.158571428571,262.325980824976,639.586394961495,746.6333209275,470570.652857143,423076.298571429,446803.221428571,0,84.0341369410114,0,70.4581255091289,0,233.499844150518,0,208.20389884299,0,193.077631201501,0,486.74627591547,0,297.398293104242,0,203.169195368367,0,663.19285176382,1
2012765,60,921,415,-572,222,757,-97,933,330,101,960,475,-545,250,808,-67,971,398,70,941,445,-554,231,787,-77,952,359,73.31,942.57,444.3,-553.46,232.65,786.26,-79.2,949.98,362.43,72.3836229635708,942.492945500911,444.095718872982,-553.396304966839,232.441672356234,786.120063975246,-78.5362130136527,949.922979590958,361.928586158705,73.7767578577427,942.608545473676,444.401845180688,553.49193309388,232.754441418418,786.329892602335,79.5223239097048,950.008484172641,362.680093195091,69.3473737373738,73.3990909090908,91.4242424242423,35.7054545454546,49.0984848484848,111.022626262626,51.6767676767677,54.6662626262625,183.176868686869,8.32750705417736,8.5673269407144,9.56160250294072,5.97540413239595,7.00703110086467,10.536727493042,7.18865548463464,7.39366368090019,13.5342849344496,3.22913387697877,2.97403298873063,3.84113633394854,2.99018215026534,2.56949576804898,2.90793891426863,2.25112159433587,2.94771463734928,2.90141055164664,0.316273285211364,0.072401787696007,-0.0691989309201046,-0.273226428693946,0.142084966380004,-0.0520078369636808,0.186659601256248,-0.101002615377336,0.0139780041213012,70,941,445,-554,231,787,-77,952,368,73,942.466666666667,444.444444444444,-553.3,232.5,786.233333333333,-79.3333333333333,950.1,362.4,0.76420450650862,0.76420450650862,0.76420450650862,0.76420450650862,0.76420450650862,0.76420450650862,0.76420450650862,0.76420450650862,0.76420450650862,41,39,60,27,28,51,30,38,68,447.724513997264,423.996516678953,437.124731104376,625.791428571429,199.478571428571,528.518571428571,94.3988103440812,115.583983820979,186.269707607758,467762.948571429,419503.992857143,445875.758571429,0,50.0197509441464,0,63.1986534380767,0,70.6853002631382,0,25.6553719329476,0,37.3465167937989,0,95.2391341375453,0,41.4823674770227,0,37.8217049395261,0,139.148214387725,1
2014328,50,931,415,-572,212,757,-87,933,320,90,970,465,-545,250,818,-58,971,378,70,941,445,-554,231,787,-77,952,354,73.1,943.77,442.3,-555.53,232.26,787.8,-72.74,953.76,354.23,72.3119745186377,943.679344236696,442.001730248314,-555.456990354847,232.01036669547,787.592616346418,-72.0683442840903,953.685951683338,353.897514566711,73.4914961066925,943.815432168811,442.448867102177,555.56653066937,232.383390112116,787.903357017851,73.078040477287,953.796959525454,354.394116768323,57.9696969696969,86.6233333333332,133.040404040404,40.9990909090908,57.9115151515151,164.505050505051,49.7903030303031,71.2145454545455,117.471818181818,7.61378335452861,9.30716569817757,11.5343141989632,6.40305324896575,7.60996157358992,12.8259522260552,7.05622441751274,8.43887110071871,10.8384416860459,3.51533919249326,2.48707800088313,2.80342182663404,2.63716917174554,3.30897809485663,2.84300388326078,2.56364159042262,2.97524622348182,3.18554515485779,0.244918653181881,0.250800703324636,-0.0155242612161732,-0.0832373051578878,-0.268726226996338,-0.165840041813804,-0.2395599269962,-0.178966749671167,-0.347983336733932,70,941,445,-554,231,797,-67,952,349,73,943.466666666667,442.333333333333,-555.5,232.4,787.944444444444,-72.6666666666667,953.755555555556,354.6,0.76420450650862,0.76420450650862,0.76420450650862,0.76420450650862,0.76420450650862,0.76420450650862,0.76420450650862,0.76420450650862,0.76420450650862,40,39,50,27,38,61,29,38,58,447.824358655824,424.983971673429,437.185113388482,625.358571428571,199.084285714286,529.392857142857,141.969324320692,166.578112930346,127.393538055397,467978.387142857,421477.675714286,445998.955714286,0,32.4058816423801,0,69.1686510029901,0,104.122379479276,0,29.4323893797913,0,46.6262099397135,0,123.635906689448,0,37.1342546358062,0,51.3058630487395,0,84.3462305903201,1
2015890,50,921,415,-563,212,757,-87,942,330,90,970,475,-545,250,818,-58,980,388,70,941,445,-554,231,787,-77,956.5,349,73.2,944.74,443.1,-555.8,231.65,787.58,-72.19,957.38,352.7,72.1298337006613,944.672512920851,442.771923470055,-555.744527233663,231.422403712873,787.39357629118,-71.4184218293897,957.319038384185,352.375868562745,73.6885337077622,944.773697771059,443.264029670805,555.827689126765,231.763996341106,787.67290165398,72.5654876645916,957.410612015555,352.86255114421,72.4848484848484,64.3155555555556,146.858585858586,31.090909090909,53.3611111111111,147.821818181818,54.9029292929293,59.2076767676768,115.848484848485,8.51380340886777,8.01969797159192,12.1185224288519,5.57592226370751,7.30486900027037,12.1581996274867,7.40965109117354,7.69465247868134,10.7632934015795,3.28022430770723,4.17186106417972,3.03432106858069,2.46537396121884,3.61873768951206,3.35586748958116,2.55166640208784,3.46852423836749,3.26990205511852,-0.463348431800257,-0.131827201845578,0.0602265629953679,0.15368345159754,0.145226645826811,-0.176999981999482,0.0791031482463108,0.557491911616075,0.17267432524376,70,941,445,-554,231,797,-77,952,349,73.3333333333333,944.766666666667,443.111111111111,-556,231.5,787.811111111111,-72.1555555555556,957.277777777778,352.677777777778,0.76420450650862,0.76420450650862,0.76420450650862,0.76420450650862,0.76420450650862,0.76420450650862,0.76420450650862,0.76420450650862,0.76420450650862,40,49,60,18,38,61,29,38,58,448.353479324006,424.90884464193,438.391207787243,626.16,198.612857142857,530.524285714286,150.962292861135,150.46219780151,116.758664884799,469075.86,421323.244285714,448462.632857143,0,60.1476508095861,0,45.2946247914887,0,133.957305705219,0,25.2062693515894,0,39.3009095173356,0,133.555424200586,0,49.6138570454348,0,39.5334616234526,0,76.2950612488099,1
2017453,50,921,415,-572,212,747,-97,942,310,101,960,475,-545,250,808,-58,971,378,70,941,445,-554,231,787,-77,961,349,72.71,944.25,443.1,-556.16,229.75,785.14,-73.4,956.58,347.76,71.3830365163554,944.191723522994,442.763627703174,-556.095897816901,229.549523849974,784.976417072765,-72.448140817318,956.517075454311,347.263254138238,73.3689989028064,944.279063624732,443.268541631368,556.192214976082,229.851234497446,785.220988002741,73.8627104837075,956.611436268666,348.00709762877,97.2382828282829,55.4419191919192,150.89898989899,36.1963636363636,46.9974747474747,128.465050505051,68.8282828282828,60.7511111111111,173.65898989899,9.86094735957367,7.44593306388925,12.2840949971494,6.01634138296387,6.85547042495807,11.3342423877845,8.29628126501765,7.79429991154505,13.1779736643761,2.84929745282486,3.27769073415266,2.93667567159486,3.48484838575713,3.29403747914498,3.92935722332108,2.81572762925551,2.65881892831901,2.93606112238,0.228017336434166,-0.307228082396681,0.136030980633058,-0.50177022998232,0.404517228663013,-0.643853571236778,0.0237023884389593,-0.0865407328511512,-0.0529590672195926,70,941,445,-554,231,787,-77,961,349,72.5555555555556,944.222222222222,442.888888888889,-556,229.5,785.555555555556,-73.3888888888889,956.588888888889,347.733333333333,0.76420450650862,0.76420450650862,0.76420450650862,0.76420450650862,0.76420450650862,0.76420450650862,0.76420450650862,0.76420450650862,0.76420450650862,51,39,60,27,38,61,39,29,68,448.152785152013,423.975162620256,437.397911772605,625.74,196.598571428571,527.545714285714,155.35874350797,128.86801992675,192.894432111239,468656.982857143,419465.730000001,446430.034285714,0,71.4052667714277,0,35.5877678282568,0,97.6964909469855,0,24.5261599736157,0,40.4454691147935,0,106.97556985724,0,52.4738492734623,0,46.2840316525252,0,121.616432018035,1
2019015,50,921,415,-572,212,757,-87,923,320,101,960,465,-545,259,808,-58,971,378,70,941,445,-563,231,787,-77,961,349,73.61,944.13,440.3,-558.77,230.37,784.28,-74.53,958.38,350.06,72.4835586317434,944.041506546347,440.042448710573,-558.684545775796,230.138840643869,784.09957826187,-73.9722640885954,958.318893538091,349.618908148901,74.1350794158879,944.174099411756,440.428200731969,558.81269670615,230.486984448146,784.370448193964,74.7960560457569,958.410329660527,350.27866049761,78.3615151515152,84.1142424242425,114.050505050505,48.1990909090909,54.4576767676768,143.314747474748,40.130404040404,58.7228282828283,154.683232323232,8.85220397141385,9.17138170747693,10.6794431058227,6.94255651104771,7.37954448239705,11.9714137625741,6.33485627622316,7.66308216599746,12.437171395588,3.77362358823869,2.86409829926284,3.10220608064932,2.62559559260822,4.577570401535,2.577756736004,3.20918682782414,6.41942751917052,2.39816639493664,-0.203872306064057,-0.325001097567485,-0.128479443970513,0.0343823161394822,0.491981709153573,0.200447114223419,0.344658264788191,-0.88012732295234,-0.184220573690773,70,950,445,-563,231,777,-77,961,349,73.6666666666667,944.311111111111,440.444444444444,-558.8,230.2,784.144444444444,-74.5555555555556,958.688888888889,350.288888888889,0.76420450650862,0.76420450650862,0.76420450650862,0.76420450650862,0.76420450650862,0.76420450650862,0.76420450650862,0.76420450650862,0.76420450650862,51,39,50,27,47,51,29,48,58,447.618664010776,424.380415230678,438.479550233078,624.874285714286,195.377142857143,528.818571428571,123.302829585036,145.734921350781,155.678382230564,467544.745714285,420271.234285714,448645.692857143,0,62.8936328813649,0,70.1236360412299,0,83.8596732099876,0,36.3300525908427,0,44.5335103900426,0,100.948624117112,0,32.472767322399,0,41.817457313095,0,116.647330682849,1
2020578,50,911,415,-581,203,757,-87,933,320,90,960,465,-545,240,818,-58,980,388,70,941,435,-563,231,787,-77,952,349,73.6,944.25,438.1,-560.12,229.27,786.18,-72.45,956.73,350.65,72.490866726117,944.170785178041,437.840852658799,-560.051171679316,229.067199934032,785.9915133423,-71.8400044816672,956.664894999307,350.20595296607,74.1215218408257,944.289335955882,438.229391985522,560.154532249807,229.369679774812,786.274125226056,72.7485395042402,956.762598558284,350.869961666712,77.8181818181818,75.0378787878788,114.535353535354,39.0763636363636,46.178888888889,149.502626262626,43.7853535353535,63.0071717171718,155.866161616162,8.82146143324233,8.66244069462405,10.7021191142387,6.25110899251994,6.79550505031738,12.2271266560311,6.61705021405713,7.93770569605423,12.484637023805,2.88560217130398,4.75046468287024,3.32878209245941,3.41292728298107,4.1222329025732,3.34148536469318,2.6570169966982,4.44603893892459,3.09413270169872,-0.234676539433387,-0.718712675884529,0.00470586101566929,-0.337099564784308,-0.477884405090807,-0.0410243489984558,0.0597777147193991,0.201675221934509,-0.180854160624299,70,941,435,-563,231,787,-77,952,349,73.6666666666667,944.555555555556,438.111111111111,-559.9,229.4,786.144444444444,-72.4444444444444,956.755555555556,350.944444444444,0.76420450650862,0.76420450650862,0.76420450650862,0.76420450650862,0.76420450650862,0.76420450650862,0.76420450650862,0.76420450650862,0.76420450650862,40,49,50,36,37,61,29,47,68,447.266607173119,425.239013880283,437.840778241042,623.978571428571,195.141428571429,529.255714285714,115.777360732682,150.74891173698,156.189632570847,466809.15,421975.949999999,447341.464285715,0,58.8658694179413,0,54.8401483832989,0,82.3353698000968,0,29.7274845147599,0,36.8744456606959,0,98.6038954272789,0,36.1120128413435,0,52.4697455243791,0,124.546695803464,1
2022140,60,921,405,-572,203,767,-87,933,320,101,970,465,-545,240,818,-38,980,378,80,941,445,-554,231,787,-67,961,349,78.72,943.99,440,-557.15,228.68,785.24,-64.01,959.21,346.11,77.6603048194427,943.900258390564,439.767964254121,-557.087925663873,228.405762736075,785.102029713198,-63.092489057371,959.146413151846,345.712224549599,79.2276466897762,944.034951683464,440.114757762109,557.181074696548,228.814160400968,785.309238453235,64.4480410873752,959.241684874047,346.309413675112,80.9915151515152,85.7271717171717,102.020202020202,34.9772727272727,61.9975757575759,109.840808080808,56.8382828282828,61.399898989899,139.472626262626,8.99952860718355,9.25889689526629,10.1005050378782,5.91415866605494,7.87385393295912,10.4804965569771,7.53911684670577,7.83580876425012,11.8098529314563,2.84852437497636,3.42996270609796,3.57072835996471,2.88488765774085,3.32346627345788,2.9742534228213,4.71674358025547,4.86699488473648,2.50472091963012,-0.132016996014596,0.210364406127849,-0.413777841473461,-0.136844472835084,-0.54961329160373,0.304553196418201,-0.123387913689656,-0.387649180166961,0.13650672987844,80,941,445,-554,231,787,-67,961,339,78.8888888888889,943.822222222222,440.222222222222,-557.2,229.077777777778,785,-63.9555555555556,959.4,345.9,0.76420450650862,0.76420450650862,0.76420450650862,0.76420450650862,0.76420450650862,0.76420450650862,0.76420450650862,0.76420450650862,0.76420450650862,41,49,60,27,37,51,49,47,58,447.665710083096,424.140589388524,437.93503715087,626.875714285714,195.758571428571,531.99,104.091835722231,112.673667225666,149.984040429124,467648.575714286,419793.115714285,447526.444285714,0,56.2866945078931,0,57.4171937596234,0,83.2906181372576,0,29.6587902678793,0,52.757170134529,0,76.4798176570893,0,42.0658797491032,0,40.4511552181196,0,112.177558098982,1
2023703,60,921,415,-572,212,757,-77,942,310,101,970,475,-545,250,818,-48,980,368,80,950,445,-554,231,787,-67,961,344,79.06,945.72,441.3,-555.35,226.81,788.68,-62.28,959.13,343.85,77.7489106079977,945.619428063834,441.030485793204,-555.281791775177,226.618651373716,788.434127866433,-61.6129959132742,959.078903281563,343.479821202535,79.7123578875948,945.770067193924,441.435159451533,555.3840923181,226.905553039144,788.803460945754,62.5939294181153,959.155571323026,344.033908212548,104.622626262626,95.6581818181819,120.515151515152,38.25,43.7918181818182,196.724848484849,39.5975757575758,49.5485858585859,127.785353535353,10.2285202381687,9.7805000801688,10.9779393109614,6.18465843842649,6.61753868003944,14.0258635557619,6.29266046736798,7.03907563949883,11.304218395597,2.6195953997823,3.00257140209295,2.91132647793119,2.5102519374303,3.91281653141249,2.62462977276929,3.05840900774712,3.27009575031646,3.07503538431393,0.197866915080974,-0.401274122670547,0.172645661100485,0.0117316431678266,0.0459912870984089,0.273169040568702,0.36167365150886,0.141336066271769,-0.11822210842534,80,950,445,-554,231,787,-67,961,349,78.9,945.966666666667,441.111111111111,-555.4,226.788888888889,788.366666666667,-62.4777777777778,959.1,343.933333333333,0.76420450650862,0.76420450650862,0.76420450650862,0.76420450650862,0.76420450650862,0.76420450650862,0.76420450650862,0.76420450650862,0.76420450650862,41,49,60,27,38,61,29,38,58,448.590576982513,424.702297960873,437.519579663485,628.32,197.202857142857,531.728571428571,126.064701055135,199.118270425639,128.877481641513,469585.748571429,420920.794285714,446681.46,0,85.5427509037965,0,75.1929147892463,0,93.2464145662017,0,31.3780480728694,0,35.2821256716627,0,143.128686214239,0,32.7801619820201,0,37.0232974776737,0,97.8427062810404,1
2025265,50,911,415,-572,212,757,-77,942,310,101,970,465,-545,250,818,-48,980,368,80,950,440,-554,231,787,-58,961,339,80.11,945.68,440,-556.43,226.8,786.81,-61.88,960.39,344.32,78.9634358215773,945.581098455995,439.674165611244,-556.346025387962,226.586146921006,786.624812670173,-61.2917222998137,960.32666388153,343.892138647779,80.6288409937784,945.729178993648,440.162470003975,556.472002889633,226.906897206762,786.902567031014,62.1779703753669,960.421745901247,344.530898469208,84.240303030303,93.9571717171718,144.444444444444,47.2172727272727,48.989898989899,147.145353535353,37.3389898989899,61.5938383838384,146.745050505051,9.17825163254435,9.69315076315084,12.0185042515466,6.87148257127039,6.99927846209157,12.1303484506981,6.11056379550937,7.84817420702665,12.1138371503438,3.16679404353093,4.13205641009481,2.52946354344956,2.54490615831085,3.58489480284834,2.97218113460718,3.27453076734304,2.85566629602294,2.88544590345628,-0.557913635516441,-0.506725201657053,-0.0526306160144323,-0.0521571182082957,0.0763492989461161,0.0153854574808091,-0.373703830621205,0.318599875740361,-0.332703245616614,80,950,435,-554,231,787,-58,961,339,80.6666666666667,946.033333333333,440.111111111111,-556.3,226.777777777778,786.844444444444,-61.7,960.188888888889,344.666666666667,0.76420450650862,0.76420450650862,0.76420450650862,0.76420450650862,0.76420450650862,0.76420450650862,0.76420450650862,0.76420450650862,0.76420450650862,51,59,50,27,38,61,29,38,58,448.377515072976,424.320658307231,438.093069449883,628.195714285714,195.934285714286,532.641428571429,159.93560128927,148.959702031244,158.593695810214,469134.724285714,420155.777142857,447847.53,0,52.4228074128186,0,72.9903676783507,0,101.698545829929,0,34.9576400497001,0,45.4543958136492,0,105.339491572866,0,27.4511688363649,0,49.5069272742173,0,124.469093590325,1
2026828,60,921,415,-572,212,757,-77,942,310,101,960,475,-545,240,818,-38,980,368,80,945.5,435,-554,231,787,-67,961,349,80.29,944,439.5,-556.43,227.45,785.36,-62.77,959.42,343.56,78.7855900251971,943.922021022181,439.191259346165,-556.360635457488,227.273685097774,785.180563542385,-61.6724467904689,959.354634343142,343.206256270206,81.0190718287984,944.038823354209,439.655546991051,556.464724847856,227.53771116015,785.449743777411,63.2775631642054,959.452646043566,343.734665112496,118.793838383838,74.040404040404,138.131313131313,39.0354545454545,40.310606060606,142.394343434343,64.6233333333334,63.2763636363636,121.25898989899,10.8992586162472,8.60467338371446,11.7529278535739,6.24783598900087,6.34906340026669,11.9329100991478,8.03886393300281,7.95464415523181,11.0117659754914,2.60338530814864,2.78801538836641,3.11890685106397,2.84954838543021,2.94210062658641,2.63653683223872,3.14776420959524,2.89920685813448,3.71186504309049,0.0244226713906877,-0.453183020916515,0.345650945138109,-0.133110988767461,-0.121363031869903,0.0471665865427628,0.260635254219953,-0.118805699476889,-0.297874681372587,80,950,435,-554,231,787,-67,961,349,80.2666666666667,944.055555555556,439.111111111111,-556.4,227.5,785.122222222222,-62.9111111111111,959.644444444444,343.611111111111,0.76420450650862,0.76420450650862,0.76420450650862,0.76420450650862,0.76420450650862,0.76420450650862,0.76420450650862,0.76420450650862,0.76420450650862,41,39,60,27,28,61,39,38,58,447.64725491131,423.884441489511,437.614655390817,627.338571428571,195.591428571429,531.518571428571,145.250681798439,144.812840330751,125.82838670437,467601.595714285,419296.157142857,446874.407142857,0,99.0889562805199,0,59.0406567843116,0,106.924293630956,0,32.2813365704316,0,37.587432573443,0,132.357266681786,0,45.5699609090936,0,54.993707491932,0,79.5436949073521,1
2028390,60,921,405,-572,212,757,-77,942,320,101,970,465,-545,240,818,-48,980,378,80,941,445,-554,231,787,-67,961,339,80.77,943.86,441.1,-557.33,226.8,788.22,-63.18,960.5,344.05,79.6925268686744,943.770395807556,440.848225805377,-557.269905716057,226.629948216779,788.036218465492,-62.5400807349382,960.436609678724,343.620061531992,81.3084866419244,943.904740956417,441.22443268704,557.360018300559,226.883846934946,788.311740366716,63.5011810913781,960.531686098902,344.269037236868,88.1586868686868,85.3135353535354,110.89898989899,33.7990909090909,38.4242424242424,146.092525252525,41.0985858585858,61.4848484848485,152.290404040404,9.38928574859061,9.2365326477816,10.5308589345309,5.81369855677871,6.19872909750397,12.08687408938,6.41081787750875,7.84122748584993,12.3405998249844,2.88797278799328,3.21240720870488,3.5395735456708,2.69757296752138,3.07981636464357,2.71488979546132,2.9773243140594,2.52049042781427,3.26170280594477,0.240633447294908,-0.116339380872463,-0.422586279517103,0.0722907445946408,-0.451832929014111,-0.0773536586359456,-0.262790403741416,-0.0207831896214622,0.605722464701858,80,941,435,-554,231,787,-58,961,339,80.5777777777778,943.9,441.555555555556,-557.5,226.988888888889,788.3,-63.0333333333333,960.622222222222,343.5,0.76420450650862,0.76420450650862,0.76420450650862,0.76420450650862,0.76420450650862,0.76420450650862,0.76420450650862,0.76420450650862,0.76420450650862,41,49,60,27,28,61,29,38,58,447.887936769439,425.012440366017,438.132258416163,628.17,196.152857142857,532.015714285714,139.627776220403,146.628468932597,159.777824357661,468105.527142857,421526.515714286,447932.01,0,67.0988230004414,0,50.1108113889773,0,71.4116064561163,0,20.3084239423193,0,28.9870760973954,0,117.747052996548,0,26.726809462147,0,53.5511159937532,0,123.249088455286,1
2029953,60,921,415,-572,212,767,-77,942,310,111,960,465,-545,240,818,-48,980,378,80,941,445,-554,231,787,-67,961,349,78.93,944.84,439.6,-555.53,226.41,789.93,-62.37,959.61,345.53,77.8593933389048,944.748309868949,439.337432365865,-555.471553767598,226.199715596892,789.774380919946,-61.5753920268097,959.548852591253,345.091388418065,79.4684214012082,944.885781457209,439.730599344644,555.559240765555,226.513906857835,790.007942998044,62.7443224523144,959.640656704373,345.747812719039,86.1465656565656,87.3882828282828,116,32.8172727272727,47.5372727272727,124.38898989899,47.3061616161616,59.4322222222222,152.09,9.28151742209029,9.34817002564046,10.770329614269,5.72863620133734,6.8947278936353,11.1529812112722,6.87794748570834,7.70922967761515,12.3324774477799,3.64719050804721,2.64835551411678,2.81245743930859,2.89441116212392,2.83522548604733,2.86330921915362,2.95779110166236,3.31273402409614,2.81561366436941,0.35312040210127,-0.122318018562114,-0.164242937209,-0.0808025992974805,-0.327843366134065,0.151425655562523,0.295054931455792,0.359056161566613,-0.117810043781236,80,941,445,-554,231,787,-67,961,339,78.8888888888889,944.988888888889,439.777777777778,-555.6,226.455555555556,789.977777777778,-62.3555555555556,959.433333333333,345.688888888889,0.76420450650862,0.76420450650862,0.76420450650862,0.76420450650862,0.76420450650862,0.76420450650862,0.76420450650862,0.76420450650862,0.76420450650862,51,39,50,27,28,51,29,38,68,447.929421249735,425.122184801194,437.965974860794,627.158571428571,197.49,532.615714285714,132.886506830583,125.956563835102,152.570114521605,468208.872857143,421743.072857144,447595.11,0,72.4874595289926,0,72.0339239241577,0,94.5890860256444,0,27.3597323519224,0,39.7019073452563,0,100.905661259386,0,34.4646070393589,0,47.1140763600999,0,106.541052670131,1
2031515,60,921,415,-572,212,767,-77,942,320,101,970,465,-545,240,818,-48,980,378,80,941,435,-554,231,787,-58,961,349,81.27,945.34,440.1,-556.43,226.04,786.92,-62.04,958.75,346.49,80.1105407115273,945.244110207687,439.780281432245,-556.354874883099,225.828951734645,786.695218233067,-61.3077495653973,958.689454674344,346.096986462828,81.8417375182126,945.388036734123,440.260150365667,556.46763607599,226.144246002413,787.032909095929,62.3995192289171,958.780313731983,346.686097211873,94.199090909091,91.7418181818182,142.414141414141,42.3081818181818,47.6145454545454,179.508686868687,45.1903030303031,58.7146464646465,137.302929292929,9.70562161373969,9.57819493337958,11.9337396240299,6.50447398474172,6.90032937290282,13.3980851941121,6.72237331827853,7.66254830096662,11.7176332632887,2.55801297235724,2.85755616339623,2.69322741974754,2.84721159437549,2.77536378575855,2.6065805992875,3.04393740646954,3.37191560190098,2.81374110594903,0.100948220602145,0.210796505593998,0.119587543769404,-0.192193045361273,-0.340862241572975,0.301876544395092,-0.0834489673719592,0.191124935714814,0.00722832525788923,80,941,435,-554,231,787,-58,961,349,81.1333333333333,945.211111111111,440,-556.3,226.044444444444,786.411111111111,-61.9888888888889,958.8,346.433333333333,0.76420450650862,0.76420450650862,0.76420450650862,0.76420450650862,0.76420450650862,0.76420450650862,0.76420450650862,0.76420450650862,0.76420450650862,41,49,50,27,28,51,29,38,58,448.304122937052,424.284811570236,437.745596341547,628.59,195.655714285714,532.8,152.418428994322,180.736177776729,140.682210273277,468979.547142857,420093.535714286,447147.702857143,0,60.4899542762404,0,82.8137998776596,0,114.653125415918,0,24.1419094398252,0,42.4409641774286,0,113.400197795115,0,28.0581129882183,0,46.4368297017351,0,102.150346308293,1
2033078,60,911,405,-572,203,757,-116,866,320,101,960,475,-527,259,838,-48,990,524,80,941,445,-554,231,787,-58,961,349,81.99,942.85,443.7,-552.2,227.25,789.1,-64.28,956.38,355.41,80.6385948126054,942.763015442941,443.355401456819,-552.01874898754,226.770599911066,788.814838909837,-62.3247679943571,956.16279079415,353.381332262182,82.6383083079512,942.893445729686,443.870476603254,552.289471201471,227.490417380601,789.243308492381,65.5658447669211,956.483747901657,356.605370122212,107.80797979798,82.7550505050504,152.838383838384,99.8181818181819,110.431818181818,228.474747474747,168.648080808081,200.460202020202,859.719090909091,10.3830621590155,9.09698029595813,12.3627822046004,9.99090495491684,10.5086544420215,15.1153811554571,12.9864575927418,14.1583968732411,29.3209667458133,2.53352956262468,3.50762179021396,3.77654177157497,3.38994893845741,3.73999590821035,3.05920934223962,9.39719180834214,18.7887773075477,12.8643312388075,-0.0921145390316045,-0.0847935462872737,-0.299636368706587,0.667886651133346,0.200151809923873,0.309553409815878,-2.2263716515027,-2.88695896028713,2.54676237853124,80,941,445,-554,222,787,-58,961,339,82.1555555555556,942.777777777778,443.888888888889,-552.7,227.133333333333,788.722222222222,-62.7444444444444,957.622222222222,352.211111111111,0.76420450650862,0.76420450650862,0.76420450650862,0.76420450650862,0.76420450650862,0.76420450650862,0.76420450650862,0.76420450650862,0.76420450650862,41,49,70,45,56,81,68,124,204,448.020359428008,424.167006024251,438.357523681219,629.374285714286,198.921428571429,534.647142857143,160.204345408252,254.968616076506,958.240782358321,468384.917142858,419863.092857143,448426.041428571,0,73.910168975852,0,71.0985039110316,0,128.10527443398,0,92.0588145240747,0,104.257462982122,0,208.695001430332,0,138.438117542254,0,90.7249892223636,0,712.182284945445,1
2034640,-30,892,386,-645,166,616,-174,561,184,171,1029,504,-454,351,919,97,1190,524,50,941,445,-540.5,231,797,9,990,266.5,54.36,941.65,450.6,-545.23,241.57,788.91,-12.42,967.3,293.68,0,941.324364234044,449.636244410371,-543.457504408914,237.470057346108,785.946761420315,0,953.255051187903,276.830848193192,62.3222271745803,941.815220730691,451.074760987577,546.143085646976,243.905411994076,790.254648831628,59.159445568734,972.354503254857,303.498336074516,938.434747474747,314.330808080808,432.404040404041,1006.58292929293,1145.23747474748,2144.8706060606,3379.37737373737,9903.02020202022,5922.52282828282,30.6338823441422,17.7293769794883,20.7943271207327,31.7266911179361,33.841357460177,46.3127477705718,58.1324124197282,99.5139196395168,76.9579289500622,5.50868876674764,8.42698832783172,3.7512571594772,5.7579906092717,5.13949568169393,6.88381604055834,2.55768675876799,9.91696651647588,2.96613530161633,0.405176769210229,0.912122203915474,-0.182912629161265,-0.784185479494833,1.36496722691165,-1.32847234026482,-0.748984530612442,-2.36537988161863,0.963499380030164,50,941,445,-536,231,797,19,980,242,54.0111111111111,941.322222222222,450.777777777778,-543.722222222222,239.055555555556,791.888888888889,-10.6777777777778,978.755555555556,289.455555555556,0.636961071347527,0.636961071347527,0.636961071347527,0.636961071347527,0.636961071347527,0.636961071347527,0.636961071347527,0.636961071347527,0.636961071347527,201,137,118,191,185,303,271,629,340,448.303337898687,424.627976761755,435.326133309989,619.975714285714,207.964285714286,535.097142857143,1041.49154176018,2936.71113578737,10457.1043519699,469015.032857143,420970.512857142,446179.011428571,0,968.87349508136,0,324.254352108218,0,436.210769952657,0,1135.5749890632,0,1163.36756726768,0,2416.08856931463,0,3113.04784431031,0.0952189649017653,11285.8466718774,0.111177812545517,5970.08104974658,1
2036203,-161,931,89,-681,194,646,-9,961,252,505,1068,693,-527,425,848,48,1000,310,313,960,287,-572,342,737,29,980,281,234.63,963.94,324.34,-572.28,311.31,742.22,23.97,979.29,282.53,155.017999027598,963.298539698256,299.314308521348,-571.100978212811,297.901300938324,740.322320072819,0,979.227509494843,281.730313919922,273.011886188129,964.27665117434,336.706162699764,572.909992930827,316.96045494667,743.192518799806,25.9782601418956,979.321341542193,282.926934030679,19681.0637373737,655.693333333334,8257.17616161617,728.749090909092,3585.87262626263,1459.18343434344,101.322323232323,62.0059595959596,226.716262626262,140.289214615286,25.6065095890348,90.8690055058168,26.9953531354767,59.8821561590982,38.1992596046499,10.0658990275247,7.8743862996401,15.0571000735953,3.12556148850555,7.67213169486966,5.33907291168499,7.7732772169566,2.09337083500482,3.30943202981032,3.15254477505894,3.65838720849288,2.19157881381491,-0.8966797845359,1.95679665993404,1.10886435716909,-1.65473253365494,-0.654593227935725,0.601344925402491,-0.401877410259605,0.407107848903933,-0.0603914235256989,333,950,277,-572,342,737,29,980,281,242.733333333333,961.4,320.155555555556,-569.955555555556,312.844444444444,741.022222222222,24.2111111111111,979.044444444444,282.588888888889,0.526158554863506,0.526158554863506,0.526158554863506,0.526158554863506,0.526158554863506,0.526158554863506,0.526158554863506,0.526158554863506,0.526158554863506,666,137,604,154,231,202,57,39,58,452.891341478234,424.295589454286,437.004349029238,652.675714285714,206.25,551.052857142857,26743.4620535447,4497.27397512231,240.27340090376,479029.71,420439.247142858,445625.49,0.219617547243959,19069.3906896726,0,617.406354313479,0.282483202787454,8438.63096513025,0,783.285486714923,0,2943.07060300127,0,1505.05283339921,0,81.876732097438,0,38.2495964465509,0,176.297313093691,1
2037765,292,931,247,-590,314,696,19,961,252,343,980,306,-563,361,767,58,990,310,323,950,277,-572,342,737,38,980,281,320.99,950.98,276.28,-573.62,343.5,731.58,36.4,978.61,283.24,320.680212286318,950.902016675253,275.677098166002,-573.537220903608,343.308019621108,731.281062581419,34.6813532651456,978.544636280182,282.553078092831,321.143503748714,951.01917961732,276.578994140914,573.661485547008,343.59560532696,731.729143877706,37.1577717308237,978.642585421256,283.575034162036,99.5655555555556,75.2723232323231,166.971313131313,48.0763636363636,66.3535353535353,220.448080808081,56.3030303030304,64.4221212121212,191.820606060606,9.9782541336426,8.67596238075772,12.9217380073778,6.93371211086555,8.1457679413015,14.8474940918689,7.50353452067959,8.02633921611348,13.8499316265679,2.70863587095923,3.28722201369885,2.649588153874,2.65000943019823,4.23149880256335,2.54431611392614,3.81816777341207,2.72222058017254,2.66316061371005,-0.230336252264223,0.551154258594277,-0.0869511491643106,-0.215050134542457,-0.0857604427289718,-0.0715104908908615,0.0635539268341694,-0.346431731137669,-0.418977400367568,323,950,277,-572,342,737,38,980,281,321.222222222222,950.477777777778,276.333333333333,-573.4,343.422222222222,731.555555555556,36.5,978.955555555556,283.711111111111,0.503258334775646,0.503258334775646,0.503258334775646,0.503258334775646,0.503258334775646,0.503258334775646,0.503258334775646,0.503258334775646,0.503258334775646,51,49,59,27,47,71,39,29,58,446.208019145673,424.793045723461,436.947694347989,663.535714285714,214.911428571429,556.392857142857,176.690878081074,222.655244461181,195.054151346511,464599.958571429,421102.705714285,445515.775714286,0,88.01431779929,0,51.2737041472928,0,137.879907745417,0,47.3719783204737,0,57.5808745618594,0,183.738118223927,0,38.3802320982808,0,51.3551228093007,0,141.230195439651,1
2039328,303,931,247,-590,324,707,19,961,252,343,980,306,-563,361,757,67,1000,310,323,950,277,-572,342,732,38,980,281,323.3,952.72,275.19,-573.8,343.82,731.6,39.06,978.3,283.5,323.054580442977,952.634993018605,274.629182817834,-573.737980884409,343.661294907883,731.41551522579,37.0364425271501,978.248320602085,282.954125505333,323.422015329816,952.762625211548,275.466277427928,573.831055276725,343.898706016757,731.692148379358,40.0554615502056,978.325865956737,283.769272473254,79.7070707070707,82.0420202020202,153.670606060606,36,54.6743434343434,136.20202020202,79.5519191919192,51.1212121212122,154.292929292929,8.92788164723697,9.05770501849228,12.3963948816019,6,7.39421012917157,11.6705621202246,8.91918825857595,7.14990993797909,12.4214704963997,3.01578203697023,2.85880164644709,2.74291491243131,2.96694214876035,2.78060020109861,2.45863777287579,3.20204357950697,4.151998727557,2.78015380865261,-0.144152129082437,0.321625874147879,-0.241994771726118,-0.164460733406076,-0.339570286782731,-0.0371242137672604,0.447580100981875,0.164213668162201,-0.220009982470676,323,950,277,-572,342,737,38,980,291,323.444444444444,952.411111111111,275.333333333333,-573.8,344,731.666666666667,38.6888888888889,978.277777777778,283.777777777778,0.503258334775646,0.503258334775646,0.503258334775646,0.503258334775646,0.503258334775646,0.503258334775646,0.503258334775646,0.503258334775646,0.503258334775646,40,49,59,27,37,50,48,39,58,447.063039451675,424.876482977477,436.890361027864,664.804285714286,214.98,557.511428571428,154.891443090795,136.236838112756,156.237511104996,466388.61,421252.2,445393.26,0,67.6773145645627,0,61.7176352694624,0,85.6465669362398,0,26.8208334424629,0,45.3631296350773,0,122.866982354922,0,66.4670883850204,0,43.0904209775954,0,131.259314863002,1
2040890,292,931,247,-590,324,686,19,952,262,343,970,297,-563,361,767,67,990,320,323,950,277,-572,342,737,38,980,291,321.39,953.08,275.4,-573.8,342.6,731.77,38.91,977.76,289.05,321.094261389923,953.000532509292,275.062709903772,-573.726841517241,342.415702179197,731.473311367802,37.1432021007938,977.698048868704,288.453308465118,321.536234350034,953.119814084252,275.565963065107,573.836701510107,342.692544418463,731.917078636644,39.777003406491,977.790867210366,289.348284943941,94.9675757575757,76.6602020202021,92.3636363636364,42.5454545454545,64.0606060606061,217.451616161616,68.91101010101,60.9721212121212,174.270202020202,9.74513087431748,8.7555811925995,9.61060020829274,6.52268767805531,8.00378698246062,14.7462407467672,8.30126557224921,7.80846471543038,13.2011439663463,3.15971200356862,2.58245851563227,3.58320761085966,3.02366863905327,3.27255308947841,3.23246618713176,4.42331999534408,3.44649351329497,2.74372875378294,-0.295769109653921,0.237468395908778,-0.362530020746484,-0.320019343976115,0.241969306715785,-0.378069652084203,0.586542832398149,-0.420076171332168,0.0850567105008245,323,950,277,-572,342,727,38,980,291,321.555555555556,952.922222222222,275.666666666667,-573.6,342.411111111111,732.111111111111,38.6444444444444,978.111111111111,288.955555555556,0.503258334775646,0.503258334775646,0.503258334775646,0.503258334775646,0.503258334775646,0.503258334775646,0.503258334775646,0.503258334775646,0.503258334775646,51,39,50,27,37,81,48,38,58,446.966927937581,424.765179846921,437.335583422596,664.23,214.53,559.594285714286,109.123881316823,224.128603439888,175.246507218478,466182.655714286,421041.15,446305.551428572,0,65.1255112620158,0,60.1061786840289,0,77.074659674369,0,35.9825265201211,0,60.7350071525427,0,148.747416815777,0,56.3761261200974,0,52.9418811421944,0,131.221788152009,1
2042453,292,931,247,-590,314,696,19,961,252,343,980,306,-563,351,757,58,990,320,323,950,277,-572,342,737,38,971,291,323.49,952.3,275.78,-574.16,340.55,732.09,40.46,976.61,289.13,323.18482569158,952.212701082075,275.145524978832,-574.075199945814,340.414680828056,731.896195167822,38.9881478860782,976.543971563779,288.519468956217,323.640464095576,952.343740463495,276.097700099077,574.202490416055,340.616690724339,732.186772620211,41.1183657262786,976.643082195333,289.43291105194,98.3534343434345,84.1515151515152,177.102626262626,49.2872727272728,45.8863636363636,143.133232323232,54.2509090909091,65.270606060606,177.023333333333,9.91733000073278,9.17341349506906,13.3079910678745,7.02048949342372,6.77394741907284,11.9638301694412,7.3655216441817,8.07902259314863,13.3050115871176,3.48097401955112,3.26579763543731,2.21547891040352,2.6447516706084,4.45430130234077,3.11933721732582,2.69760336517628,2.35552879824735,2.86741958111988,-0.375893005246493,0.241047453136051,0.0996329944923072,-0.197728865882468,-0.656839390624252,-0.0436152809510903,-0.175796789583188,0.262848816331038,-0.0702400589344741,323,950,277,-572,342,737,38,971,291,323.666666666667,952.166666666667,275.555555555556,-573.9,340.8,732,40.5666666666667,976.733333333333,289.266666666667,0.503258334775646,0.503258334775646,0.503258334775646,0.503258334775646,0.503258334775646,0.503258334775646,0.503258334775646,0.503258334775646,0.503258334775646,51,49,59,27,37,61,39,29,68,446.999034148445,424.638195121725,436.894865584431,664.958571428571,213.634285714286,559.8,182.589194549214,147.373473443305,178.440277032726,466256.438571429,420782.442857143,445411.645714285,0,79.155285274398,0,75.8688250664174,0,154.314461573035,0,42.6904150045528,0,41.4149716724763,0,125.325941321438,0,41.9476338727992,0,47.389091058141,0,165.148869753395,1
2044015,292,931,247,-590,314,707,29,952,262,343,980,297,-554,370,757,58,1000,320,323,950,277,-572,342,727,38,980,291,322.89,952.33,275.9,-574.07,340.39,731.4,41.44,976.47,291.17,322.567898885735,952.241207658511,275.530610214629,-574.007985108046,340.17920172794,731.200502825777,39.9462308749566,976.407719694333,290.695762529286,323.050383067409,952.374416918052,276.08440738296,574.100836090665,340.49541847138,731.500239234411,42.1874388888446,976.501146952731,291.408459039884,104.644343434343,85.4556565656566,102.818181818182,35.7627272727272,72.5029292929291,148.121212121212,63.1377777777777,61.4435353535353,140.324343434343,10.2295817819862,9.24422287516136,10.1399300696889,5.98019458485485,8.51486519522941,12.170505828486,7.94592837733752,7.8385926896054,11.8458576487455,2.96292359805864,2.99404644870621,3.14320491959037,4.40043215508972,4.11975228771349,2.61346669488188,2.56179014145944,3.68200408188197,2.85462025077708,-0.0604308387235867,0.0699336723824891,0.0459974578676973,0.49749071519545,0.0903619983385545,0.326156381633791,0.328151247642551,0.0507923752538721,0.22268071102475,323,950,277,-572,342,727,38,980,291,323,952.2,275.888888888889,-574.4,340.5,731.111111111111,41.2111111111111,976.566666666667,291.011111111111,0.503258334775646,0.503258334775646,0.503258334775646,0.503258334775646,0.503258334775646,0.503258334775646,0.503258334775646,0.503258334775646,0.503258334775646,51,49,50,36,56,50,29,48,58,446.936034097586,424.374747599712,437.100028337169,664.765714285714,213.308571428571,561.034285714286,149.284586506823,151.591237781631,144.438380122101,466114.791428572,420266.357142857,445822.782857143,0,76.4110880451922,0,59.2401656082601,0,65.9070108528084,0,27.0859571486481,0,53.8941075396665,0,112.239721301031,0,44.0522412409294,0,41.6838097398156,0,114.441397576462,1
2045578,292,931,247,-590,324,696,29,952,262,343,1000,306,-563,361,767,58,1000,320,323,950,277,-572,342,727,38,980,291,323.59,953.69,275.69,-573.53,340.39,731.19,40.26,977.12,291.31,323.325573189558,953.580571740286,275.274122420893,-573.4424575922,340.244813142499,730.948923748398,38.9278933192034,977.039892662744,290.856161004426,323.720172371139,953.745138912907,275.897934026335,573.573857493523,340.462876096646,731.311062407783,40.9355591142957,977.159986900814,291.533274258703,85.1130303030304,106.236262626263,115.852424242424,50.8172727272727,50.1190909090909,178.842323232323,55.4064646464647,78.9349494949494,131.448383838384,9.22567234964641,10.3070976819987,10.7634764013503,7.12862348053765,7.07948380244569,13.3731942045393,7.44355188377596,8.88453428689143,11.4650941486925,3.80309474750056,6.12803005241197,3.23089206630941,2.49220081302822,2.65875745660323,3.4036494564855,2.82726443437091,2.93791864087505,2.83107908674747,-0.461887528780522,0.772360969186951,0.0951587522485857,-0.180445588600084,0.226425879532708,0.285648906080899,0.418258514859206,-0.164668462934627,-0.33293236598648,323,960,277,-572,342,727,38,980,300,323.888888888889,953.377777777778,275.555555555556,-573.3,340.3,730.888888888889,39.9,977.288888888889,291.488888888889,0.503258334775646,0.503258334775646,0.503258334775646,0.503258334775646,0.503258334775646,0.503258334775646,0.503258334775646,0.503258334775646,0.503258334775646,51,69,59,27,37,71,29,48,58,447.532572909192,424.18160091485,437.359747387083,665.558571428571,213.45,560.867142857143,117.519556171256,188.442399864801,133.903978442526,467376.09,419879.061428572,446361.004285714,0,59.7647326020734,0,70.6598086716631,0,91.0083896368966,0,42.3854107041325,0,43.2483100122601,0,140.566001100594,0,40.823143088461,0,59.306032993669,0,95.4445181810792,1
2047140,303,921,257,-590,324,707,19,942,271,343,970,306,-554,361,767,58,1000,330,323,950,277,-572,342,727,38,971,300,322.8,952.87,276.98,-572.63,339.85,732,39.67,973.72,302.24,322.600671035376,952.77878539944,276.596631418421,-572.54993903174,339.701457137841,731.818774169961,38.2932514804465,973.636932085395,301.877550208515,322.899055433738,952.915405479416,277.172762009545,572.669966036285,339.924771089134,732.090841357819,40.304962473621,973.761408148834,302.420634216649,64.6060606060606,87.4071717171717,107.898585858586,46.2354545454546,51.340909090909,134.343434343434,51.2940404040403,81.4561616161616,110.325656565656,8.03778953481992,9.34918026979754,10.3874244092839,6.79966576718699,7.16525708477435,11.590661514488,7.16198578636123,9.02530673252503,10.5036020757479,2.71417173256737,3.6765539555862,2.97672461633033,2.52737207825651,2.61597286902647,3.05415795126915,2.93067118759154,4.296505241786,3.40638192349145,-0.198654959922051,-0.42625796332378,0.23023993071804,0.115380438592351,0.356947249529118,0.195588714930253,0.0157493532030963,-0.296394501577042,-0.00172929471789552,323,950,277,-572,342,727,38,971,300,323,953.133333333333,276.777777777778,-572.7,339.7,732,39.6888888888889,973.822222222222,302.322222222222,0.503258334775646,0.503258334775646,0.503258334775646,0.503258334775646,0.503258334775646,0.503258334775646,0.503258334775646,0.503258334775646,0.503258334775646,40,49,49,36,37,60,39,58,59,447.249935486519,424.12889075222,437.314716765722,665.421428571429,213.951428571429,563.841428571429,124.297141781526,136.030032575184,115.176041259027,466772.704285714,419767.174285714,446268.861428572,0,54.3770609522431,0,59.9801233513714,0,81.3905869961317,0,40.3611439077861,0,37.4398960391006,0,129.916877613342,0,31.2065290808092,0,56.947442423531,0,87.2115789471828,1
2048703,303,911,247,-590,324,707,19,952,271,343,970,306,-563,351,757,58,1000,330,323,950,277,-572,342,727,38,971,300,323.7,952.69,277.17,-573.35,338.94,730.5,41.89,973.58,302.01,323.439269383347,952.589432510992,276.65255264506,-573.284064381888,338.800220143093,730.23986280062,40.5246383917627,973.517237014148,301.481824173268,323.830511224622,952.739833322823,277.426404655361,573.383022071634,339.009822866536,730.630549593979,42.4938819125765,973.61139064824,302.276876389842,85.3636363636363,95.9130303030302,143.637474747475,38.25,47.8145454545454,192.676767676768,51.4726262626262,61.74101010101,162.898888888889,9.23924436107392,9.79351981174441,11.984885262174,6.18465843842649,6.91480624851813,13.8808057286588,7.17444257504555,7.85754478835533,12.7631849038118,2.63922399741214,5.21082493805046,2.99802662352769,2.89459235322714,2.56213782858075,2.18631531393805,3.20141985608899,4.62603081257816,2.73876487880645,0.092916068315069,-0.836568549961902,-0.112552394224494,-0.175974647517212,-0.0103144757589005,0.221769542793744,-0.166187145329699,0.0674023384686954,0.330923762995329,323,950,287,-572,342,717,38,971,300,323.555555555556,953.044444444444,277.111111111111,-573.3,339.1,730.333333333333,41.9333333333333,973.555555555556,301.733333333333,0.503258334775646,0.503258334775646,0.503258334775646,0.503258334775646,0.503258334775646,0.503258334775646,0.503258334775646,0.503258334775646,0.503258334775646,40,59,59,27,27,50,39,48,59,447.328458400152,423.701607810822,437.276165062893,665.811428571429,212.61,564.634285714286,146.516590779427,196.988816186957,165.663256178012,466947.771428571,418935.75,446184.077142857,0,73.2459184302074,0,82.909063069333,0,106.524555002671,0,31.8229466025655,0,40.456369791912,0,182.522200594448,0,35.5513050553288,0,44.29825532373,0,120.542975371406,1
2050265,303,931,257,-590,324,707,29,952,271,343,970,306,-563,361,767,58,990,330,323,950,277,-572,342,737,38,971,300,322.6,952.59,275.98,-572.54,340.31,733.5,40.32,972.67,304.23,322.425798990327,952.521266712356,275.454868630796,-572.478469776014,340.13798942495,733.338759582441,39.2333709131905,972.609261572819,303.744588045361,322.686535200959,952.624369833147,276.243986359884,572.57086897606,340.396136875846,733.580943045824,40.8661228892588,972.700318700472,304.470409071226,56.4040404040404,66.1433333333333,147.252121212121,35.7054545454546,59.2261616161616,119.949494949495,44.7854545454545,59.5768686868687,147.815252525253,7.51026233922893,8.1328551772015,12.1347485022196,5.97540413239595,7.6958535339598,10.9521456778795,6.69219355259952,7.71860535892778,12.1579296150805,3.27047396983605,2.57898406885256,2.60132816030843,3.3934482697783,2.99122162518306,3.50445650969529,2.99737156236616,3.14464081672574,3.05223253567234,-0.222704235081619,0.0264616829538391,0.20164787169212,-0.351148408358075,0.117847449144272,0.308914322912866,0.377480961941683,-0.192027731717641,-0.145446409848764,323,950,277,-572,342,737,38,971,310,322.777777777778,952.377777777778,275.666666666667,-572.4,340.4,733.222222222222,40.1888888888889,972.666666666667,304.422222222222,0.503258334775646,0.503258334775646,0.503258334775646,0.503258334775646,0.503258334775646,0.503258334775646,0.503258334775646,0.503258334775646,0.503258334775646,40,39,49,27,37,60,29,38,59,447.005841894241,424.647576406235,437.155250633875,664.787142857143,214.83,564.522857142857,148.49339353317,122.596936898776,149.44052189104,466255.941428571,420791.97,445936.362857143,0,46.8315450595009,0,45.396999801986,0,125.50058885621,0,29.6012835937432,0,54.4507883050832,0,103.427605845864,0,38.7672582624927,0,49.7106952067305,0,108.034117092894,1
2051828,303,931,247,-590,324,707,29,952,281,343,970,306,-563,361,767,58,990,339,323,950,277,-572,342,737,38,971,310,325.2,951.94,276.69,-573.8,339.95,731.7,40.26,971.95,308.53,324.87673225593,951.863982226383,276.266053632473,-573.732411146756,339.77305737921,731.491043485514,38.9565627255454,971.882996956894,307.931048638953,325.361644942977,951.978066974234,276.900108342341,573.833878400361,340.039012467687,731.804482085208,40.9111231818438,971.98345150522,308.831361749418,106.222222222222,73.2084848484849,117.488787878788,39.2727272727272,61.1388888888889,154.454545454545,53.3862626262626,65.6843434343434,187.928383838384,10.3064165558269,8.55619569952002,10.8392245054149,6.26679561440512,7.81913607049327,12.4279743101821,7.30659035571741,8.10458780163084,13.7086973793422,2.30011613739776,2.45047874484017,2.71808236285163,3.02083333333335,2.74851285463107,2.83243958064379,2.71633369017771,3.46797793786126,2.67723705465977,0.051276438202537,0.18577535352423,-0.149795406255597,-0.252590742770483,0.310573604884961,0.0370978788344199,0.321359350549693,-0.157587725194819,0.225393715120995,323,950,287,-572,342,737,38,971,310,325.222222222222,951.655555555556,276.777777777778,-573.7,339.9,731.666666666667,40.0111111111111,971.955555555556,308.355555555556,0.503258334775646,0.503258334775646,0.503258334775646,0.503258334775646,0.503258334775646,0.503258334775646,0.503258334775646,0.503258334775646,0.503258334775646,40,39,59,27,37,60,29,38,58,447.181365358154,424.340080242922,437.423626563707,665.927142857143,213.364285714286,566.031428571429,135.036034249454,156.412492044883,190.40270372508,466626.904285714,420192.707142857,446486.725714286,0,69.0126199739338,0,59.8698614469747,0,82.0998924255684,0,35.765037285389,0,43.0128576967742,0,130.553043894179,0,43.1555216462183,0,49.2204415301118,0,146.566649447761,1
2053390,303,931,247,-590,324,707,29,952,271,343,970,306,-554,361,767,58,990,339,323,950,277,-572,342,737,38,971,300,324.2,952.41,277.59,-572.45,339.31,733.2,40.53,972.57,304.42,323.933085510563,952.31207157188,277.180118429732,-572.375001536677,339.158279897218,732.995798360753,39.3612429866207,972.511485463207,303.854573997616,324.333470366535,952.458823256943,277.793574439727,572.487318636841,339.38581290325,733.301984178415,41.1072986220209,972.599244293352,304.703232670741,87.4343434343434,93.9413131313132,114.203939393939,43.1590909090908,51.9736363636364,151.070707070707,47.6051515151515,57.4596969696969,174.266262626263,9.35063331728624,9.69233269813378,10.6866243217369,6.56955789297049,7.20927432989177,12.2910824206295,6.89964865157288,7.58021747509244,13.2009947589666,2.64607883668568,2.76508272620563,2.97174014856187,3.70856449765282,3.12888236288494,2.89336816183493,2.73683598273418,2.91905172284297,3.08830369553856,0.0579337486332796,-0.264572077188272,-0.0885339433996631,0.389565639166319,0.0205049342854617,-0.0328828251858618,0.251359273797063,-0.0403895063531643,0.141966746839621,323,950,277,-572,342,737,38,971,310,324.111111111111,952.622222222222,277.666666666667,-572.7,339.4,733.222222222222,40.4222222222222,972.455555555556,304.211111111111,0.503258334775646,0.503258334775646,0.503258334775646,0.503258334775646,0.503258334775646,0.503258334775646,0.503258334775646,0.503258334775646,0.503258334775646,40,39,59,36,37,60,29,38,68,447.330531641918,424.389457702974,437.14920313404,666.085714285714,214.311428571429,564.651428571429,126.836752082236,161.733265782207,181.719947459385,466945.405714285,420281.254285715,445921.354285714,0,75.958739203842,0,57.0411503913631,0,83.1225318326478,0,36.4456448704434,0,41.7653884713768,0,132.610058849652,0,29.1849665010516,0,44.8587793382693,0,122.415482173235,1
2054953,303,931,247,-590,314,707,19,952,271,353,970,297,-554,361,757,58,990,330,323,950,277,-572,342,737,38,971,310,325.5,950.09,277.9,-572,338.6,733,40.07,973.42,305.67,325.196374709542,950.002382047398,277.413978898638,-571.912445315265,338.36119139989,732.796545620451,38.3182173799658,973.364911826884,305.264887049063,325.651654379338,950.133722167569,278.141330981212,572.043896917011,338.719323334232,733.100948028305,40.8740749130791,973.447502436572,305.870838753877,99.7474747474748,83.9211111111111,135.545454545455,50.7272727272727,81.6363636363636,149.49494949495,65.7425252525252,54.0844444444444,124.061717171717,9.98736575616788,9.16084663724435,11.6423990030171,7.1223081039276,9.03528436942433,12.226812728383,8.10817644433847,7.35421270051692,11.1382995637448,2.9964749238904,2.63861530669574,2.34343502953283,2.86160249739854,3.07581697401192,2.64134404674945,3.1711037840572,3.10208589363885,3.22746571606428,0.0343928464468834,-0.188756876761675,-0.09845332847878,-0.245806697419724,0.0359882067769194,-0.433213547628982,0.153162112925249,-0.183714993669379,-0.142967058562186,323,950,267,-572,342,737,38,971,310,325.555555555556,950.266666666667,278.111111111111,-571.8,338.5,733.333333333333,39.9111111111111,973.4,305.688888888889,0.503258334775646,0.503258334775646,0.503258334775646,0.503258334775646,0.503258334775646,0.503258334775646,0.503258334775646,0.503258334775646,0.503258334775646,50,39,50,36,47,50,39,38,59,446.636636707418,424.118912116329,437.64086949235,665.781428571429,214.114285714286,565.354285714286,142.483699647802,169.441703660702,127.528965810539,465499.581428572,419743.714285714,446926.157142857,0,85.5049405307028,0,57.3906996695936,0,108.755307417915,0,33.4818695116002,0,78.2525636087864,0,113.642283639861,0,50.2157394514558,0,38.3617111977412,0,107.37407520589,1
2056515,303,921,247,-590,324,696,29,952,271,343,970,297,-554,370,777,58,990,339,323,950,277,-572,342,737,38,971,320,325.4,951.81,275.6,-572.72,338.14,735.47,37.68,970.01,315.13,325.232156306093,951.721527642331,275.195972169542,-572.636149781039,337.961558452943,735.20547230618,36.4759750648204,969.949166272519,314.598270601479,325.483332906617,951.853985651161,275.79956490176,572.761974994849,338.23015832418,735.601257475815,38.2930803148558,970.040354830664,315.388823517892,54.7878787878788,84.5796969696971,111.151515151515,48.5672727272727,61.5963636363636,195.039494949495,47.0480808080808,59.4847474747475,164.841515151515,7.4018834621925,9.19672207744135,10.5428418916113,6.96902236524411,7.84833508690624,13.9656541182107,6.85916035736743,7.71263557253599,12.8390620822362,2.95517790482157,4.17511849102115,2.87077089445417,2.94844559397273,4.57020450546728,4.2753553908701,2.56415064476681,2.76195478820563,3.29695385142539,-0.261228920551853,-0.558842501559062,-0.23831192417986,-0.124685755067694,0.533783750644879,-0.338328768111644,0.37947207067681,-0.24233665879646,-0.559165837348617,323,950,277,-572,342,737,38,971,320,325.555555555556,951.955555555556,275.777777777778,-572.6,338,735.777777777778,37.4777777777778,970.244444444444,315.466666666667,0.503258334775646,0.503258334775646,0.503258334775646,0.503258334775646,0.503258334775646,0.503258334775646,0.503258334775646,0.503258334775646,0.503258334775646,40,49,50,36,46,81,29,38,68,447.02175820644,425.01474499122,437.448222067236,665.49,214.667142857143,566.922857142857,112.195413796318,205.935088795387,166.785016988388,466298.918571429,421527.912857143,446534.897142857,0,37.7835797581289,0,64.0869870349461,0,86.9503899342986,0,44.122708701826,0,52.4059940700171,0,155.967163173649,0,29.8102604824171,0,50.0732604806909,0,140.934416473841,1
2058078,303,931,237,-590,314,707,19,942,291,343,980,297,-554,361,757,58,990,339,323,950,277,-572,333,737,38,971,310,325.7,953.48,273.8,-572.99,337.53,734.3,37.81,970.39,312.75,325.429986840181,953.378680460597,273.295619376438,-572.905256203275,337.301883387867,734.12042086679,36.2495031592221,970.328403498749,312.264608561549,325.834620628318,953.530691692722,274.047806048507,573.032259126831,337.644976269454,734.389678576708,38.580694654192,970.420656210491,312.992156451244,88.5959595959596,97.6460606060606,137.131313131313,48.9190909090909,78.4132323232323,133.040404040404,59.4685858585858,60.0988888888888,153.058080808081,9.41254267432343,9.88160212749231,11.7103079861852,6.99421839157821,8.85512463623366,11.5343141989632,7.71158776508352,7.75234731477433,12.3716644315986,2.50146332841118,3.22270087102103,3.18812740706068,3.03634715147437,3.62412364964803,2.28184883743727,2.55683139311127,3.93632304400525,2.01131974810262,-0.0488583481481244,0.0864896865963779,-0.305935719888468,0.191724281139876,0.379155502851323,-0.0552181022188943,0.301669861951838,-0.557161930388554,-0.00710293300043441,323,950,277,-572,333,737,38,971,320,325.666666666667,953.477777777778,273.888888888889,-573.1,337.2,734.111111111111,37.6222222222222,970.677777777778,312.8,0.503258334775646,0.503258334775646,0.503258334775646,0.503258334775646,0.503258334775646,0.503258334775646,0.503258334775646,0.503258334775646,0.503258334775646,40,49,60,36,47,50,39,48,48,447.526851964272,424.616893593778,437.291867163719,665.562857142857,213.788571428571,566.121428571429,155.769950485116,141.276767251574,158.011693962658,467353.362857143,420727.842857143,446215.204285714,0,63.3790975384317,0,69.7321743052072,0,126.226936195028,0,48.8246937170257,0,74.9092451451789,0,104.395488906868,0,53.0046759328165,0,48.1053385454876,0,111.480801714597,1
2059640,303,931,247,-590,314,707,19,952,271,353,970,306,-554,351,767,58,980,339,323,950,277,-572,333,737,38,971,310,327.4,952.38,275.89,-572.54,336.4,736.9,38.17,970.7,310.56,327.184111738001,952.306046174889,275.412932919056,-572.458200773603,336.228007461112,736.700016558629,36.7093702721835,970.65815957307,310.080542124738,327.50786250104,952.416915011488,276.127633532032,572.580771594716,336.485036814418,736.999728629529,38.8663093179684,970.720876462436,310.797844265368,71.3535353535354,71.0258585858586,132.502929292929,47.16,57.7979797979798,148.474747474748,54.1829292929293,40.939393939394,149.279191919192,8.44710218675821,8.42768405826052,11.510991672872,6.86731388535576,7.60249826030758,12.1850214392404,7.36090546691976,6.39838994899451,12.2179864101738,3.37193162914957,2.9792289382247,2.95861473563387,2.8668969280239,3.3043285657337,3.45314320865005,2.45693398707264,2.77858621233132,3.39150047665189,0.0376748141149335,-0.170708968649463,0.00138445950719812,0.237582108035401,-0.442450958808269,-0.115539073394617,0.113290318051778,-0.306154181539039,-0.0942316860993243,323,950,277,-572,342,737,38,971,310,327.333333333333,952.366666666667,275.888888888889,-572.7,336.5,737.111111111111,38.1333333333333,970.822222222222,310.7,0.503258334775646,0.503258334775646,0.503258334775646,0.503258334775646,0.503258334775646,0.503258334775646,0.503258334775646,0.503258334775646,0.503258334775646,50,39,59,36,37,60,39,28,68,447.55389250034,425.160683808853,437.134525814269,666.715714285714,214.611428571429,565.47,136.48909756094,150.968180963155,151.197545675425,467402.507142857,421816.937142857,445887.818571428,0,43.9872314023992,0,59.4310698529168,0,120.302914254051,0,36.9058782346813,0,46.1193639649101,0,124.900114297281,0,40.7997053748414,0,36.1517663792047,0,131.552848221991,1
2061203,313,931,247,-590,324,696,19,952,281,343,980,297,-563,351,757,67,1000,378,323,950,277,-572,333,737,38,971,310,325.5,952.28,275.3,-573.17,336.78,734.19,40.77,969.94,311.3,325.277320387435,952.186226583195,274.894823832061,-573.078064844863,336.629404067471,733.98917206194,37.9882691911916,969.826417776462,310.728495725087,325.61173197537,952.326929158259,275.499909255883,573.216145969389,336.854983635392,734.290044873278,42.0086895772767,969.996845355695,311.599679075573,73.4848484848485,90.2844444444444,111.222222222222,53.4354545454545,51.0218181818182,148.397878787879,103.572828282828,111.390303030303,188.555555555555,8.57233039988826,9.50181269255737,10.5461946797042,7.30995585112896,7.14295584347392,12.1818668022549,10.1770736600866,10.5541604607047,13.7315532826973,2.3514719948985,3.38596393911819,2.5719084624064,2.61049887019873,2.47628226676119,3.06445299956015,3.12732810207296,2.7796903009431,7.39878941236831,0.175258773928412,0.117223637541192,-0.280007100408104,-0.327953664831214,-0.162096757234054,-0.184497713905705,0.201707981305466,0.109935647572725,1.30885475349318,323,950,277,-572,342,727,38,971,310,325.222222222222,952.366666666667,275.444444444444,-572.8,336.7,734.333333333333,40.8222222222222,969.711111111111,310.566666666667,0.503258334775646,0.503258334775646,0.503258334775646,0.503258334775646,0.503258334775646,0.503258334775646,0.503258334775646,0.503258334775646,0.503258334775646,30,49,50,27,27,61,48,48,97,447.189649173501,424.508586734746,436.986504038254,665.605714285714,213.342857142857,566.575714285714,119.906633698757,154.399116705735,200.253068841926,466649.905714286,420527.1,445608.415714285,0,64.8680500934206,0,71.9979178857157,0,77.631118593827,0,48.7036261414967,0,47.5025350104488,0,112.596724429329,0,83.5668716026379,0,86.0433647633645,0,156.924979220697,1
2062765,303,931,237,-590,324,696,19,952,281,353,970,306,-545,361,777,58,990,359,333,950,277,-572,333,737,38,971,310,328.2,952.63,277.49,-571.1,337.07,733.88,39.3,971.06,309.89,327.916884654711,952.553537359234,276.979392903711,-570.995880831253,336.884234465798,733.512008376563,37.6510783685672,970.98883978258,309.155999969903,328.341590420708,952.668111148893,277.738852161522,571.151766170779,337.163595306492,734.064533947799,40.0449747159366,971.095494789261,310.264451718208,93.8989898989899,73.3465656565657,139.565555555556,59.7272727272728,63.7425252525253,273.621818181818,59.7070707070707,69.6327272727273,234.563535353535,9.69014911644758,8.5642609521526,11.8137866730171,7.72834217198442,7.98389161077011,16.5415180132241,7.72703505279164,8.34462265610179,15.3154671934465,3.14148257648247,3.56718583230689,3.6352989536201,3.37793206980671,3.34533370954858,2.73922299345852,3.04494784060902,2.9598884775634,3.29849977047887,0.0772257838603383,-0.327071394210975,-0.479849840203702,0.384792812699615,0.38220234209579,0.17437664078898,0.0195266609444367,-0.262155838306361,0.521978159921635,333,950,277,-572,333,727,38,971,310,328,952.866666666667,277.777777777778,-571.4,336.8,733.666666666667,39.2777777777778,971.288888888889,309.433333333333,0.503258334775646,0.503258334775646,0.503258334775646,0.503258334775646,0.503258334775646,0.503258334775646,0.503258334775646,0.503258334775646,0.503258334775646,50,39,69,45,37,81,39,38,78,447.948080406864,423.96166954001,437.231006592343,667.851428571429,214.221428571429,565.821428571429,146.773007552286,282.368073274171,236.706169646784,468224.400000001,419461.872857143,446097.467142857,0,63.282621831523,0,54.5014871871233,0,110.447505871272,0,51.7985543339439,0,56.3839080411997,0,232.728468058773,0,47.259463870131,0,48.8805409060991,0,178.046491027813,1
2064328,303,931,247,-590,314,696,29,952,281,353,970,306,-554,351,767,58,990,339,323,950,277,-572,333,737,38,971,310,328.1,950.61,279.18,-572.27,336.58,735.79,38.65,971.97,309.79,327.751555336191,950.513601672666,278.71378113689,-572.200447231594,336.407162189776,735.563254205267,37.3322041075588,971.91146862175,309.171544110244,328.275189437155,950.658250897766,279.409269710223,572.304612946637,336.665531351221,735.902350859134,39.3020355706928,971.999223250718,310.099000320865,116.151515151515,92.6645454545454,129.361212121212,40.0172727272728,58.1652525252524,167.01606060606,51.3409090909091,57.3829292929293,193.480707070707,10.7773612332294,9.62624254081235,11.3737070527252,6.32592070194314,7.62661474871076,12.9234693718854,7.16525708477436,7.57515209701622,13.9097342559341,3.00989203407857,2.54876627380721,3.33566675615895,4.11106288004692,3.3604274322551,3.36980370211649,2.18061757418923,2.5024403769028,2.74922869667797,0.241673520091442,0.124510133255712,-0.303692619625092,0.391883848791295,-0.399505558376132,-0.473739637924681,0.188653578764651,-0.173658440012614,0.0729435581339961,323,950,277,-572,333,737,38,971,310,327.777777777778,950.622222222222,279.444444444444,-572.5,336.7,736.222222222222,38.5555555555556,972.011111111111,309.766666666667,0.503258334775646,0.503258334775646,0.503258334775646,0.503258334775646,0.503258334775646,0.503258334775646,0.503258334775646,0.503258334775646,0.503258334775646,50,39,59,36,37,71,29,38,58,447.341762764589,424.76867642492,437.567792879593,667.667142857143,214.328571428571,565.89,148.021476750594,170.634735140517,194.614060132219,466965.107142857,421040.794285715,446780.798571429,0,78.6906063765688,0,81.5084186593195,0,89.9379362447202,0,32.5363708634283,0,35.727552455472,0,129.860631559699,0,42.5708624690241,0,38.48895557189,0,143.898098384694,1
2065890,313,931,257,-590,314,707,19,952,271,343,970,316,-554,361,777,58,990,330,333,950,277,-572,333,737,38,971,310,327.3,950.23,278.69,-572.36,335.51,736.5,38.64,971.59,305.64,327.046066954996,950.129645171845,278.323373816017,-572.283985032207,335.312563984206,736.220507908847,37.1413725793088,971.544260662426,304.748772811834,327.426022179057,950.280237614147,278.87536642737,572.398095734079,335.608745416445,736.640346437799,39.3685153390371,971.612891021934,306.070972161687,83.3434343434343,96.441515151515,104.397878787879,44.0509090909091,66.939292929293,208.838383838384,57.4044444444444,44.9312121212121,266.293333333334,9.12926253009707,9.8204641006174,10.2175280174746,6.63708588846861,8.18164365694895,14.4512416019657,7.57657207742686,6.70307482587,16.3184966627853,2.11449925653286,2.52797884133952,3.92424073709698,4.276250803106,3.45542258923766,2.30831709139399,2.92722290147071,3.91990066959221,2.76656607427398,-0.232008948928317,0.134778279738138,0.413388545738257,-0.241303101901826,0.0766747338747543,0.249006187389088,0.290283148464432,0.157587593368267,-0.524938459317214,333,950,277,-572,333,727,38,971,310,327.222222222222,950.2,278.555555555556,-572.2,335.4,736.222222222222,38.4333333333333,971.477777777778,306.211111111111,0.503258334775646,0.503258334775646,0.503258334775646,0.503258334775646,0.503258334775646,0.503258334775646,0.503258334775646,0.503258334775646,0.503258334775646,30,39,59,36,47,70,39,38,59,447.017647243668,424.870709436115,436.891406793788,666.951428571429,214.135714285714,563.944285714286,120.900451681921,215.012925673591,266.924365352347,466290.771428571,421247.918571428,445397.541428571,0,57.5766842717241,0,83.1373053132291,0,89.7287482843852,0,43.3078947670143,0,64.5752466409732,0,213.039033838176,0,47.7108436048075,0,38.4856937863645,0,265.864971095775,1
2067453,303,921,247,-590,314,707,19,952,291,343,970,306,-554,370,767,58,990,339,328,950,277,-572,333,737,38,971,310,327.2,949.99,280.19,-571.64,335.97,736.8,38.85,970.75,311.09,326.956914132921,949.890845262218,279.749737127548,-571.541233045153,335.754829217321,736.566575068404,37.0549912434326,970.684687111702,310.561761630109,327.319721373461,950.039309713024,280.406258845982,571.689478650779,336.079201974773,736.916684571601,39.6919387281599,970.782668778136,311.355696912711,79.1515151515153,94.6362626262626,122.458484848485,57.1418181818183,74.130404040404,173.69696969697,66.7954545454545,64.0681818181818,167.052424242424,8.89671372763647,9.72811711618762,11.0660961882899,7.55922073905891,8.60990151165529,13.1794146189036,8.17284861877757,8.00426022928926,12.9248761789978,3.24595947396356,3.39341415454472,3.10092674583577,3.17759591880115,5.23997807443901,2.08240690194428,2.83617762996445,2.65918718330651,2.33724477240311,-0.492212235294092,-0.505370669256078,-0.358674127919933,-0.177968093384746,0.689758500678704,0.0102812806294696,0.178358631233603,0.0616381953168711,0.207725574725098,333,950,277,-572,333,727,38,971,310,327.444444444444,950.377777777778,280.555555555556,-571.5,335.7,736.777777777778,38.6666666666667,970.644444444444,310.755555555556,0.503258334775646,0.503258334775646,0.503258334775646,0.503258334775646,0.503258334775646,0.503258334775646,0.503258334775646,0.503258334775646,0.503258334775646,40,49,59,36,56,60,39,38,48,447.085899654021,424.852945388054,437.2392812025,667.448571428571,214.77,566.01,138.836565280328,178.306821736646,174.336002277486,466431.668571429,421210.41,446115.775714285,0,58.3062317007512,0,52.87653598593,0,98.7283853186742,0,52.6122375454678,0,70.6079701091211,0,168.459399794094,0,51.9659935460299,0,46.9122785085595,0,126.640482531177,1
2069015,303,931,247,-590,314,696,19,942,281,353,970,306,-563,361,767,58,990,339,333,950,277,-572,337.5,737,38,971,310,328,949.48,279.17,-572.54,337.49,735.29,39.87,971.07,309.91,327.807335921853,949.391014476549,278.679839019855,-572.481307400528,337.33373787344,735.072077807503,38.2130266427787,970.992516398063,309.490885542236,328.09602252999,949.524712685247,279.412616035855,572.569454302271,337.567637666883,735.398035080323,40.6139138719725,971.108474888362,310.116961806348,63.6363636363636,85.7672727272729,136.89,34.069090909091,52.939292929293,160.490808080808,60.4778787878789,75.479898989899,129.618080808081,7.97724035217466,9.26106218137384,11.7,5.83687338470614,7.27593931594354,12.6684966780123,7.77675245767016,8.68791683833927,11.384993667459,3.76039304610733,2.76358356419202,3.30486177818269,3.6094173469868,4.66886768864357,3.66854615238117,3.19112886411613,4.53767887393761,2.84247494978773,-0.0599943607951154,0.526167643231201,-0.133610631101954,-0.390146567315366,-0.210611573070204,-0.448943920388234,0.0238356989992564,-0.744982842100633,-0.264953775806235,333,950,277,-572,333,737,38,971,310,328,949.144444444444,279.333333333333,-572.4,337.6,735.666666666667,39.8,971.522222222222,309.966666666667,0.503258334775646,0.503258334775646,0.503258334775646,0.503258334775646,0.503258334775646,0.503258334775646,0.503258334775646,0.503258334775646,0.503258334775646,50,39,59,27,47,71,39,48,58,446.875848541613,424.805821975108,437.225095196653,667.135714285714,214.388571428571,566.078571428571,138.79149723297,163.157284289521,135.917891048331,465992.395714285,421113.411428571,446088.724285713,0,54.93060705442,0,72.27235609967,0,124.424036687094,0,26.7467998130044,0,35.6814969347143,0,134.457386369796,0,45.2874699004411,0,65.24518335398,0,85.5693039996617,1
2070578,303,931,79,-590,314,676,-359,952,271,444,1000,316,-536,370,808,67,1161,407,333,950,277,-572,333,737,38,971,310,330.12,950.77,276.52,-569.93,336.9,737.58,36.05,970.41,315.76,329.372551882223,950.585582569974,269.524145975629,-569.777939697241,336.473627142441,736.887155661146,38.3653338010253,970.003789148069,314.395655554498,330.562762573161,950.864117526789,277.95747876249,570.005114012146,337.11704198987,737.929915371372,55.0002727265965,970.643575160316,316.48235337851,295.480404040404,180.784949494949,805.100606060606,86.49,147.767676767677,521.518787878788,1742.85606060606,457.961515151515,461.315555555555,17.1895434506099,13.4456293826265,28.3742948116884,9.3,12.1559728844579,22.836785848249,41.7475275987221,21.4000354007071,21.4782577402255,25.7014412156514,6.18995840946683,30.4701654335037,4.47722239215614,3.506442917148,4.06870183555481,81.8619074540306,64.2958127369921,5.86491277373683,3.99386855999225,1.51490167549733,-4.74997152917544,0.688619630906554,0.589351054547204,0.424640380158031,-8.60359168009656,7.11294229251259,1.11379676949017,333,950,277,-572,333,727,38,971,320,328.555555555556,949.577777777778,280.222222222222,-570.3,336.533333333333,737,40.2111111111111,968.555555555556,314.466666666667,0.509889142343121,0.509889142343121,0.509889142343121,0.509889142343121,0.509889142343121,0.509889142343121,0.509889142343121,0.509889142343121,0.509889142343121,141,69,237,54,56,132,426,209,136,447.545993394909,424.874122140219,438.05245778791,667.461428571429,216.235714285714,566.665714285714,992.631483745008,542.799532142083,2101.46270540696,467432.001428571,421326.124285714,448000.74,0,297.236241150409,0,164.982435857492,0,822.297404858915,0,67.7619007447557,0,134.833252377862,0,491.316882948485,0,1362.09621913456,0,320.686947923235,0,374.181906899076,1
2072140,-757,166,-2792,-1736,194,-494,-126,685,-330,3696,3549,1108,563,1157,878,349,1457,543,353,960,89,-354,828.5,393,126,990,67,333.5,993.16,109.22,-359.01,773.43,382.19,106.75,998.01,111.03,0,880.499583219356,103.280193634854,0,667.61149376838,408.789593465285,0,970.62022525037,0,561.89347744924,1049.65543870358,467.515710965952,468.106515656426,807.467875521992,471.717108021322,153.825908090932,1011.57134696471,189.112638393102,206567.707070707,116575.509494949,208729.223838384,91146.9998989899,54353.9445454546,77220.0342424242,12390.7550505051,27527.908989899,23672.6556565656,454.497202489418,341.431559020178,456.868935076991,301.905614222376,233.139324322291,277.884929858429,111.313768467809,165.915366949234,153.859207253143,33.0583414206111,33.3066361327816,21.5515637008615,7.3027316605728,2.63067886388463,4.05299590838638,2.18011449672328,2.34583405836485,3.3240912913397,4.02100555805783,4.0744466448546,-3.38158666286367,-0.191496107201799,-0.771390192561692,-0.797582003324008,-0.0544615951592435,0.194565795652783,0.571313517215149,414,960,79,-290,796,313,-38,1047,67,318.577777777778,975.222222222222,149.655555555556,-363.955555555556,781.322222222222,397.477777777778,106.744444444444,997.111111111111,107.622222222222,0.665273522764941,0.665273522764941,0.665273522764941,0.665273522764941,0.665273522764941,0.665273522764941,0.665273522764941,0.665273522764941,0.665273522764941,4453,3383,3900,2299,963,1372,475,772,873,498.052360169204,443.138222544062,439.890144660035,615.377142857143,341.404285714286,521.052857142857,437766.184504044,159443.634587569,40209.02786641,701173.611428572,468705.047142857,464015.395714286,0.728826916353671,151740.7347308,0.999705431941595,90039.796877811,0.514950446644439,196580.298877252,1.3445308777952,88978.4940585475,0.0948501790307322,49428.6742994329,0.154624906909817,74892.7626199841,0.206459715231376,12668.0101229579,0.143264197086446,26819.4171271659,0.142852425824444,22219.2688579463,1
2073703,-1171,-58,-950,-854,759,-151,-97,857,-48,1848,1882,524,700,1240,525,349,1238,320,171,1039,207,-240.5,935,207,126,961,97,131.89,1040.12,201.57,-205.49,948.67,207.24,117.19,999.3,98.52,0,1080.57477198564,182.282461528352,0,937.457975509198,0,0,989.98231747853,236.742951369616,402.827841639577,1088.47632036715,281.575691422395,367.118250704048,954.568389378152,259.988538208899,144.60134854143,1004.2035749787,117.497063793101,146338.684747475,103970.793535353,39044.8536363637,93484.5150505051,11339.4354545455,24894.5680808081,7248.53929292929,9923.56565656565,4140.77737373737,382.542396013141,322.445024051161,197.597706556437,305.752375379988,106.48678535173,157.780125747218,85.1383538302761,99.6170952024082,64.3488723579316,10.5406924157902,4.81372231080324,20.1346679234273,3.93359318149774,3.14601385873535,2.62562066325942,3.07587182423133,2.26337215681141,3.95312609930288,1.0693992529549,-0.452497263280319,-3.57712846191297,0.668525343952551,0.677708693137387,0.108970220286271,0.122547246001101,0.637751670174079,0.337623616522987,181,1029,207,-272,935,222,155,914,97,119.044444444444,1046.34444444444,222.122222222222,-217.811111111111,943.855555555556,207.244444444444,115.655555555556,995.455555555556,97.0555555555556,0.612613890073306,0.612613890073306,0.612613890073306,0.612613890073306,0.612613890073306,0.612613890073306,0.612613890073306,0.612613890073306,0.612613890073306,3019,1940,1474,1554,481,676,446,381,368,494.643667728313,447.900846064591,435.639163369607,588.677142857143,407.322857142857,520.718571428571,215582.077517504,109229.345960966,11215.4661153924,611286.788571429,477244.568571429,447059.97,0.37034856089287,164132.424806647,0.128936094659092,122206.317718446,0.412696464747448,41788.2798020984,0.304414495837584,110661.649535881,0.202558459264629,12848.7499619337,0.168910979004641,29302.8020551952,0.360676070800014,8355.55598428941,0.560993654832587,11385.6299422387,0.478625400608806,4718.32752547668,1
2075265,-2808,-68,-1574,-1472,388,-464,-87,819,-184,2989,2598,1306,681,1361,939,378,1419,378,171,1039,198,-236,953,171,111,990,106,266.18,1150.13,124.84,-227.75,967.23,181.21,106.93,1021.73,103.83,0,1098.91253944757,0,-318.336383825359,933.660350909278,4918.72675878878,0,1007.53647548317,0,783.371278513579,1220.04047064022,394.086817846017,449.586065175512,981.515231669891,304.957095342935,147.197860038793,1029.68776335353,129.639770132471,548301.785454545,167373.467777778,141130.701414141,151775.320707071,28119.4718181818,60769.4605050505,10336.5506060606,16489.593030303,6086.66777777777,740.474027535433,409.113025676008,375.673663455587,389.583522119546,167.688615648713,246.514625337018,101.668828094262,128.411810322505,78.0170992653391,8.4830652781592,4.59852860501374,11.811877775311,4.52320206766777,3.94351128648007,4.2342670990114,2.97726898318941,3.88855245304092,4.81872033581168,0.510069727859934,0.178261607853178,-2.30327029487413,-0.473064008232644,-0.119293038210889,0.445138346226883,0.397960824526733,1.18010269280746,0.0592005523533835,171,1019,188,-354,851,161,174,952,38,242,1152.81111111111,166.211111111111,-216.711111111111,968.677777777778,174.855555555556,103.833333333333,1012.23333333333,103.066666666667,0.689703907672028,0.689703907672028,0.689703907672028,0.689703907672028,0.689703907672028,0.689703907672028,0.689703907672028,0.689703907672028,0.689703907672028,5797,2666,2880,2153,973,1403,465,600,562,589.688609267659,469.186109782316,445.682942502149,660.492857142857,394.581428571429,528.21,632503.63390836,187288.49964158,21728.7200861325,967488.741428571,539356.547142857,470884.53,0.650098028934801,594135.461465839,0.119361873253734,188419.906171152,0.419860401380119,129837.478776678,0.488382026238976,176401.447435321,0.66932908110095,28846.1170972359,0.670962541349797,70209.6805945032,0.252253292276452,12081.905678872,0.372351913631846,18898.5621110008,0.464932946203919,6683.28709628593,1
2076828,-1686,58,-1069,-1118,694,-636,-9,771,-29,2282,2343,673,627,1324,1111,300,1352,330,151,1039,207,-254,944,196.5,135,971,106,189.39,1106.79,177.32,-226.01,959.6,195.79,129.66,994.44,104.75,0,822.993883201693,0,0,945.740010047352,323.316958858739,0,982.64957533832,0,520.697637789917,1161.65372207039,297.277547083529,407.995845567084,966.729941607272,290.342607965142,145.507525578576,1000.80604514561,119.827501017087,237633.795858586,125712.38979798,57506.6238383838,116545.545353535,13873.3535353535,46429.3998989899,4404.77212121212,12830.1276767677,3420.2702020202,487.476969567369,354.559430558517,239.805387425687,341.387676042261,117.785200833354,215.474824281144,66.3684572761197,113.270153512599,58.4830762017543,11.1454848421667,4.89810542783965,16.2488870083264,3.49402936514133,3.67796072004512,7.15075380914566,2.60224194331063,3.80317591841628,5.25939478052326,1.36619182693012,0.0744636083723326,-3.24171373850265,0.100524246404211,0.555221884401718,0.26048253399042,0.0398483993565392,0.944444952488466,0.708449076434598,151,1019,188,-336,879,151,165,952,116,159.922222222222,1109.24444444444,208.588888888889,-222.833333333333,957.233333333333,193.311111111111,129.1,988.155555555556,102.7,0.581321498763703,0.581321498763703,0.581321498763703,0.581321498763703,0.581321498763703,0.581321498763703,0.581321498763703,0.581321498763703,0.581321498763703,3968,2285,1742,1745,630,1747,309,581,359,529.492287292257,459.817571115846,433.841410738561,631.5,398.305714285714,526.65,310049.73109457,142668.218890039,13628.836014764,732402.574285714,507996.951428572,444490.204285715,0.491367408180773,272853.850845478,0.0607536369519176,147761.604401779,0.236608389474855,54228.3048739511,0.234098220758472,132303.867579933,0.319834245300652,14992.92301785,0.92659074818614,50439.9193339261,0.468762934611483,4601.87322870047,0.718382052460758,14904.570890645,0,3772.21511218059,1
2078390,-686,78,-544,-1272,796,-626,-155,704,-58,2111,1745,316,990,1157,444,349,1400,271,161,1019,148,-172,972,106,135,1000,97,197.95,993.75,118.6,-150.89,970.5,99.53,138.06,1006.5,97.97,170.590570868684,807.904759350797,161.849256322139,0,967.456521523494,229.631044152312,115.158272070691,1001.04044311353,98.434517847654,442.412352901679,1021.94379003935,182.919435818067,318.210763488604,971.997798351416,178.037720722323,154.355239626,1009.3817315565,104.840020984355,158125.744949495,57404.0883838384,19589.4545454546,79283.1291919191,2938.85858585859,22011.3223232323,4813.10747474747,5867.90909090909,1407.38292929293,397.650279705038,239.591503154512,139.962332595076,281.572600215147,54.2112404014019,148.362132376265,69.376562863459,76.6022786273952,37.5151026826921,13.5516996083918,8.55897583011997,14.9910988554488,9.03736354549288,6.88080743003506,10.6626264228092,8.2928203595671,13.9653407935948,10.4341823380626,2.70087547343638,-1.04000760525642,-3.43483712304495,0.118091700044258,0.0549725036959976,-1.88498128424469,-1.15902088758647,1.5712803465524,0.276219290700376,171,1019,148,-181,972,101,135,990,87,154.5,1004,140.911111111111,-150.677777777778,969.944444444444,110.022222222222,141.644444444444,1002.92222222222,97.9,0.569502306461186,0.569502306461186,0.569502306461186,0.569502306461186,0.569502306461186,0.569502306461186,0.569502306461186,0.569502306461186,0.569502306461186,2797,1667,860,2262,361,1070,504,696,329,466.201912158718,441.474127734485,438.777087966203,561.557142857143,393.917142857143,532.512857142857,183636.765678829,93734.8138460637,7732.30609254689,545810.280000001,461886.531428571,451572.192857142,0.167490532034121,177397.312278757,0.234148276360287,62202.7532828362,0.123010934272906,21873.6622073015,1.89912103124235,92464.580826816,0,3309.29761283184,0.403729758308761,24557.3427978538,0.829216109391744,5027.57585303768,3.53071503142543,6688.04599006273,0,1526.41434500887,1
2079953,30,1000,128,-245,944,30,77,942,48,90,1058,207,-154,990,121,155,1038,262,60,1029,168,-190,972,60,116,1009,106,57.3,1028.4,169.08,-191.6,970.2,63.84,113.77,1004.24,112.15,54.3489982099338,1028.29469706841,167.414942566948,-189.49694805303,970.098315938023,58.4503167354159,111.576646363519,1004.06367340524,103.234332672275,58.7111573723428,1028.45273104796,169.900853441058,192.656170417664,970.250648028642,66.429210442395,114.839932079395,1004.3268193173,117.600212584842,165.363636363637,109.555555555556,281.064242424242,409.939393939394,99.2727272727274,340.701414141414,247.067777777778,176.143838383838,1264.83585858586,12.8593793148673,10.4668789787384,16.7649706955975,20.2469601160123,9.96357000641474,18.4580988766832,15.7183897959612,13.2719191673186,35.5645309063097,2.55125552367722,3.12662545446656,2.66224726360378,2.70169231176334,2.32397977819223,3.5436275746658,2.77045446534452,7.19698940718481,5.75579701090548,0.198473592665963,0.173028619290732,0.0546325476337434,-0.232175835149554,-0.358628719907423,0.532041158445302,0.106502344954227,-1.08840633506828,1.466757360255,50,1029,168,-190,972,60,116,1009,87,57,1028.33333333333,169.111111111111,-191.022222222222,970.455555555556,63.3333333333333,113.633333333333,1004.77777777778,109.577777777778,0.503258334775646,0.503258334775646,0.503258334775646,0.503258334775646,0.503258334775646,0.503258334775646,0.503258334775646,0.503258334775646,0.503258334775646,60,58,79,91,46,91,78,96,214,447.425221717269,424.882627006884,436.126558114449,537.762857142857,361.045714285714,527.211428571429,307.536914724482,655.549475516782,1320.30684187454,467154.994285714,421249.525714286,443867.305714286,0,134.544912387007,0,86.1711601610694,0,206.636365546756,0,389.517063215363,0,87.9544920322875,0,286.685142326534,0,245.87090164501,0,157.800716996766,0,1210.20564732181,1
2081515,40,1009,79,-263,944,10,67,961,155,141,1049,188,-72,1009,121,194,1028,233,80,1029,158,-181,972,60,106,990,194,82,1028.2,151.71,-172.67,974.44,64.71,115.97,991.75,195.52,76.1027610611405,1028.1036152335,148.855789581911,-164.311025659382,974.285946569073,56.8310924010702,111.002353212457,991.631709915579,194.054583260323,85.3510398296354,1028.24831631275,152.891366662739,175.689413454539,974.517121450413,67.8344307855531,118.986595883738,991.809149988041,196.22859118895,566.464646464646,100.363636363636,363.480707070707,1062.46575757576,151.824646464646,418.30898989899,715.928383838384,118.512626262626,280.393535353535,23.8005177772385,10.0181653192407,19.0651699984738,32.5954867669706,12.3217144287898,20.4526034992856,26.7568380762448,10.8863504565408,16.7449555196046,3.34402873111776,2.52327164383454,4.31639843517019,4.65035389362495,3.3352406011322,3.59027168224046,3.57058956805289,3.51370878742767,2.78098599941616,0.972958244294909,0.281675756092776,-0.967053861008087,0.880336690764236,0.130050459367389,0.581705827917361,1.24679796387291,0.0376603465134563,-0.211657524424313,80,1029,158,-181,972,60,106,990,194,80.7222222222222,1028.11111111111,152.666666666667,-174.022222222222,974.311111111111,64.1777777777778,114.244444444444,991.844444444444,195.911111111111,0.503258334775646,0.503258334775646,0.503258334775646,0.503258334775646,0.503258334775646,0.503258334775646,0.503258334775646,0.503258334775646,0.503258334775646,101,40,109,191,65,111,127,67,78,447.00101890668,425.358636274703,436.269236768554,540.818571428571,371.348571428571,558.531428571429,756.800487237451,1275.04662709827,810.127310006292,466266.501428571,422207.957142858,444149.511428571,0,516.004098213085,0,91.3221280520246,0,297.068474128618,0,1183.22949883626,0,136.265318751506,0,376.518555901388,0,673.309040007518,0,98.3253008562261,0,214.906366889891,1
2083078,30,1000,99,-209,944,20,77,961,155,141,1058,188,-100,1000,90,194,1009,233,60,1029,148,-181,972,60,106,990,203,73.41,1029,145.67,-169.52,975.52,58.5,118.12,990.2,199.56,65.226718637507,1028.90188562836,142.246206284438,-163.842250752573,975.409481725208,53.3819136992396,111.257106812299,990.125646631423,198.552958758427,78.1230439755134,1029.04898814391,147.150908933652,171.818683500951,975.575255938772,60.4896685393465,122.321134723318,990.237072624531,200.042645453413,721.395858585859,101.838383838384,438.021313131313,792.555151515151,108.898585858586,239.141414141414,1020.32888888889,74.1616161616161,194.814545454546,26.8588134247561,10.0915005741656,20.9289587206653,28.1523560562016,10.4354485221569,15.4641978175854,31.9425873856344,8.61171389222936,13.9575981262732,2.89602266800723,3.39859649583985,2.93726400902322,2.7340825433229,3.07014423215959,2.6727887431995,2.98246522145691,3.41763062860038,3.33551455526492,0.909145115960117,-0.118538985589135,-0.69562735611114,0.980116625429479,0.0193642787213749,-0.241915752410324,1.10871205417335,-0.301000124113165,-0.419992068221022,60,1029,148,-181,972,60,97,990,203,71.9555555555555,1029,146.355555555556,-170.988888888889,975.433333333333,58.8888888888889,115.966666666667,990.333333333333,199.877777777778,0.503258334775646,0.503258334775646,0.503258334775646,0.503258334775646,0.503258334775646,0.503258334775646,0.503258334775646,0.503258334775646,0.503258334775646,111,58,89,109,56,70,117,48,78,446.743019903406,425.315565668968,436.106749582984,534.891428571429,370.5,560.52,1056.97047404526,929.129366250267,1121.55063778276,465727.894285715,422111.888571429,443806.705714286,0,538.012368789299,0,82.2587038844164,0,328.833710958924,0,637.756065065944,0,87.9197418288705,0,192.757790487114,0,802.06531556065,0,58.9553761701557,0,145.102112516829,1
2084640,40,1009,128,-200,944,10,97,971,174,90,1049,188,-163,990,90,126,1009,233,70,1029,158,-181,972,60,106,990,213,66.8,1028.2,154.1,-176.88,973.44,59,110.56,990.08,207.83,64.9668720513549,1028.11880375952,153.3835545178,-176.480540373267,973.372902693488,53.715308863026,110.10742722552,990.002212959807,206.989883649181,67.6461381011511,1028.24053606148,154.462293133308,177.081280772418,973.473420284293,60.613529842767,110.790703581122,990.118932250061,208.239309449489,114.909090909091,84.2020202020204,112.919191919192,71.9652525252525,65.7236363636362,194.949494949495,51.5822222222222,77.8723232323233,172.021313131313,10.7195657985336,9.17616587698917,10.6263442405746,8.4832336125591,8.10701155566194,13.9624315557676,7.18207645616658,8.82452963235567,13.1156895789475,2.51534951070283,2.48922233560883,3.14891372244969,2.83809504414989,3.94636288032688,3.90456119627373,2.72344000427566,2.87725818169033,2.68987039645324,-0.177308156538341,-0.156911601304297,0.319182174062057,-0.257066052939773,-0.436644469204816,-0.335665375996801,0.418861675387483,0.131003717706399,-0.287529568095727,60,1029,148,-181,972,60,106,990,213,67,1028.44444444444,153.888888888889,-176.7,973.455555555556,59.1111111111111,110.455555555556,989.988888888889,208.088888888889,0.503258334775646,0.503258334775646,0.503258334775646,0.503258334775646,0.503258334775646,0.503258334775646,0.503258334775646,0.503258334775646,0.503258334775646,50,40,60,37,46,80,29,38,59,446.544655102594,424.82980234684,436.195804866761,535.328571428571,366.668571428571,560.772857142857,137.778739573464,201.391326136019,173.95706753132,465305.657142858,421149.548571429,443988.724285714,0,84.6615037884519,0,58.2822889923064,0,81.6041229837316,0,69.1519333581884,0,48.670993566449,0,148.379245624343,0,42.7780511009107,0,65.3241517823144,0,119.514921094143,1
2086203,40,1000,138,-200,953,20,87,971,194,101,1049,188,-163,990,90,126,1009,242,70,1029,158,-181,972,70,106,990,223,71.71,1026.12,162.8,-178.85,974.94,68.4,106.51,989.12,218.7,70.1685898793141,1026.02485205223,162.112168559813,-178.614273289963,974.88804033232,65.1802803786665,106.07152176964,989.057402066733,218.087012946875,72.4500517598159,1026.16752043709,163.140430304692,178.969410794135,974.965907096243,69.5988505652213,106.728299902135,989.151282666105,219.002922354931,107.763535353535,98.5107070707071,112.080808080808,43.1590909090909,51.0266666666667,167.111111111111,47.020101010101,62.510707070707,133.929292929293,10.3809217005782,9.92525602041112,10.5868223788259,6.56955789297049,7.14329522466114,12.9271462864435,6.85712046052139,7.90637129603126,11.5727824195088,3.1361878859824,3.05658100495803,2.76764933835611,2.9941762659498,3.1421199257212,3.75474392885604,2.95040584346499,3.0157313289016,2.46247717327745,0.113990210852696,-0.0947664465185645,-0.0243115849045323,-0.432665421401337,-0.367549808650978,-0.461379938558406,0.0763732182046019,-0.0474912542435448,-0.131837446613621,70,1029,158,-181,972,70,106,990,223,71.5555555555556,1026.22222222222,162.888888888889,-178.6,975.022222222222,68.6666666666667,106.511111111111,989.222222222222,218.777777777778,0.503258334775646,0.503258334775646,0.503258334775646,0.503258334775646,0.503258334775646,0.503258334775646,0.503258334775646,0.503258334775646,0.503258334775646,61,49,50,37,37,70,39,38,48,446.371760024777,425.860004949481,436.578145873795,540.27,370.495714285714,563.284285714286,140.902575067716,171.135094463287,134.967078789558,464950.11,423185.387142857,444760.058571429,0,90.8147143131777,0,76.0368558888197,0,99.9789670817772,0,31.9107368488509,0,34.3984884229325,0,130.438632445174,0,38.2448082486527,0,42.5532800274334,0,94.6633768168535,1
2087765,50,1000,148,-218,944,60,87,971,203,90,1049,198,-163,990,121,116,1000,262,70,1029,178,-190,972,90,106,990,233,67.9,1026.81,178.9,-186.66,970.8,87.34,105.08,985.15,233.79,66.3716814159292,1026.7274204961,178.006969202742,-185.914362602168,970.731077583651,85.3852551662703,104.642340343148,985.10782851493,233.030624238175,68.6221538571911,1026.85120148929,179.330421289864,187.03208280934,970.83436280346,88.3144382306766,105.295963835277,985.171076514125,234.165646498371,99.5858585858585,85.468585858586,155.747474747475,140.448888888889,67.3939393939395,172.893333333333,45.8925252525252,41.9469696969696,177.561515151515,9.97927144564464,9.24492216617241,12.4798828018325,11.8511134029208,8.20938118215615,13.1488909545001,6.77440220628545,6.47664802941843,13.3252210169856,2.53776398141887,3.41473572924762,2.70202023666807,2.45122747594262,3.30704716802096,2.83474953238997,2.81232235251108,2.61968142097405,2.70656551381581,-0.122197341989862,-0.215170533188831,-0.39017613881733,-0.074607677756042,-0.318614635183096,0.280641986741303,-0.0670859319716245,-0.0547091093317734,-0.0761658903602871,70,1029,178,-190,972,90,106,990,242,67.8888888888889,1026.88888888889,179.333333333333,-186.533333333333,971.022222222222,87.1,105.144444444444,985.222222222222,233.822222222222,0.503258334775646,0.503258334775646,0.503258334775646,0.503258334775646,0.503258334775646,0.503258334775646,0.503258334775646,0.503258334775646,0.503258334775646,40,49,50,55,46,61,29,29,59,447.691072016194,425.395761408881,436.309464411584,545.832857142857,373.491428571429,567.437142857143,163.637153302768,200.81447210271,178.190848192978,467696.481428572,422271.342857143,444206.931428572,0,79.6030053569293,0,65.3158609002872,0,129.07125101263,0,108.524445619988,0,54.6369630559528,0,119.864747171523,0,39.6262703751118,0,34.5399234901906,0,148.896257413456,1
2089328,40,1009,148,-209,953,60,97,961,203,80,1049,207,-172,990,121,116,1009,252,70,1029,178,-190,972,80,106,990,233,64.8,1026.3,178.56,-189.5,970.51,85.17,105.74,986.09,233.98,63.5160680529301,1026.21854669895,177.732209852986,-189.232226154571,970.440487353938,83.342390849586,105.379448784531,986.016649590079,233.369021895073,65.3758365147246,1026.34078161203,178.972064859296,189.634754198696,970.544676972678,86.104413359595,105.921291532911,986.126619658956,234.276119141495,75.7171717171717,84.5555555555555,148.814545454545,51.6060606060606,67.9897979797981,161.657676767677,38.76,72.9514141414141,140.060202020202,8.70156145281821,9.19540948275581,12.1989567363175,7.18373583910632,8.24559263969535,12.7144672231154,6.22575296650935,8.54115999975496,11.8347032924447,3.14557575495262,2.50663551220352,3.23394930373857,2.47116385979999,2.47956355749467,3.35387204069908,2.38098433828637,3.07708447918907,2.79439650563454,-0.446866287144535,0.166778667422633,0.105063173312753,-0.234461408415109,-0.255993538335242,0.495715450876143,0.189264301103662,-0.155874589926081,-0.518640473798782,70,1019,178,-190,972,80,106,990,233,65,1026.33333333333,178.444444444444,-189.388888888889,970.8,84.8,105.655555555556,986.166666666667,234.366666666667,0.503258334775646,0.503258334775646,0.503258334775646,0.503258334775646,0.503258334775646,0.503258334775646,0.503258334775646,0.503258334775646,0.503258334775646,40,40,59,37,37,61,19,48,49,447.359256520171,425.402136998903,436.7403712247,544.14,371.22,568.204285714286,149.470874695017,163.01592878196,144.729875209121,467005.885714286,422285.262857143,445092.998571429,0,61.4347702104495,0,71.9416591569635,0,148.820723715027,0,46.4037458325128,0,63.0396186919791,0,106.337341034304,0,34.6882227575799,0,59.3416735365225,0,94.6993390116487,1
2090890,30,1000,158,-200,953,50,87,961,203,90,1049,217,-172,990,121,116,1009,271,60,1029,178,-190,972,80,106,980,237.5,64,1025.01,180.68,-192.28,969.63,82.64,103.11,984.78,238.28,62.1102703768517,1024.91863452657,179.972400156066,-191.995527457326,969.568915671525,80.8512458174807,102.680672948947,984.711413394714,237.586032138396,64.8382603097893,1025.05560336989,181.035079473565,192.418398288729,969.660440566696,83.5089216790637,103.324392086283,984.814347986462,238.628665503539,109.090909090909,94.4342424242425,129.734949494949,53.779393939394,59.6293939393939,145.828686868687,44.7049494949495,68.3349494949496,167.961212121212,10.4446593573419,9.71772825429084,11.3901250868877,7.33344352534292,7.7220071185796,12.0759549050453,6.68617599939977,8.26649559940302,12.959985035532,3.15637860082305,2.55990395189203,3.07727668896418,2.96858389614413,3.09229047890638,3.4347554375488,2.86941935160387,3.24579913972082,2.96106278065274,-0.213833433033195,-0.167369633806817,0.195929748949195,0.639570452120551,-0.402568511840753,0.194057889811038,0.119088500774423,0.211417292243965,0.208311013471133,60,1029,178,-190,972,80,106,980,233,64.1111111111111,1025.11111111111,180.666666666667,-192.777777777778,969.822222222222,82.6555555555556,103.066666666667,984.711111111111,238.055555555556,0.503258334775646,0.503258334775646,0.503258334775646,0.503258334775646,0.503258334775646,0.503258334775646,0.503258334775646,0.503258334775646,0.503258334775646,60,49,59,28,37,71,29,48,68,446.954717952251,425.166857527182,436.516858555838,544.152857142857,368.567142857143,568.358571428571,138.189973721291,148.320907075073,178.831043744618,466164.295714285,421817.121428571,444633.801428572,0,70.443634687038,0,80.280793883283,0,105.707847837339,0,42.4095962117423,0,48.125110404134,0,120.660400089691,0,30.9251640377534,0,57.3148591582037,0,135.159648609243,1
2092453,40,1000,148,-209,953,60,87,961,213,90,1049,217,-172,990,121,126,1000,271,60,1024,188,-190,972,90,106,980,242,63.5,1024.23,183.94,-193.87,969.41,88.44,102.92,983.82,242.16,61.7919670442843,1024.13681171339,183.112984042722,-193.621271642438,969.358505573505,87.1160767959682,102.411357941691,983.757079648227,241.538909555325,64.3039656630911,1024.2766081484,184.344514428827,193.992654500112,969.435727627159,89.0788414832613,103.174900048413,983.851370888916,242.468595904707,103.787878787879,96.441515151515,150.481212121212,48.0536363636364,50.3857575757576,114.551919191919,53.0642424242424,62.3511111111111,151.065050505051,10.1876336206147,9.82046410061739,12.2670783857124,6.93207302065092,7.09829258172397,10.7028930290795,7.2845207408753,7.89627197550282,12.2908523099519,3.45177331415277,3.42044287252387,3.33010635765849,2.98287647386976,3.05906453708554,3.18170895991836,3.43255955294142,3.21210684466577,2.49965853977409,0.0655284521951768,0.0569588952123828,-0.154923339492488,0.308277724724655,-0.0876909658275506,-0.00233638293527703,0.215221506431705,-0.336556241611296,-0.0349001639721119,60,1019,188,-190,972,90,106,980,242,63.4444444444444,1024.22222222222,184.1,-194.044444444444,969.477777777778,88.4333333333333,102.966666666667,983.855555555556,242.244444444444,0.503258334775646,0.503258334775646,0.503258334775646,0.503258334775646,0.503258334775646,0.503258334775646,0.503258334775646,0.503258334775646,0.503258334775646,50,49,69,37,37,61,39,39,58,446.861046814413,425.415411959223,436.498652699861,545.001428571429,370.277142857143,569.528571428571,162.63744089118,120.968960421456,154.506934279681,465968.772857143,422303.065714286,444599.828571429,0,68.315560885518,0,83.6229206044662,0,117.451515034133,0,43.3503119432426,0,36.8968058428235,0,74.0924957293528,0,43.2118458799394,0,44.3655247204342,0,130.843046661331,1
2094015,40,1000,168,-218,953,60,87,961,223,80,1049,227,-172,990,131,116,1000,281,60,1029,188,-200,972,95.5,106,980,247,60.7,1024.13,189.93,-196.52,968.07,96.3,102.06,982.83,247.48,59.026069847516,1024.03656778709,189.189520901775,-196.151267367671,968.017184114436,94.7201288348129,101.560359699611,982.764833606499,246.958999362072,61.5060972587271,1024.17663027429,190.30357327176,196.703126563865,968.096405323354,97.0654418420892,102.306304791054,982.862518361546,247.740872687572,99.5050505050504,96.4778787878786,143.479898989899,72.7369696969697,51.6415151515151,149.505050505051,50.8448484848485,64.5667676767676,130.494545454545,9.97522182736055,9.82231534760917,11.9783095213765,8.52859717051812,7.18620311092827,12.2272257894034,7.13055737546852,8.03534490092165,11.4234209173323,2.6918535885228,2.9084885235503,2.88669202639648,3.04022990538411,3.05000535908216,3.40505160731999,2.90614137436558,3.43148484237706,2.61532300385525,0.105126810148664,-0.172179619449772,0.269532355343292,0.056157245368169,0.00348344385448888,0.115436378200666,-0.0512443616303443,-0.223118181980349,0.115048739219229,60,1019,188,-200,972,90,106,980,242,60.7777777777778,1024.33333333333,189.866666666667,-196.588888888889,968.088888888889,96.1666666666667,102.122222222222,982.866666666667,247.5,0.503258334775646,0.503258334775646,0.503258334775646,0.503258334775646,0.503258334775646,0.503258334775646,0.503258334775646,0.503258334775646,0.503258334775646,40,49,59,46,37,71,29,39,58,447.203877640442,425.404454325474,436.595171767379,546.325714285714,371.935714285714,571.015714285714,145.182092652686,162.80599858059,130.708943409685,466686.951428572,422281.915714286,444797.507142858,0,74.6632994176884,0,95.9332315214909,0,121.101182231691,0,69.1179349031674,0,42.4514717209589,0,147.183675741616,0,44.2792333864184,0,45.9586975044104,0,99.2685208941285,1
2095578,50,1009,158,-218,944,70,87,961,213,101,1049,217,-172,981,131,126,1000,281,70,1019,188,-190,967,101,106,980,242,68.91,1022.6,191.35,-194.98,966.28,101.64,106.83,981.94,245.23,67.3265650543068,1022.50547998091,190.588889859832,-194.590146614792,966.212150706016,99.11596858913,106.205022035383,981.877920714403,244.6789081685,69.6635485745594,1022.64744658167,191.723629216641,195.174639746049,966.313810312157,102.800972758043,107.140048534617,981.970946617058,245.506028439222,105.476666666667,98.0202020202021,144.573232323232,76.7066666666667,66.0016161616162,239.747878787879,67.0112121212122,61.390303030303,136.825353535353,10.2701833803816,9.90051524013786,12.0238609574143,8.75823422081567,8.12413787189854,15.4837940695386,8.1860376325309,7.83519642576388,11.6972370043251,2.85382473750692,2.40525524188697,2.82449814126758,3.22534489878679,2.86224289915445,2.23287261989306,3.09135261846148,3.67867979797317,3.25971378309288,-0.0368634281557098,0.423997484708204,-0.161171358891019,-0.0784818535260381,-0.386397875006959,-0.30804995544272,0.0789654618679606,-0.355164973025169,0.154359383033772,70,1019,198,-190,972,111,106,980,242,69,1022.33333333333,191.444444444444,-194.977777777778,966.4,102.1,106.755555555556,982.211111111111,245.233333333333,0.503258334775646,0.503258334775646,0.503258334775646,0.503258334775646,0.503258334775646,0.503258334775646,0.503258334775646,0.503258334775646,0.503258334775646,51,40,59,46,37,61,39,39,68,446.893047332762,424.773406691021,436.20971701652,549.797142857143,374.117142857143,571.714285714286,155.973513812462,243.416584195899,139.977301292526,466036.611428571,421038.668571429,444008.202857142,0,76.9251784427062,0,72.0754363193078,0,119.500510384259,0,64.2075641101105,0,57.3764776160005,0,189.983633916645,0,55.24187459067,0,47.8737373305123,0,113.840499308394,1
2097140,40,1000,158,-209,944,70,87,961,213,90,1049,207,-172,990,121,126,1000,271,70,1029,178,-190,972,90,106,980,242,67.1,1025.52,178.89,-191.66,969.02,91.13,107.4,983.29,241.16,65.5192137694348,1025.40719918718,178.291132214066,-191.332300851763,968.958026451255,89.7514133118294,106.76656440079,983.239902426379,240.532585794172,67.8748848986133,1025.57641353533,179.190541045,191.825180828795,969.05094809303,91.828808115972,107.704224615379,983.315051242479,241.470536504974,105.646464646465,116.878383838384,108.70494949495,63.9842424242425,60.5854545454545,129.144545454546,66.1010101010101,49.7635353535354,151.388282828283,10.2784466066845,10.8110306556953,10.4261665771725,7.99901509088728,7.78366588089793,11.3641781689019,8.13025276981043,7.05432742035238,12.3039945882743,2.86622182194844,2.64553052162187,2.7166777483985,2.67015761334281,3.69843916429216,3.03993744286847,3.02291204619771,3.36350623245372,2.4323956342,0.209718442576733,0.0420773635650889,0.175422883857439,-0.272517662142771,-0.132736269509333,0.369840900468244,-0.356252835918664,0.0324592725961146,-0.114597023944274,60,1019,178,-190,972,90,106,980,242,66.8888888888889,1025.44444444444,178.888888888889,-191.388888888889,969.144444444444,90.8666666666667,107.722222222222,983.266666666667,241.133333333333,0.503258334775646,0.503258334775646,0.503258334775646,0.503258334775646,0.503258334775646,0.503258334775646,0.503258334775646,0.503258334775646,0.503258334775646,50,49,49,37,46,51,39,39,58,447.114841656769,425.178579426936,436.379228885274,544.932857142857,372.21,570.792857142857,133.184188399206,133.716774467712,153.635386806752,466509.955714286,421838.215714286,444350.018571429,0,78.9697620614632,0,87.2632940938271,0,79.1114907467479,0,53.6671604452052,0,46.2185011831051,0,108.103940976922,0,51.6877284844842,0,37.2617473433685,0,114.299918990429,1
2098703,40,1009,158,-218,953,70,87,971,223,80,1049,217,-181,981,121,116,1009,271,60,1029,188,-200,972,90,106,980,242,59.7,1024.8,184.33,-199.24,967.76,89.83,104.96,984.1,244.18,57.9750155290221,1024.71574118197,183.515852680851,-198.879713588509,967.713569790574,88.188601194666,104.288976159012,984.03470866305,243.632536527232,60.522723005496,1024.84213418458,184.734809930343,199.419708153432,967.78321952801,90.6505929379395,105.288555883344,984.132775594838,244.453758408416,99.909090909091,87.2323232323232,150.910202020202,72.3660606060606,45.3963636363637,149.597070707071,69.7761616161617,65.1616161616162,135.118787878788,9.99545351192686,9.33982458252419,12.2845513560814,8.5068243549553,6.73768236386695,12.2309881328971,8.35321265239678,8.07227453457922,11.6240607310349,2.73095390039572,2.42983784929507,3.24973087042034,2.60031362546166,2.4595283365392,2.30816457424909,2.19164986159002,3.0565719888173,2.40313177294444,0.0600247250496393,0.0276919333650689,0.0794397482946487,-0.0215761355660529,0.03933871321415,0.201441395412473,-0.143329783254944,0.504323051302522,0.0798121548017077,60,1029,188,-200,972,90,106,980,242,59.6666666666667,1024.77777777778,184.311111111111,-199.211111111111,967.744444444444,89.6444444444444,105.344444444444,983.844444444444,244.166666666667,0.503258334775646,0.503258334775646,0.503258334775646,0.503258334775646,0.503258334775646,0.503258334775646,0.503258334775646,0.503258334775646,0.503258334775646,40,40,59,37,28,51,29,38,48,447.033084588665,425.247402398335,436.910950548875,543.784285714286,367.864285714286,571.388571428571,156.418717176392,152.493902369966,136.051290710422,466324.864285714,421967.19,445440.274285714,0,61.4789589169683,0,61.2005878364539,0,131.91807130034,0,65.0029617983921,0,38.9220693320963,0,115.8811796671,0,55.6989687178698,0,50.9061020102325,0,97.0487169492964,1
2100265,50,1000,148,-227,953,60,29,961,145,121,1058,207,-154,990,131,165,1028,262,80,1029,178,-181,972,101,116,990,194,82.43,1024.23,175.78,-183.46,971.14,98.32,110.22,991.07,205.49,78.8664678588156,1024.12032540127,174.821770985578,-182.197570897023,971.059868862096,95.9891095261759,104.693645932038,990.9390364718,199.091698617435,84.08347043266,1024.28481878821,176.251241130382,184.10008147744,971.180003912766,99.4083497499078,112.022051400606,991.13570715619,208.701437465102,278.106161616162,113.431414141414,167.567272727273,237.644848484848,78.4852525252525,217.371313131313,404.53696969697,131.560707070707,1343.58575757576,16.6765152719674,10.6504184960692,12.9447778168369,15.4157337965096,8.85919028609571,14.7435176647676,20.1131044271383,11.4699915898272,36.6549554300064,2.51624565663876,3.41760469299087,2.71253606446578,2.91618005478239,2.4124196060039,2.6728874893154,5.97434399973154,3.80789251857739,1.55062654786672,0.00399722467104286,-0.00518242262678398,-0.0825776768472713,-0.337885493406318,-0.15467225866261,-0.147438148247094,-0.696919222747922,0.332501957706497,0.164622789092486,80,1029,178,-181,972,101,116,1000,174,82.4222222222222,1024.33333333333,175.777777777778,-183.277777777778,971.3,98.5222222222222,110.744444444444,990.877777777778,205.488888888889,0.503258334775646,0.503258334775646,0.503258334775646,0.503258334775646,0.503258334775646,0.503258334775646,0.503258334775646,0.503258334775646,0.503258334775646,71,58,59,73,37,71,136,67,117,446.865351319586,425.755714388911,436.715697659307,549.617142857143,379.714285714286,560.048571428571,353.695360106232,267.928399137512,1420.95240128166,465983.108571429,422985.197142857,445052.237142857,0,183.618415229319,0,94.1646577234074,0,131.78172096319,0,212.723239168719,0,58.3400970245917,0,185.168572273152,0,406.10561125622,0,102.059971194429,0,1000.60072944517,1
2101828,30,1000,138,-218,953,20,87,980,116,101,1049,217,-145,990,111,145,1019,184,60,1029,168,-181,972,70,116,1000,145,60.71,1025.32,172.77,-179.42,972.02,66.85,114.62,999.87,148.12,55.5365720502579,1025.22791301827,171.207774535557,-178.176314671381,971.953687335781,60.7052697348354,113.555899608806,999.806478474292,146.885918461969,62.9047692945455,1025.36597368939,173.557339228279,180.035607589166,972.053136407676,69.211631970356,115.126017910809,999.90181017938,148.735738812163,274.046363636364,95.2298989898989,275.431414141414,223.518787878788,65.070303030303,324.573232323233,117.429898989899,64.2556565656565,184.631919191919,16.5543457628613,9.75858078769136,16.5961264800379,14.9505447351857,8.06661657885777,18.0159160833756,10.8365076934361,8.01596261004607,13.5879328520537,2.23202481054369,3.00739856688163,2.38304839154463,2.88637935849772,2.84823328704868,2.91725701384648,2.89599037562781,3.27365267158606,2.9290393606246,-0.16985165589338,-0.138866852574058,0.231489860786512,-0.0515803902477132,-0.0554792529181752,-0.203359544810609,-0.330639887387044,0.214798956786038,0.172414405681615,70,1029,168,-181,972,70,116,1000,155,60.7777777777778,1025.44444444444,172.444444444444,-179.188888888889,971.977777777778,67,114.877777777778,999.577777777778,147.911111111111,0.503258334775646,0.503258334775646,0.503258334775646,0.503258334775646,0.503258334775646,0.503258334775646,0.503258334775646,0.503258334775646,0.503258334775646,71,49,79,73,37,91,58,39,68,446.490228613122,424.70351573259,436.032244728913,539.485714285714,368.335714285714,541.118571428571,425.877360847586,438.923836614193,185.630652344868,465194.802857143,420895.872857143,443648.549999999,0,187.949433663256,0,65.0050909597544,0,161.031180480308,0,185.661021336087,0,46.8590753526732,0,235.389101753557,0,114.224078089326,0,56.8166824769998,0,157.602945054794,1
2103390,-181,823,-435,-554,833,-10,-9,933,58,323,1186,683,9,1046,272,223,1095,233,101,1019,217,-181,972,121,126,1000,155,106.3,1015.86,212.41,-191.66,964.43,124.6,124.22,997.27,157.02,108.649087674732,1014.06955794101,231.03200691941,0,963.519517937269,0,0,996.632030451302,151.473567785708,122.82589303563,1016.73676042523,243.861456569094,208.402735106812,964.864731452031,133.922888260372,134.135603029173,997.592386699097,159.188755884327,3824.75757575758,1800.10141414141,14495.3554545455,6765.80242424242,847.19707070707,2434.52525252525,2587.62787878788,649.613232323232,692.706666666666,61.8446244693714,42.4276020314773,120.396658818031,82.2544978967255,29.1066499396112,49.3409085093217,50.8687318378184,25.4875113010908,26.3193211665245,11.7988193060886,12.671170346217,18.9468050435664,10.0541695748242,7.95993580552046,3.99363345944747,3.83202405797561,6.11552980464705,4.66109592146078,-1.09988012222072,0.0053661867441516,-2.25441306803167,-1.83040107437954,-1.33272457327694,0.0809655663757937,-0.852357181698163,0.546001992334443,-0.480214498574337,90,1019,198,-181,962,121,116,1000,155,107.677777777778,1016.35555555556,218.755555555556,-185.922222222222,965.977777777778,124.777777777778,126.711111111111,996.9,157.677777777778,0.545122051853361,0.545122051853361,0.545122051853361,0.545122051853361,0.545122051853361,0.545122051853361,0.545122051853361,0.545122051853361,0.545122051853361,504,363,1118,563,213,282,232,162,175,450.900945204792,426.75601787795,436.607584371699,571.958571428571,384.587142857143,547.932857142857,19175.3211569536,7266.46216131847,2653.23497976006,474989.25,425284.71,445081.71,0.574748825298838,4255.5144662475,0,2010.29842169435,0.96211939436046,16451.3238651073,0.455179713453131,8004.59617405022,0,973.852108487219,0,2551.26965110791,0,2382.20345591047,0,727.590124050795,0,673.475851407625,1
2104953,-181,990,89,-445,888,-20,-9,952,106,232,1098,257,-90,1009,333,223,1057,213,101,1019,198,-209,962,111,126,1000,155,108.14,1018.94,193.67,-212.4,963.52,112.54,119.99,999.87,152.26,132.204697742639,1018.72427935686,186.385464248124,-198.234123370233,962.953499138346,0,107.092417737888,999.51880554298,148.888471395995,125.078215529324,1019.04989082969,196.364227903149,219.39494068916,963.797997507776,126.538057516306,128.976548255875,1000.04571395512,153.829125980745,3990.20242424243,226.218585858585,1061.45565656566,3050.88888888889,541.201616161617,3380.43272727273,2259.94939393939,354.962727272727,485.143838383838,63.1680490773811,15.0405646788472,32.5799885906312,55.2348521215445,23.2637403734141,58.1414888635708,47.5389250397965,18.8404545399714,22.0259809857322,9.49485019617183,9.18641920685564,4.70072176776856,6.32928181878223,3.92868751822183,5.77901261499537,3.5693222531486,3.60580389268032,2.87502719645911,-1.79599512364894,1.37427683413654,-0.972990941418027,-1.00140296901788,-0.706827817931939,0.847479344437597,-0.560880409346689,0.0886671488480301,-0.187701639435251,101,1019,198,-209,972,101,126,1000,145,113.855555555556,1018.33333333333,195.433333333333,-209.477777777778,964.544444444444,109.477777777778,121.488888888889,999.8,152.522222222222,0.53571501954077,0.53571501954077,0.53571501954077,0.53571501954077,0.53571501954077,0.53571501954077,0.53571501954077,0.53571501954077,0.53571501954077,413,108,168,355,121,353,232,105,107,447.941859085419,427.032029897013,437.058961764062,566.035714285714,370.14,545.194285714286,4084.81080464416,5324.77589143833,2303.52008423126,468285.492857143,425593.971428572,445881.334285714,0.217732132627126,4138.65792066221,0,203.448559303464,0,1025.09837379805,0,3321.50780260066,0,567.999423931243,0,3976.20468648398,0,2377.71108545502,0,391.935455488648,0,426.27263571982,1
2106515,30,1000,178,-245,944,70,97,971,135,111,1039,237,-181,981,141,145,1019,194,70,1019,207,-218,962,111,116,1000,155,64.81,1021.75,206.55,-215.28,962.39,113.1,115.89,997.71,154.74,61.3317353579033,1021.65821584446,205.980108093787,-214.616289610914,962.324166229158,110.992458765991,115.150703050529,997.632648525444,153.692188286814,66.3792889386441,1021.79574769129,206.832420089308,215.611687994877,962.42285405117,114.080234922619,116.262590716017,997.748570532677,155.275110690671,207.953434343435,94.4318181818182,117.926767676768,144.365252525253,63.8766666666666,224.939393939394,87.3716161616161,77.7433333333334,167.568080808081,14.4205906378149,9.71760352050948,10.8594091771499,12.0152092168739,7.99228794943392,14.9979796619209,9.34727854306354,8.81721800418553,12.9448090294172,3.2658056112308,2.66044644217608,2.83925396534493,3.06688875328309,2.49014249441105,2.86833360528882,3.26133002954823,3.21204057791668,2.9281017757009,0.119997279361741,-0.315313896754173,-0.0610801155134461,-0.120075429937916,-0.216984590490925,-0.222922852055427,0.288931153225701,-0.288386419015762,0.417494961153557,70,1019,207,-218,962,111,116,1000,155,64.7777777777778,1022,206.444444444444,-215,962.677777777778,113.388888888889,115.766666666667,997.944444444444,154.322222222222,0.503258334775646,0.503258334775646,0.503258334775646,0.503258334775646,0.503258334775646,0.503258334775646,0.503258334775646,0.503258334775646,0.503258334775646,81,39,59,64,37,71,48,48,59,447.681301940591,425.498592986241,435.596360597156,554.19,368.661428571429,543.574285714286,214.198186656808,248.683674723403,169.384924581957,467679.604285714,422468.764285714,442769.811428571,0,166.249315013316,0,78.547591727042,0,88.050914796216,0,149.117466133312,0,58.7939781742894,0,199.648923461571,0,88.1087672479355,0,62.8504293040558,0,143.929242246927,1
2108078,30,1000,178,-236,944,80,87,980,116,90,1049,237,-181,981,131,135,1019,194,70,1019,207,-209,962,101,116,1000,155,64,1021.82,205.57,-208.91,962.34,103.74,113.9,1000.17,155.41,61.2721260455165,1021.74063864308,204.982912987965,-208.339922864135,962.28526767728,102.197093236068,113.22632564557,1000.0994897408,154.068462514731,65.1920240520265,1021.85976532986,205.867311635432,209.197347019507,962.367331116347,104.477461684327,114.235283516084,1000.20514395798,156.048998715147,155.555555555556,82.0884848484848,123.560707070707,121.355454545454,53.1357575757576,155.103434343434,77.2626262626262,71.0112121212121,201.032222222222,12.4721912892465,9.06026957923907,11.1157863901169,11.0161451763062,7.28942779481062,12.4540529284018,8.78991616926045,8.42681506390238,14.1785832233768,2.80283353010626,3.253875136365,3.45133211565233,3.15230338718504,2.94238794561982,2.25637830261406,3.71432051586265,2.70580839943605,3.58973948264479,-0.226049039259068,0.26326267242005,0.374794831842808,-0.277164805211023,-0.153527105539656,-0.190896802102856,0.173173545699616,-0.36082845151952,-0.26432839429979,70,1019,207,-209,962,101,116,1000,155,64.1111111111111,1021.66666666667,205.244444444444,-208.755555555556,962.522222222222,103.988888888889,113.777777777778,1000.46666666667,155.677777777778,0.503258334775646,0.503258334775646,0.503258334775646,0.503258334775646,0.503258334775646,0.503258334775646,0.503258334775646,0.503258334775646,0.503258334775646,60,49,59,55,37,51,48,39,78,447.594117486275,424.432549151719,436.58437957748,553.452857142857,367.358571428571,544.062857142857,168.904079348305,158.020366271252,205.85187542225,467498.027142857,420355.692857142,444776.28,0,132.762280527459,0,56.2028043832075,0,91.3835986104681,0,111.995341509351,0,42.1255013446911,0,117.472566359209,0,65.0353574769482,0,51.7800937464117,0,141.779913620286,1
2109640,50,1000,158,-218,944,60,97,980,106,101,1049,227,-172,990,131,135,1019,174,80,1019,198,-190,962,101,116,1000,145,77.98,1022.44,197.9,-194.33,966.72,101.47,119.64,998.6,145.31,76.3080480226227,1022.34347123488,197.221218252569,-193.897390434216,966.655479690154,99.3990903190201,119.107167625376,998.54007145308,143.831352287936,78.7850239576025,1022.48821998104,198.227899146412,194.54657540034,966.7522536824,102.430805913065,119.901459540741,998.629961497251,146.029688762251,127.474343434344,99.602424242424,131.20202020202,85.0718181818183,62.9915151515151,197.88797979798,63.2630303030303,60.4444444444445,211.791818181818,11.2904536416542,9.98010141443583,11.454345035925,9.22343852268872,7.93671941998173,14.0672662517626,7.95380602623865,7.7746025264604,14.5530690296521,3.02349512704058,2.86651355799411,4.91222745368184,2.41904969832527,3.14318968613754,2.79255086536151,2.80410246041812,2.98637364522863,2.47474490068231,0.087388893453264,-0.0742319579468149,-0.336902054512782,-0.104817791523566,-0.0050243187435751,-0.218215071592536,-0.142463589777387,0.0053402438572257,-0.0836982419535083,80,1019,198,-190,962,101,116,1000,135,77.9222222222222,1022.55555555556,198.055555555556,-194.255555555556,966.688888888889,101.577777777778,119.644444444444,998.611111111111,145.544444444444,0.503258334775646,0.503258334775646,0.503258334775646,0.503258334775646,0.503258334775646,0.503258334775646,0.503258334775646,0.503258334775646,0.503258334775646,51,49,69,46,46,71,38,39,68,447.624842993214,424.889310520343,435.565295977479,556.422857142857,374.511428571429,541.521428571429,147.547109605946,200.492912113183,215.197762861327,467564.374285714,421264.44,442698.355714286,0,109.145703406069,0,81.1528564889322,0,106.045340589158,0,69.4258257216073,0,48.8348684432845,0,180.71257898325,0,55.8579295364309,0,38.8302070654674,0,183.489839622483,1
2111203,60,1000,168,-218,944,60,97,980,116,101,1049,227,-181,981,131,135,1019,184,80,1019,198,-200,962,101,116,1000,145,79.51,1023.81,199.59,-197.64,966.03,102.35,118.48,1000.4,146.77,78.7635252959591,1023.72753716162,199.028482877453,-197.271603243143,965.983905328042,100.986020018506,118.05806752979,1000.34493048588,145.5729414304,79.8812243271221,1023.85125384501,199.864579152985,197.823507197704,966.053026494923,102.967713386284,118.687825828937,1000.42745863956,147.371130144272,59.7675757575757,85.3271717171718,110.789797979798,73.3034343434343,44.9384848484848,128.108585858586,49.7874747474748,55.4949494949495,178.603131313131,7.73094921452571,9.23727079375569,10.5256732791683,8.56174248289648,6.70361729579522,11.3185063439743,7.05602400417365,7.44949323745914,13.3642482509542,2.47265014129948,2.78379268109094,3.81133417068656,2.47539170787703,3.25139332606366,4.03112200948734,3.21107826664892,2.84478828477411,2.64454461197463,0.109211862092773,0.0787831307162915,-0.258827543422675,0.013000844152001,-0.113681030697465,-0.449457885780903,-0.100529084353843,-0.358505708666182,0.212925157114959,80,1019,198,-200,962,101,116,1000,145,79.4444444444444,1023.77777777778,199.711111111111,-197.733333333333,966.122222222222,102.666666666667,118.555555555556,1000.61111111111,146.511111111111,0.503258334775646,0.503258334775646,0.503258334775646,0.503258334775646,0.503258334775646,0.503258334775646,0.503258334775646,0.503258334775646,0.503258334775646,41,49,59,37,37,71,38,39,68,448.367227236459,424.903588932527,436.346039778369,558.39,373.174285714286,542.421428571429,112.689439791504,139.150920611396,181.542289877525,469113.535714285,421283.545714286,444282.921428572,0,43.2008858489755,0,72.1397170671895,0,81.6909905407593,0,68.8380152357562,0,32.7322283377556,0,81.2821134580194,0,42.1511187094891,0,42.9074419431285,0,130.675424114741,1
2112765,40,1000,168,-218,944,70,106,980,116,90,1039,227,-190,981,141,135,1019,174,70,1019,207,-200,962,111,116,1000,155,72,1020.93,203.85,-199.75,966.61,106.51,118.48,998.99,152.7,70.6614698707345,1020.86131326308,203.140331306405,-199.501443432045,966.552497791407,104.761148102158,118.070338695265,998.929250775698,151.63447593779,72.6085394426854,1020.96433336332,204.19194401347,199.875236084914,966.63872775717,107.323855689218,118.682686184633,999.020325118563,153.202219305074,88.8888888888889,70.8132323232324,140.936868686869,50.5530303030303,56.0988888888889,175.787777777778,48.5551515151515,61.2019191919192,155.181818181818,9.42809041582063,8.41505985262329,11.8716834815821,7.11006542185304,7.48991915102485,13.2584983228787,6.96815266158482,7.82316554803228,12.4571994517957,3.61570247933884,3.23464808573091,3.6946908401315,2.78595198939847,2.91067782786761,3.37312282285533,2.48833427055924,3.21937569512177,2.99751030592436,-0.261655424618249,-0.0151070960123724,-0.461287826581585,-0.285324559629048,-0.0886501281881112,-0.223881140196082,-0.0771454111434384,-0.190175609569969,-0.540322698178788,70,1019,198,-200,962,111,116,1000,155,72.1111111111111,1020.88888888889,204.222222222222,-199.477777777778,966.666666666667,106.733333333333,118.555555555556,999.155555555556,153.111111111111,0.503258334775646,0.503258334775646,0.503258334775646,0.503258334775646,0.503258334775646,0.503258334775646,0.503258334775646,0.503258334775646,0.503258334775646,50,39,59,28,37,71,29,39,58,447.291696453503,425.517574181149,436.121966003923,555.762857142857,374.301428571429,544.358571428571,145.067049019994,176.295600176691,161.602160219117,466857.651428571,422510.978571428,443827.761428572,0,68.2461633161087,0,62.9228122212659,0,119.61138743818,0,39.2650703454827,0,44.9887173626149,0,125.559585329637,0,36.5206386951377,0,36.4238671552292,0,110.286128437458,1
2114328,50,1000,178,-218,953,70,97,980,106,111,1039,237,-181,981,131,135,1019,184,80,1019,207,-200,962,111,116,1000,155,79.14,1020.01,205.93,-198.7,967.16,106.23,116.81,1000.19,152.08,77.8028911138079,1019.93507570352,205.210802606816,-198.409300436589,967.109502429945,104.641991916469,116.136928286626,1000.11355702896,150.510558885715,79.7824542114367,1020.04754300964,206.290692955354,198.844361247685,967.185287315724,106.95059607127,117.137483326218,1000.22812897858,152.807591434457,103.131717171717,77.3635353535353,150.18696969697,57.9696969696969,49.4084848484849,155.168787878788,77.3877777777778,77.0443434343435,224.074343434343,10.1553787310822,8.79565434481911,12.2550793427448,7.61378335452861,7.02911693233829,12.4566764379102,8.79703232788068,8.77749072539205,14.9691129808798,3.57060166591727,2.5081792523692,2.5673552886635,2.52034260500805,2.44895237202114,3.29291253980715,2.47433716072887,2.93908373569949,2.99407631643213,0.057959461803808,0.266025980787196,0.158594585188678,0.111191164066395,0.222965907316622,-0.497213515926258,-0.231574712636371,-0.258644744403854,-0.535005054729218,80,1019,198,-200,962,111,116,1000,155,79.1111111111111,1019.66666666667,205.866666666667,-198.811111111111,967.177777777778,106.755555555556,117,1000.37777777778,152.644444444444,0.503258334775646,0.503258334775646,0.503258334775646,0.503258334775646,0.503258334775646,0.503258334775646,0.503258334775646,0.503258334775646,0.503258334775646,61,39,59,37,28,61,38,39,78,447.307670447543,425.641030900039,436.5249522407,559.32,374.867142857143,543.891428571429,155.068827991912,158.15060933654,236.306079299651,466893.462857143,422753.524285714,444654.711428571,0,76.6117977921771,0,57.1931717867903,0,106.134832756918,0,41.3394116680388,0,41.6879316502918,0,142.9730501663,0,67.2858760023171,0,52.3821104273612,0,163.993022092857,1
2115890,60,990,168,-209,944,60,106,980,106,121,1049,237,-145,990,141,174,1019,184,90,1019,198,-181,972,95.5,135,1000,135,88.42,1019.76,196.88,-182.79,968.93,97,133.45,998.7,135.95,86.3514939854435,1019.65600507534,195.935315206798,-181.764103753937,968.851661663339,93.9987637243315,132.149049141364,998.629205811513,134.426887975875,89.3919459459296,1019.81191403121,197.345889240187,183.28275969114,968.969075873941,98.4444005517835,134.132658215663,998.735400393918,136.742495223687,174.569292929293,106.951919191919,185.520808080808,182.20797979798,76.49,285.151515151515,184.512626262626,71.4242424242424,218.290404040404,13.2124673293557,10.3417560980676,13.6206023391335,13.4984436065044,8.74585616163449,16.8864299113671,13.5835424784047,8.45128643605471,14.7746541089937,2.51920408864898,3.00359935099693,3.28733473866305,2.94163684940875,3.00577167800996,2.7609815079789,3.35801218534178,3.22833545947411,3.58100014149833,-0.141089170861108,-0.136473576537601,-0.0275998364072531,0.38184198867851,-0.245488518232088,0.142500415030511,0.701091122072263,0.0318973416677478,0.626485153781964,90,1019,198,-181,972,90,126,1000,135,88.5222222222222,1019.78888888889,196.922222222222,-183.133333333333,969.044444444444,96.8333333333333,132.788888888889,998.722222222222,135.255555555556,0.503258334775646,0.503258334775646,0.503258334775646,0.503258334775646,0.503258334775646,0.503258334775646,0.503258334775646,0.503258334775646,0.503258334775646,61,59,69,64,46,81,68,39,78,446.795712340938,424.720580201444,435.816863740145,559.311428571429,378.488571428571,543.471428571429,209.469948187782,305.157270114377,252.406954823143,465836.854285714,420936.402857143,443212.491428571,0,117.368053007859,0,71.1214250963128,0,112.243375630117,0,181.571916010492,0,46.9172696215141,0,271.599220762668,0,163.366042403024,0,51.2217139567072,0,194.671369444739,1
2117453,50,1000,128,-227,953,30,116,980,87,111,1039,198,-154,1000,101,165,1019,165,80,1029,158,-181,972,70,135,1000,126,79.09,1025.03,161.6,-183.62,973.5,65.21,139.63,1001.04,125.71,77.0345637433686,1024.93557639027,160.326977293797,-182.611245152445,973.416281980868,60.7895330799242,139.049371271785,1000.96487359415,124.038060802789,80.0655356567356,1025.07705564021,162.239329387174,184.124360148243,973.541904593736,67.1268202732708,139.918654939218,1001.07749949742,126.535014916821,156.830202020202,97.4435353535353,209.131313131313,187.349090909091,82.4141414141414,256.228181818182,81.5081818181819,75.8367676767675,210.20797979798,12.5231865761156,9.87134921647164,14.4613731412792,13.6875524075377,9.07822347236184,16.007129093569,9.02818818025975,8.70843083894955,14.498550955112,3.09909859882902,2.71022875664339,2.74036571120068,3.15121971038038,3.04582116487032,2.23632869014336,3.49101366347423,2.74020733851916,3.48143134344957,0.0561909520171044,-0.327335109980829,0.220643009456377,-0.170134676215406,0.138443473467338,-0.162621528156007,0.0862924246803016,-0.178974193807311,0.199022200356729,80,1019,168,-181,972,70,145,1000,126,79.0444444444445,1025.44444444444,161.333333333333,-183.455555555556,973.411111111111,65.3333333333333,139.533333333333,1000.98888888889,125.566666666667,0.503258334775646,0.503258334775646,0.503258334775646,0.503258334775646,0.503258334775646,0.503258334775646,0.503258334775646,0.503258334775646,0.503258334775646,61,39,70,73,47,71,49,39,78,446.089848836549,425.586630620881,436.569688157368,542.451428571429,366.467142857143,542.734285714286,250.72796544872,330.833087928213,213.416085596281,464363.597142857,422653.555714285,444747.642857143,0,114.963763479789,0,76.3900065664939,0,148.99489531129,0,185.582895322737,0,68.0627865262485,0,203.936314450724,0,72.2685825637638,0,70.6913773825209,0,146.64068582692,1
2119015,60,1000,128,-209,962,30,116,980,97,111,1058,168,-154,990,90,155,1019,165,90,1029,148,-172,972,60,135,1000,135,90.11,1027.7,147.6,-175.46,974.78,61.2,137.91,1000.45,131.75,88.8661195772301,1027.5966398812,146.71078479407,-174.810903349123,974.718409717722,58.8427590715921,137.549963874221,1000.39859614646,130.456469517108,90.7045202842725,1027.75163342123,148.045938816301,175.787826654749,974.810709830375,62.2735899077611,138.088413706581,1000.47571184912,132.352597254455,108.583737373737,107.20202020202,133.171717171717,116.311515151515,60.4763636363637,133.89898989899,49.739292929293,51.9671717171717,160.75505050505,10.4203520753253,10.3538408429925,11.5400050767631,10.7847816459822,7.77665504162064,11.5714731084244,7.05260894487231,7.20882595969494,12.678921504018,2.78538141474918,2.9992556361026,2.29289695070223,3.16069530989796,2.20197261985918,2.64188102703585,3.20529728230343,3.30303092355175,3.6788890353316,-0.131322505408841,-0.0675870800736734,0.157399090546585,-0.301966795469387,-0.338409860345365,-0.0779334309877318,-0.046344316600089,0.0720962653609506,-0.441924533720842,90,1029,148,-181,981,60,135,1000,135,90.1777777777778,1027.77777777778,147.555555555556,-175.2,974.744444444444,61.3333333333333,137.955555555556,1000.33333333333,132.077777777778,0.503258334775646,0.503258334775646,0.503258334775646,0.503258334775646,0.503258334775646,0.503258334775646,0.503258334775646,0.503258334775646,0.503258334775646,51,58,40,55,28,60,39,39,68,446.685630298836,425.339478040405,436.531572050428,542.318571428571,368.794285714286,544.332857142857,142.472632076782,149.961566116877,164.347324727611,465607.855714286,422157.977142857,444658.829999999,0,93.6015121576569,0,84.7315889581684,0,103.497745065174,0,117.139946881896,0,48.031502551541,0,92.292126641,0,40.3245356087699,0,42.2941587220766,0,127.817609831753,1
2120578,70,1009,99,-209,953,20,116,952,67,121,1058,178,-118,1000,141,233,1028,145,101,1029,148,-172,972,70,145,1000,116,98.5,1029.08,142.52,-171.51,973.22,68.17,156.07,997.27,115.28,96.9574949475964,1028.97559848239,140.970880609473,-169.845704199967,973.123786972937,61.1788121826619,151.635923997065,997.132332735382,112.200447797918,99.2391051954823,1029.13238215499,143.2303738737,172.271791074453,973.268092562373,71.1552527927489,158.570962032776,997.338132229987,116.626583590535,147.626262626263,108.902626262626,205.04,264.535252525252,94.5571717171717,420.122323232323,794.853636363637,137.269797979798,315.43595959596,12.1501548396003,10.4356421107005,14.319217855735,16.2645397268184,9.72405119881481,20.4968856959374,28.1931487486523,11.7162194405789,17.7605168729955,2.65485410751892,3.22697911245518,4.30055290506827,3.66317428537201,2.95355295990011,5.29823052147691,3.14068233360549,4.94681853754924,2.77077085557069,-0.0951696872479378,0.367947557117048,-0.484517426713448,0.642007223255369,-0.00730280407638775,0.693899928470117,0.964231991191313,-0.830242620402867,-0.525292777983233,101,1029,148,-181,972,60,135,1000,126,98.6111111111111,1028.88888888889,143,-172,973.3,67.5777777777778,154.466666666667,997.766666666667,115.866666666667,0.503258334775646,0.503258334775646,0.503258334775646,0.503258334775646,0.503258334775646,0.503258334775646,0.503258334775646,0.503258334775646,0.503258334775646,51,49,79,91,47,121,117,76,78,447.31327610737,424.679591836488,435.652759420836,544.328571428571,372.805714285714,543.694285714286,208.160024620637,466.121087755732,905.966313437353,466918.628571428,420853.465714285,442898.511428572,0,119.061986326131,0,83.6165737740351,0,181.314797312001,0,262.83275305423,0,81.0712312906142,0,441.197261429045,0,593.285748319001,0,119.687569076462,0,254.643804421697,1
2122140,0,941,-49,-245,935,-181,87,952,58,373,1078,148,0,1064,141,223,1047,135,111,1029,79,-154,981,40,165,1000,101.5,113.58,1028.22,78.05,-153.4,978.67,43.81,166.48,998,101.97,0,1027.97963416261,69.4617035673061,0,978.303909914053,0,161.290232804652,997.71522521029,98.71162537719,120.669383026516,1028.33752241178,82.8378536660626,157.814891566037,978.858881555457,63.0819308518691,168.7682434583,998.143126009492,103.481640883782,1677.45818181818,244.132929292929,778.088383838384,1387.85858585859,373.475858585858,2080.82212121212,774.878383838383,288.585858585859,313.706161616162,40.9567843197947,15.6247537354331,27.894235674031,37.2539740948343,19.3255235009523,45.6160292135574,27.8366374377076,16.9878150032857,17.7117520764085,19.9664301473754,12.2385840900055,6.37182264719349,9.45278154216297,9.71892802560278,8.30376266241773,3.31624129079219,4.51892587629032,2.41786368918427,3.08336425047641,-1.3112076091494,-0.692616873166046,1.76054293495258,1.73751674607457,-0.994263335741625,-0.212805573921784,0.367535032516998,-0.0963574425029637,101,1029,69,-154,981,30,165,1000,97,109.755555555556,1028.55555555556,78.7555555555556,-156.333333333333,977.188888888889,45.1888888888889,167.233333333333,997.522222222222,101.944444444444,0.538867128122059,0.538867128122059,0.538867128122059,0.538867128122059,0.538867128122059,0.538867128122059,0.538867128122059,0.538867128122059,0.538867128122059,373,137,197,245,129,322,136,95,77,445.094320866246,425.726308857208,436.060259252177,522.792857142857,372.462857142857,542.764285714286,1685.23067492969,2786.47298045882,861.211584174979,462386.258571429,423021.248571428,443777.515714286,0,1705.97688740094,0,184.7278031606,0,674.678630435503,0,1531.3025251266,0,390.744697175743,0,2264.04452884848,0,804.449594729338,0,310.874444358384,0,266.281016851798,1
2123703,111,1000,79,-190,953,30,106,961,87,161,1049,158,-118,1000,131,203,1019,155,141,1019,128,-154,981,80,174,1000,116,139.4,1023.82,130.92,-151.12,978.26,85.37,165.36,995.77,118.92,138.543410950652,1023.73989243748,129.446663141619,-149.96870428696,978.189186408388,81.4131025779982,160.420386769124,995.660714940667,116.836063754059,139.8277511798,1023.86003926318,131.578645683865,151.691792790513,978.29540528411,87.0176418894468,167.58323305152,995.824367044711,119.950323050836,120.646464646465,82.8157575757576,174.64,174.894545454545,69.9721212121213,286.902121212121,747.687272727273,109.370808080808,248.599595959596,10.9839184559275,9.10031634481778,13.2151428293454,13.2247701475128,8.36493402317802,16.9381852986712,27.3438708438888,10.4580499176858,15.7670414459909,2.65627987540876,3.1421602249576,4.40040981882088,2.86518766359497,3.70485597687211,3.83344856319999,1.81489798564605,3.45114484819643,2.12333577399606,0.135909091017361,-0.019802526331768,-0.664137867266015,-0.103946991976625,0.0201367821937247,-0.0676759663807769,-0.466144532096269,-0.456297705352467,0.0889834016733604,141,1019,138,-145,981,80,184,1000,126,139.333333333333,1023.88888888889,131.333333333333,-151.1,978.277777777778,85.4666666666667,166.011111111111,995.888888888889,118.577777777778,0.503258334775646,0.503258334775646,0.503258334775646,0.503258334775646,0.503258334775646,0.503258334775646,0.503258334775646,0.503258334775646,0.503258334775646,50,49,79,72,47,101,97,58,68,446.430614445717,425.900983719132,435.808098053305,554.631428571429,391.075714285714,548.592857142857,182.271049672561,287.683193282038,905.872473809298,465066.051428572,423276.158571428,443202.167142857,0,86.2475080768401,0,67.1665623482882,0,145.714992031489,0,142.91085354333,0,53.5321523932451,0,257.736118354858,0,580.245308117221,0,93.2517085194339,0,170.298055120737,1
2125265,101,990,118,-200,953,50,116,971,106,161,1039,188,-136,990,121,165,1019,174,131,1019,148,-163,972,90,145,1000,145,133.5,1019.77,151.8,-162.92,975.26,87.69,143.14,997.65,144.73,132.514268902358,1019.64302963036,150.567823799354,-162.111824590007,975.19595240289,85.2826016474503,142.336558970482,997.593136413579,143.439812049895,133.958948935859,1019.83338345045,152.403412035295,163.326911438379,975.291915274601,88.8059119653641,143.533759095204,997.678390063652,145.354222504886,123.989898989899,130.582929292929,185.414141414142,134.094545454546,62.8812121212121,198.943333333333,114.020606060606,57.2196969696969,182.906161616162,11.1350751676807,11.4272887988765,13.6166861392242,11.5799199243581,7.92976746955496,14.1047273399146,10.6780431756294,7.56437022954964,13.5242804472608,3.79094578170822,2.67195692398988,3.44251906353606,2.91270404408247,2.69167348789285,2.94616433880036,2.45646239689026,3.66499581079442,2.55759821695316,-0.592839969760098,-0.122334080470864,0.0130859078501597,-0.242369612110911,-0.404490071536384,-0.0624057783905023,-0.141126091388441,-0.172643197318983,-0.170264838095096,141,1019,148,-163,981,90,145,1000,135,134,1020.02222222222,151.777777777778,-162.8,975.277777777778,87.7111111111111,143.1,997.655555555556,144.988888888889,0.503258334775646,0.503258334775646,0.503258334775646,0.503258334775646,0.503258334775646,0.503258334775646,0.503258334775646,0.503258334775646,0.503258334775646,60,49,70,64,37,71,49,48,68,445.613195473989,425.495888257635,436.435776859976,559.315714285714,385.727142857143,550.937142857143,190.707950671706,223.169585130828,185.220291016072,463385.112857143,422467.067142856,444467.982857143,0,94.054492512634,0,98.44672249453,0,159.597100992316,0,119.849127076784,0,49.6699814634019,0,145.676778348489,0,97.3785368907187,0,39.7388966527064,0,139.361848757516,1
2126828,90,1000,148,-209,944,70,116,971,116,141,1049,217,-154,990,141,165,1019,174,121,1019,178,-181,972,101,135,1000,145,118.39,1021.14,179.55,-178.28,969.86,104.81,138.16,996.89,145.55,117.154332423007,1021.05885292999,178.81817140178,-177.525280648801,969.767094024885,101.890922607909,137.392075565528,996.830394194179,144.707207534167,119.004159591167,1021.18057169141,179.924011738289,178.66566542008,969.906345994292,106.20409596621,138.557064056655,996.919720940458,145.970510720488,147.270606060606,83.6973737373737,135.805555555556,139.052121212121,90.8084848484848,297.145353535354,110.984242424242,59.8564646464646,123.825757575757,12.1355101277452,9.14862687715341,11.6535640709422,11.7920363471337,9.52934860567525,17.2379045575544,10.5349059048594,7.73669597738367,11.1277022594854,2.14098526511246,3.393068401913,3.87244259357155,3.26870210507389,2.82016075371194,2.37904200764779,2.958503120719,3.7797251970686,2.95436461610584,0.0860382397122592,0.0183967136094577,0.525899536640031,-0.480804219846973,-0.215813601209415,0.000970361607328531,0.586947794063647,-0.333551377668509,0.139922730102509,111,1019,178,-181,972,101,135,1000,145,118.222222222222,1021.11111111111,179.111111111111,-177.722222222222,969.877777777778,104.955555555556,137.566666666667,997.144444444444,145.466666666667,0.503258334775646,0.503258334775646,0.503258334775646,0.503258334775646,0.503258334775646,0.503258334775646,0.503258334775646,0.503258334775646,0.503258334775646,51,49,69,55,46,71,49,48,58,447.289374433088,425.097251534178,435.859556732838,565.32,384.167142857143,548.828571428571,151.369417904352,346.349502265469,148.813632255256,466861.885714286,421679.592857143,443294.734285714,0,118.648227317796,0,68.2027270071099,0,98.5279725058475,0,131.429845692963,0,72.5204523757982,0,236.510022800636,0,93.841142364851,0,47.5929432212189,0,92.195572234102,1
2128390,60,1009,118,-290,935,40,97,971,67,151,1049,188,-154,981,151,213,1028,174,101,1029,148,-227,962,90,150,1000,116,105.81,1025.1,150.5,-218.48,961.82,93.49,147.1,999.09,117.55,98.1469213400368,1024.98533225786,149.176056853486,-211.352610911648,961.670546219907,86.9422387400058,142.751000247211,998.949749502515,112.016481757929,109.553229071534,1025.1574513215,151.158856836111,221.861398174626,961.894744761609,96.3851129583817,149.203284146161,999.160152327944,120.244126675693,814.296868686869,118.979797979798,200.757575757576,1504.0096969697,145.24,555.262525252525,629.505050505051,141.597878787879,647.118686868685,28.5358873821521,10.9077861172558,14.1688946554619,38.7815638798862,12.0515559161463,23.5640091082253,25.0899392288035,11.8994906944742,25.4385276081122,1.58389920577662,2.28416043952222,2.9560935089593,1.66852087012037,2.10674075403823,2.68960046108326,2.08606058885331,3.03522128156323,2.22249818223039,0.14245811009568,0.209218197008595,0.151233848945105,0.135471070817428,0.0361628140483753,0.0328681216655456,0.0218227071927744,0.0595639358423276,0.203330622418967,90,1019,158,-254,953,101,174,1000,106,105.622222222222,1024.77777777778,150.222222222222,-218.288888888889,961.944444444444,93.3777777777778,146.888888888889,998.944444444444,117.411111111111,0.503258334775646,0.503258334775646,0.503258334775646,0.503258334775646,0.503258334775646,0.503258334775646,0.503258334775646,0.503258334775646,0.503258334775646,91,40,70,136,46,111,116,57,107,446.557322829211,425.061053249375,435.991810997943,549.175714285714,358.641428571429,541.602857142857,864.181631002026,1658.17358429087,1023.92896320211,465342.304285714,421608.887142857,443589.12,0,561.889192102897,0,97.2481944533588,0,156.84292926803,0,1042.97412767293,0,109.417979745663,0,455.221887369387,0,410.774267132704,0,121.800264838334,0,438.437535746197,1
2129953,-282,960,79,-445,851,-90,87,961,9,818,1235,346,-63,1055,494,233,1085,155,70,1029,168,-263,944,111,155,1000,106,57.49,1026.14,178.05,-271.54,945.06,117.33,161.22,998.34,98.89,84.7409109746689,1025.49481416105,168.71440339146,-253.917919692319,943.669778396378,0,151.715876479475,997.84555062892,83.8902876442176,123.508258833165,1026.49638089961,183.59806643862,277.827536432226,945.739308689239,153.496156303668,165.574816925763,998.593741218119,102.129868305016,12069.8887878788,738.909494949496,2026.71464646465,3489.05898989899,1297.41050505051,9893.67787878788,1437.50666666667,511.822626262626,657.856464646465,109.863045597138,27.182889746116,45.0190475961525,59.0682570413161,36.0195850205205,99.4669687825455,37.9144651375523,22.6234972155639,25.6487127288382,25.8740244276507,36.430343513109,7.21735848250645,5.71286812767705,5.00641474460012,8.18182658077018,2.21333780252903,5.9505722711092,4.17321909902198,2.44060196914262,4.3838139039079,1.69688367575428,-0.325377961367231,-0.448234015714941,1.90282823678228,-0.00313033138828972,1.24933601905833,-0.876792205079266,90,1029,158,-245,944,111,155,1000,106,58.9333333333333,1024.84444444444,174.122222222222,-269.944444444444,945.711111111111,108.044444444444,161.022222222222,996.644444444444,100.144444444444,0.560477556418096,0.560477556418096,0.560477556418096,0.560477556418096,0.560477556418096,0.560477556418096,0.560477556418096,0.560477556418096,0.560477556418096,1100,275,267,382,204,584,146,124,146,449.587776967363,427.380328339291,435.88730404251,540.72,338.935714285714,539.335714285714,13471.9363942593,12344.0602110564,1590.81809482609,472567.44,426502.307142857,443586.424285714,0.416119953718812,10124.4607074011,0,496.376454362407,0,2042.8055323961,0,3644.70788952978,0,1408.86265863202,0.0786656367107026,11392.6940273939,0,1645.26196121188,0,560.911506634044,0,656.1858104503,1
2131515,-141,990,118,-381,870,50,38,971,48,141,1078,247,-172,990,262,203,1038,135,55,1019,207,-263,944,146,155,1000,97,41.47,1022.63,206.97,-266.34,944.16,147.77,139.91,1002.81,93.44,0,1022.42140406188,204.326912705186,-259.564636530285,943.638006733505,136.337209363068,122.53104774513,1002.53609175131,90.2743823051304,68.5236455539254,1022.73526877682,208.147663931162,269.767751964537,944.414167619271,152.751202941253,146.366901996319,1002.94705244096,94.8956268750041,3005.78696969697,217.48797979798,493.807171717172,1856.20646464646,484.86303030303,1512.07787878788,1867.13323232323,277.670606060606,276.915555555556,54.825057863143,14.7474736751072,22.2217724701962,43.0837146105865,22.0196055891796,38.8854455907076,43.2103371003193,16.6634512049757,16.6407798962535,6.75164983262633,4.26818139799502,4.33784266314027,3.31387470309843,4.93062117642518,4.38037746211072,1.95557469556359,2.72692455819373,2.57302898985185,-1.96675887329286,0.691724006193291,-0.567895660829435,-0.454827671185749,-1.05563361986206,0.500534390897379,-0.443976162064737,0.0758989958995187,-0.0964980562123829,70,1029,198,-290,944,141,174,1000,106,47.6555555555556,1022.12222222222,207.577777777778,-265.311111111111,945.633333333333,146.411111111111,141.377777777778,1002.62222222222,93.5333333333333,0.538867128122059,0.538867128122059,0.538867128122059,0.538867128122059,0.538867128122059,0.538867128122059,0.538867128122059,0.538867128122059,0.538867128122059,282,88,129,209,120,212,165,67,87,448.226351132388,425.965262467124,436.223832964281,544.744285714286,353.824285714286,529.782857142857,3167.68764536581,3097.5495283664,1887.89494690195,468860.73,423439.581428572,444141.96,0,3018.02381124675,0,200.673751694829,0,401.490342837709,0,1980.75501540234,0,522.290325201903,0,1632.2851597582,0,2109.48003260972,0,301.05870853379,0,248.768743979739,1
2133078,-161,990,158,-409,888,70,97,971,58,101,1068,267,-190,972,303,174,1038,135,35,1019,217,-267.5,944,161,135,1009,97,32.49,1021.24,221.37,-272.33,940.3,164.88,132.28,1003.76,97.79,0,1021.08046928244,220.01844839048,-269.038796778477,940.050508683692,159.149139156923,130.375106235855,1003.61617951045,94.5359529526056,45.6796453576426,1021.3205177612,221.981643385213,274.153260057217,940.422670930471,167.594450982125,133.262072623834,1003.83176877403,99.3326230399661,1041.44434343434,166.123636363636,273.912222222223,1006.44555555556,233.040404040404,911.601616161615,263.415757575757,145.537777777778,307.157474747475,32.2714168178954,12.8888958551009,16.5502937201194,31.7245260887465,15.265660943451,30.1927411170569,16.2300880335184,12.0639039194523,17.5259086710925,20.8603548779504,5.04136474459317,6.35540848413181,6.77893341860972,4.49617712153532,7.55482058327725,3.18794247277749,3.03237680850172,2.41524917157604,-3.65994960299473,0.796407263146178,-0.878661843885544,-1.38481000325028,-0.984184887749579,0.810960237769499,0.52014944250128,-0.137513228706253,0.0277847646038347,30,1019,217,-263,944,151,135,1009,87,36.3333333333333,1020.78888888889,222.022222222222,-270.111111111111,941.344444444444,164.155555555556,131.822222222222,1003.92222222222,97.8333333333333,0.519702786504305,0.519702786504305,0.519702786504305,0.519702786504305,0.519702786504305,0.519702786504305,0.519702786504305,0.519702786504305,0.519702786504305,262,78,109,219,84,233,77,67,77,448.329616105739,425.89724114572,436.03983217436,546.471428571429,356.935714285714,528.784285714286,1077.7599790462,1683.72376226357,326.722037596421,469053.462857143,423275.447142857,443701.701428572,0,1037.83329038089,0,158.401493447905,0,274.736565320429,0,1122.58740449282,0,246.182432872668,0,969.186918862986,0,240.552621618755,0,144.277987466875,0,220.056254732911,1
2134640,20,1000,178,-300,916,101,77,971,67,111,1039,277,-172,990,232,242,1028,165,50,1019,217,-263,944,156,116,1009,116,51.47,1019.67,216,-252.66,946.13,157.54,126.28,1004.37,113.59,43.9399052726071,1019.57683094248,214.709996776623,-248.509718994054,945.903268045606,154.824283192765,119.992915433689,1004.23866892775,111.061865526197,55.9666865197503,1019.71649491415,216.668871783651,254.432898816171,946.244519138684,158.929921663606,130.286453631987,1004.43526919359,114.796472071227,487.98898989899,95.778888888889,292.323232323232,908.105454545455,218.902121212121,444.311515151515,1038.30464646465,132.437474747475,278.325151515151,22.0904728310417,9.78666893732944,17.0974627451921,30.1347881118394,14.7953411995845,21.0786981370177,32.2227349314835,11.5081481893255,16.6830797970624,3.17227841649997,2.48305108067389,4.80640784331331,3.16663134840395,3.53297419842219,5.47638122085593,4.82854555393593,3.2626408929126,3.54408551965447,1.05241442259464,-0.185221927619806,0.726295384545731,1.07514681888273,0.689348594239243,0.737367738670389,1.51566245944485,-0.503492528015492,0.105743728621508,40,1019,217,-272,944,151,116,1009,116,50.1333333333333,1019.68888888889,215.277777777778,-254.355555555556,945.366666666667,156.555555555556,123.655555555556,1004.91111111111,113.433333333333,0.503258334775646,0.503258334775646,0.503258334775646,0.503258334775646,0.503258334775646,0.503258334775646,0.503258334775646,0.503258334775646,0.503258334775646,91,39,99,128,74,131,165,57,98,447.399341117178,425.401276131101,436.828485905475,551.631428571429,364.718571428571,533.245714285714,527.831014624745,1044.86808668509,1064.22368103079,467099.742857143,422302.932857143,445304.142857143,0,396.998007430001,0,73.2697269673276,0,241.638414079205,0,811.640069932265,0,193.002716385449,0,449.094187300295,0,937.611073814922,0,122.768881653712,0,255.956570824563,1
2136203,-161,970,118,-381,870,30,-29,876,-9,252,1078,366,-45,1064,535,271,1152,252,101,1019,207,-245,944,151,145,1000,87,97.9,1018.37,203.45,-240.18,948.17,161.76,139.82,1005.11,84.97,0,1017.98536869244,196.378660560413,-207.406107110034,946.307767333221,127.310491331015,0,1002.69937062182,76.9997714078141,116.482101629392,1018.56177524979,207.006207636389,250.294506531805,949.11348636504,178.288866730371,152.614285045667,1006.33443248256,93.0432695040324,4023.90909090908,394.578888888889,1474.41161616161,5011.01777777778,1808.14252525252,5677.39636363636,3779.2804040404,2487.75545454545,1451.66575757576,63.4342895515437,19.8640098894682,38.3980678701626,70.7885427013283,42.5222591739024,75.3484994119748,61.4758522026365,49.8774042482711,38.1007317196895,6.85002416556757,3.40652313493802,5.16738242979261,3.11439506806473,2.81532462173873,8.3756229577139,3.02793658931464,3.76910338758569,5.788955227041,-1.49576273573231,-0.0937335460085989,0.644120140652047,0.341020710037082,0.382203611155811,1.5850961972824,-0.224472063232988,0.459605038101016,0.933451207619364,80,1019,207,-245,953,151,106,990,87,103.166666666667,1018.5,202.344444444444,-242.288888888889,947.1,156.555555555556,140.622222222222,1003.61111111111,83.3222222222222,0.542002763436952,0.542002763436952,0.542002763436952,0.542002763436952,0.542002763436952,0.542002763436952,0.542002763436952,0.542002763436952,0.542002763436952,413,108,248,336,194,505,300,276,261,448.161614529324,427.346102697637,437.459099425818,565.594285714286,372.75,527.1,4389.84542248534,7298.02481566056,4264.52868761116,468809.031428571,426536.001428571,447710.211428571,0.664661986440641,4290.21585459896,0,364.523204377615,0,1448.30631683315,0.34283792628728,5711.61225802048,0,2068.0770151125,0.641894952761921,6525.2822039967,0.185333405865862,4406.54869436113,0,2929.99562391629,0,1493.39343735633,1
2137765,-141,901,-79,-427,824,-70,38,876,9,292,1058,316,163,1083,575,262,1123,174,171,1019,188,-213.5,967,126,130.5,1009,87,161.52,1012.46,172.37,-204.61,962.43,129.3,133.98,1002.21,87.92,186.182694307953,1011.68711504971,174.983330066689,-194.940039495014,959.364281861592,0,113.53746998875,998.90809136006,66.4288567029062,175.865914832863,1012.83225659534,180.65328671242,226.77171340359,963.935822552518,160.456785459512,142.78592367597,1003.82576675437,94.2528514157529,4888.9995959596,761.543838383838,2953.7304040404,9656.72515151515,2930.06575757576,9119.08080808081,2461.79757575757,3274.02616161616,1165.32686868687,69.9213815364056,27.5960837508484,54.3482327591285,98.268637680163,54.1300818175602,95.4938783801392,49.616505073993,57.2191066132298,34.136884284991,8.48566242189615,6.20452201737039,10.7757943436415,4.78706041351892,3.0043149937427,7.38315920674121,2.86797730162994,2.47162418354608,2.9766811732102,-1.77253752195099,-1.24347768462629,-2.0347795279104,0.474732533258929,-0.189955547298181,1.1803568714023,0.409234792268309,-0.281728221103189,0.195590693782764,191,1000,188,-236,935,101,126,1019,67,167.933333333333,1014.35555555556,176.6,-206.755555555556,962.822222222222,124.366666666667,132.955555555556,1003.24444444444,87.3666666666667,0.538867128122059,0.538867128122059,0.538867128122059,0.538867128122059,0.538867128122059,0.538867128122059,0.538867128122059,0.538867128122059,0.538867128122059,433,157,395,590,259,645,224,247,165,447.111329537758,429.643512023549,435.686182331082,577.007142857143,380.194285714286,524.618571428571,5273.64884060525,16023.5975874247,3846.61113121839,466882.975714286,431290.311428572,444401.824285714,0.183912763661105,4796.49182339889,0,769.412042210393,0,3195.97828936888,0.349222507935152,10878.889120863,0,3314.03967126627,0.326456999722621,10653.8188351779,0,2668.73173130742,0,3863.42610579478,0,1180.5271035242,1
2139328,-70,970,59,-445,870,-121,9,885,9,272,1068,247,-63,1046,343,359,1180,174,131,1019,178,-245,944,161,135,1000,97,120.43,1019.82,178.56,-243.05,950.15,147.05,143.51,1003.01,97.85,141.444699047561,1019.5044088146,171.339507289954,-222.508450179905,948.975052805178,201.625629513617,111.142784915033,1001.51390972749,78.127051880175,132.346930451749,1019.97782328833,181.305322591478,250.39738417164,950.743019958601,169.695167874633,153.959312806988,1003.77669329388,103.368418774788,3042.75262626262,325.179393939394,997.925656565656,3662.16919191919,1138.65404040404,7245.19949494951,3139.74737373738,1554.13121212121,1121.62373737374,55.1611514225603,18.0327311835837,31.5899613258018,60.5158590116607,33.7439482041453,85.118737625446,56.0334487046565,39.4224709032959,33.490651492226,5.48827933663191,3.53950318642475,3.85150967149379,3.98189981131555,2.97748667172562,4.7932300810435,5.08274067060288,6.56621370749515,2.93485042994849,-0.856613752993832,0.0589540842573506,-0.576192615874036,0.161547875220749,0.341398470635633,-0.732235137429091,0.983167214731346,0.829695450833983,-0.206116201378357,131,1019,178,-263,944,171,97,1000,97,123.266666666667,1019.67777777778,179.555555555556,-243.944444444444,949.288888888889,150.477777777778,140.411111111111,1001.82222222222,98.0888888888889,0.542002763436952,0.542002763436952,0.542002763436952,0.542002763436952,0.542002763436952,0.542002763436952,0.542002763436952,0.542002763436952,0.542002763436952,342,98,188,382,176,464,350,295,165,447.516614717185,427.478262795738,437.141198689579,565.204285714286,366.064285714286,533.301428571429,3202.95056078213,7899.51652690768,3272.74253252881,467460.895714286,426603.252857143,446552.635714285,0,3317.8988546592,0,329.181618150713,0,1064.84931313337,0,3926.27759111924,0,1234.2406881483,0.403858866001103,8286.90368554247,0,3345.42274662645,0,1796.18290001233,0,988.279533824756,1
2140890,-191,833,-257,-463,879,-40,38,933,9,535,1156,762,245,1046,212,194,1057,165,80,1029,168,-236,962,101,116,1009,116,84.48,1026.64,158.32,-235.8,959.29,91.53,118.63,1004.47,113.29,0,1024.80519606475,208.249432531981,-202.136681603944,958.700617885832,0,109.216608567149,1004.07376443936,93.5349734703523,115.832033565849,1027.46501643608,208.565769003449,255.450190839623,959.585144737037,99.8596515115089,121.851425925182,1004.66507354441,118.0140245903,6343.62585858585,1711.78828282828,18620.6642424243,9750.66666666666,572.066565656565,1610.31222222222,782.518282828282,395.887979797982,1103.72313131313,79.6468822904315,41.3737632181106,136.45755472829,98.7454640308437,23.9179130706792,40.1286957453419,27.9735282513358,19.8969339295777,33.2223288062883,16.621802227832,13.5009118812017,10.3005053353318,13.0510297282802,6.53981594229194,4.79666518444794,3.86221556078337,5.90049829691411,2.78347175724799,2.07939728730783,-2.19768602119354,0.189798469133169,2.25432125333688,0.20283145652803,-0.719703889682454,-0.633154504455434,-0.686300586592659,-0.555066711662338,90,1029,168,-227,962,101,135,1009,116,79.9555555555555,1030.08888888889,159.844444444444,-243.422222222222,959.133333333333,93.3,119.777777777778,1005.13333333333,114.588888888889,0.560477556418096,0.560477556418096,0.560477556418096,0.560477556418096,0.560477556418096,0.560477556418096,0.560477556418096,0.560477556418096,0.560477556418096,726,323,1019,708,167,252,156,124,156,451.830559851306,427.649655616481,436.587190652114,544.045714285714,349.294285714286,529.881428571429,25425.2673116622,10007.9494536422,1277.78804363133,476829.042857143,426870.171428571,444911.567142857,0.277244557010476,7393.42532508052,0,2003.0956810696,0.144096823355994,22077.4210597038,0.281936936326234,11693.2725472697,0,636.766224175855,0,1830.89855778219,0,767.63050372641,0,423.075843455506,0,856.665097712885,1
2142453,50,1009,118,-318,925,60,97,971,116,121,1068,207,-172,981,151,145,1028,165,90,1029,178,-218,962,101,126,1000,145,89.9,1028.07,174.08,-219.08,961.1,106.54,123.7,998.07,141.67,87.9141670746098,1027.95794512599,172.453751856342,-216.58140621619,960.963937224505,103.438316418387,122.828464937847,997.940055750423,140.760482913741,90.7992290716171,1028.12649513569,174.81504511912,220.507324141399,961.167581642244,107.973793116663,124.124292545819,998.134835580845,142.11639595768,164.131313131313,117.338484848485,259.04404040404,633.771313131313,131.222222222222,310.675151515152,106.212121212121,130.732424242424,127.960707070707,12.8113743654345,10.8322889939516,16.0948451500485,25.1748150565464,11.4552268516264,17.6259794483924,10.3059265091559,11.4338280659814,11.3119718471497,3.51664164482581,4.43370717147779,3.77575273089885,6.53117384309742,3.71623175275368,3.02335834624537,3.06929536841262,3.42574780792124,2.50418897319613,-0.240262391593498,0.82735870384333,-0.805010212874828,-1.59101301302881,-0.525197362043391,-0.040800416576844,-0.122327554807537,-0.15423023072846,-0.0907960814638125,90,1029,178,-218,962,101,126,1000,145,90.0555555555556,1027.55555555556,174.777777777778,-216.733333333333,961.466666666667,106.544444444444,123.7,998.111111111111,141.688888888889,0.503258334775646,0.503258334775646,0.503258334775646,0.503258334775646,0.503258334775646,0.503258334775646,0.503258334775646,0.503258334775646,0.503258334775646,71,59,89,146,56,91,48,57,49,448.620436503837,425.138272477158,435.324147250211,553.735714285714,363.668571428571,541.474285714286,294.632937246913,805.654739084314,170.671543608195,469649.524285714,421767.831428572,442233.025714286,0,140.543968862529,0,96.0098583745133,0,193.767349706906,0,710.130099617818,0,134.03956743462,0,288.133221900116,0,97.6639660219486,0,131.867663795087,0,103.236116742123,1
2144015,-333,274,-594,-781,824,-242,-77,923,-19,1161,1656,386,554,1250,414,213,1171,262,156,1019,207,-190,962,171,121,990,155,167.16,1056.97,159.2,-186.94,974.91,157.69,107.21,1002.52,149.06,0,1014.15334572725,0,-305.162483682943,970.471837091979,0,0,999.916950050606,143.488939212476,266.676395655859,1072.07526321616,222.575739917899,285.927298451897,977.318694183223,197.894391027133,123.545659575721,1003.88800172131,156.235911364833,43609.9337373738,32484.6354545455,24439.7171717171,47280.663030303,4749.8201010101,14440.4584848485,3807.62212121212,2772.49454545455,2212.90545454545,208.829915810388,180.234945153667,156.33207339416,217.441171424142,68.9189386236476,120.168458777037,61.705932625738,52.6544826719867,47.0415290413211,9.68835803837581,6.98937521016746,14.3489051409731,5.32885545663844,6.72338301894563,4.26204820458037,3.27588403992124,3.99985224562956,3.81415316643492,1.53302210372436,0.0850703627658793,-3.27479410422669,0.844841690431063,1.47131144946249,-0.598279767095823,-0.724440425421915,1.08305406421043,-0.644432871951722,161,1019,227,-181,962,202,135,990,155,154.766666666667,1055.2,184.477777777778,-198.733333333333,969.8,162.3,110.288888888889,998.622222222222,150.988888888889,0.584238811642856,0.584238811642856,0.584238811642856,0.584238811642856,0.584238811642856,0.584238811642856,0.584238811642856,0.584238811642856,0.584238811642856,1494,1382,980,1335,426,656,290,248,281,476.407732182341,442.939955697687,438.05940768976,592.855714285714,405.282857142857,539.481428571429,64192.5433058662,53061.1954714191,4498.35647098194,544286.412857143,461172.188571429,448913.275714286,0.449639555730663,47817.7393747392,0.27731152812677,35296.5219858001,0.165498554451911,26580.1649110425,0.352277370498274,55879.771908881,0.414546146213291,5183.73913426,0.261601617016139,16305.3373240014,0,4087.73920594509,0,3134.88734788389,0,2328.29321173212,1
2145578,-1555,0,-1306,-863,629,-181,-97,857,-38,2090,2049,762,618,1351,858,310,1304,320,161,1063,207,-181,930,111,116,985,126,252.59,1091.92,135.3,-148.64,959.36,139.06,114.32,1010.22,139.14,1864.1705282031,0,127.077450046185,0,944.122687400899,0,0,1000.57658002159,114.834958026447,684.307204404572,1159.75351691642,379.042108478728,343.007725860512,967.294370913012,248.882422039002,139.343819382131,1015.41992298753,152.817014759483,408560.244343434,154281.751111111,126633.161616162,96525.7074747475,15441.2024242424,43035.1276767677,6411.75515151515,10639.5672727273,4033.43474747475,639.187174733219,392.787157518052,355.855534755554,310.685866229456,124.262634867616,207.449096591833,80.0734359916892,103.148278089008,63.5093280351378,4.66728328577544,3.16934438955335,8.52484386467771,2.83112580264945,3.8812906190802,3.75701799361853,3.02603708149304,3.32695177451187,3.66987176859115,0.758542169338347,-0.47377445770949,-2.23339861333912,0.0826805170998474,0.68404557944955,0.916448619561454,-0.126832822383091,0.93666275788545,0.467834415511863,171,1009,207,-327,888,222,106,904,87,232.077777777778,1104.68888888889,175.4,-149.988888888889,955.322222222222,126.111111111111,114.733333333333,1003.26666666667,137.377777777778,0.665273522764941,0.665273522764941,0.665273522764941,0.665273522764941,0.665273522764941,0.665273522764941,0.665273522764941,0.665273522764941,0.665273522764941,3645,2049,2068,1481,722,1039,407,447,358,560.587897452458,447.132272423037,441.863915333186,634.204285714286,407.048571428571,541.577142857143,516236.251099677,114184.850141531,11726.3905430142,838704.638571428,477966.497142857,460220.297142857,0.365802079121825,440724.928909353,0.0861535758080393,178305.364950171,0.26943789506981,126873.37125646,0.139138022510589,111662.364212391,0.459536818314614,16725.2256358704,0.4098198603276,47997.5238937167,0.274575774578479,6864.24843303577,0.38579550258941,12216.6771322504,0,3918.29340445074,1
2147140,-959,205,-1673,-1136,611,-373,-58,857,9,1686,1735,792,718,1240,707,300,1514,378,131,1049,183,-227,935,166,155,952,135,163.74,1081.49,185.49,-194.87,960.29,186.37,137.6,986.52,139.91,258.783074894374,952.317354227736,0,-204.632577487,950.183757158607,267.088002266378,0,976.84757641327,88.435808687452,419.004534581668,1118.80054969597,384.730750005767,369.04087849451,965.450438914396,254.307864605088,149.084405623123,992.402277304924,154.077026191448,150256.578181818,82923.2827272727,114758.797878788,99208.9425252525,10038.0463636364,30241.1243434344,3325.65656565657,11758.1511111111,4206.99181818182,387.62943410146,287.964030266408,338.760679357549,314.974510913586,100.190051220849,173.899753718728,57.6685058385993,108.435008696966,64.8613276011355,7.69622186839684,4.50664847946376,19.468586362195,5.157328430556,5.31503157692703,4.35799716762845,4.21760650524807,9.81373783880504,4.39689413860673,0.994198047058949,-0.377867244913735,-3.20381510254317,0.377692024360144,0.6995678119098,0.124595170813305,-0.469071681572531,2.31542139640924,0.613523152931254,131,1049,158,-227,935,151,155,942,135,145.677777777778,1090.47777777778,214.888888888889,-197.944444444444,956.444444444444,185.311111111111,138.677777777778,974.9,137.722222222222,0.581321498763703,0.581321498763703,0.581321498763703,0.581321498763703,0.581321498763703,0.581321498763703,0.581321498763703,0.581321498763703,0.581321498763703,2645,1530,2465,1854,629,1080,358,657,369,518.598124161765,451.245375405558,432.495057830194,613.165714285714,407.91,541.727142857143,220156.033158038,104901.425692427,12710.1238004095,675127.38,485553.518571429,441783.501428572,0.181466091922804,162167.556663302,0.0651329443009864,98209.661450538,0.356990053622899,117250.41819878,0.186209927889138,114041.518491364,0.488142841463273,11578.584891555,0.264210936252378,34103.2266785672,0,3811.77441741191,0.514497218724498,13516.6854596272,0.450547494834917,4785.52282061185,1
2148703,-1060,78,-1445,-1081,648,-383,-48,876,-67,1343,1725,594,718,1435,727,349,1371,378,141,1068,212,-185.5,944,202,126,971,135,164.23,1111.35,194.68,-152.91,976.35,212.6,127.4,1003.31,133.92,0,816.374466742138,184.885453031304,-500.533513828968,963.272642824613,568.75041576389,0,993.749903116111,111.521379823985,450.756730399004,1176.13543012699,334.599222951877,381.2438720819,983.243189653506,285.846742153903,145.869873517461,1008.77393404072,153.166249546041,177990.037474747,149692.654040404,74804.3814141414,123197.395858586,13644.2904040404,36878.3838383838,5098.24242424242,11104.9433333333,5581.14505050505,421.888655304628,386.901349235699,273.503896524604,350.994865857872,116.808777084774,192.037454259277,71.4019777334103,105.379994938951,74.7070615839296,4.92755151556265,3.01650667915878,17.2604585697596,3.35072573092128,5.25733567365271,3.45742126209674,3.68013139298559,5.05007059769481,3.68608565113732,0.451304778324563,-0.589870694141772,-3.10861788369632,0.313096086839002,0.899278649253958,-0.0974943537939471,0.103794919648537,1.55371642060539,0.00942791378641389,171,1009,207,-172,935,151,116,904,116,157.444444444444,1128.57777777778,225,-157.077777777778,972.244444444444,214.788888888889,126.888888888889,992.922222222222,134.355555555556,0.595761096670324,0.595761096670324,0.595761096670324,0.595761096670324,0.595761096670324,0.595761096670324,0.595761096670324,0.595761096670324,0.595761096670324,2403,1647,2039,1799,787,1110,397,495,445,534.615786341494,462.604334711245,439.250943251392,630.111428571429,444.017142857143,541.984285714286,273101.346447093,130773.460339898,11917.5254884788,727899.78,511638.179999999,455298.33,0.486048300020893,195208.232097163,0.0832443474920362,178038.065624684,0.330347340257841,83076.8229745132,0.0610794556624085,140838.076937569,0.687263464312148,14984.9157480787,0.393862725817994,39136.2714373291,0.328050211442692,5982.78692854644,0.45365577181059,12904.9695437509,0.564788218048426,6238.03455144013,1
2150265,-1313,-68,-1574,-972,546,-494,-48,847,-58,2191,1911,712,818,1416,1141,427,1523,330,166,1112,217,-158.5,939.5,176,101.5,971,135,272.91,1169.71,146.81,-143.56,951.76,164.04,109.42,1007.56,143.32,520.711280551985,1106.85989887738,287.323458855803,0,931.324327574853,2159.46111359869,0,993.149084566797,0,620.477920638599,1237.11677298467,417.242076018227,400.484356748176,962.255392294582,321.20744076064,136.609004095631,1015.93510619527,166.071069124035,313649.476666667,163875.177676768,154078.559494949,141190.147878788,20291.2549494949,77035.4529292929,6756.85212121212,17118.1680808081,7110.07838383838,560.04417385298,404.814991912068,392.52841870997,375.752774944894,142.447376070937,277.552612903019,82.2000737299677,130.836417257612,84.3212807293531,5.11573699173386,3.40442141126601,6.51840462951708,2.68992488200237,5.24668465287176,4.46527983750177,3.97609833039598,6.22624753008057,2.78545986534556,0.815262408130559,-0.386706061581117,-1.79365812181574,0.0356899299330935,0.801662248721639,0.753664539752924,0.528953665730236,1.58504050296115,0.111499079080412,171,1009,217,-218,953,212,77,933,106,250.133333333333,1185.46666666667,180.844444444444,-147,944.5,150.166666666667,107.122222222222,995.033333333333,142.622222222222,0.65770477874422,0.65770477874422,0.65770477874422,0.65770477874422,0.65770477874422,0.65770477874422,0.65770477874422,0.65770477874422,0.65770477874422,3504,1979,2286,1790,870,1635,475,676,388,584.01709801249,459.589180144858,441.270158592667,681.184285714286,416.674285714286,540.128571428571,448236.670839914,161547.817991196,18324.5112477766,895517.875714285,509784.591428571,462156.754285714,0.295039028234057,339293.784749228,0.130395221967727,190552.572451299,0.166991975066026,170007.050330443,0.14419220918146,160781.905837898,0.653844114539536,21952.944542722,0.276238601384967,88321.3035954859,0.708790491346152,7573.11057895829,0.349608462552332,20069.6470823847,0.758553409037992,7826.70383121978,1
2151828,-939,39,-1732,-1209,722,-525,-67,800,-97,1535,2323,762,627,1444,666,368,1476,368,161,1058,207,-213.5,948.5,202,116,952,116,190.73,1128.53,158.29,-172.02,977.67,190.75,117.35,992.1,120.05,0,789.826920066049,234.360008241293,377.216620008236,964.712854274543,0,0,976.952256923437,0,451.784096665653,1185.03829895915,383.091699205295,376.176394793719,984.891024428591,271.067131906471,142.859406410639,1000.61974795624,147.636208295933,169425.188989899,132056.372828283,122932.854444444,113048.282424242,14314.8495959596,37466.4924242424,6704.83585858585,17148.9595959596,7459.03787878788,411.612911592796,363.395614762042,350.617818207296,336.226534384546,119.644680600349,193.562631786826,81.8830620982499,130.954036195757,86.3657216654147,6.12044411758983,4.46827508589629,19.3660350167448,3.64348952982324,5.84330448465941,4.36365930308473,3.94222284168078,4.80342240240712,3.18861553956607,0.920050772911062,-0.0168590250032554,-3.72260558085085,-0.297809797604089,1.32102635994473,-0.229804916001377,0.472315069942679,1.24508957064216,-0.049551066254686,181,1009,227,-254,944,232,48,952,77,176.122222222222,1133.95555555556,207.022222222222,-164.966666666667,969.477777777778,191.977777777778,114.1,981.111111111111,121.122222222222,0.592902378512491,0.592902378512491,0.592902378512491,0.592902378512491,0.592902378512491,0.592902378512491,0.592902378512491,0.592902378512491,0.592902378512491,2474,2284,2494,1836,722,1191,435,676,465,537.726712809562,460.733223918403,433.894517470016,633.235714285714,427.028571428571,526.928571428571,295604.575075671,128815.413356566,19036.5626619618,752221.667142857,507855.6,447190.774285714,0.36371670247958,184520.632828484,0.149603989197644,155124.908628803,0.265743510913849,128865.399984615,0.220895420709671,129522.43999247,0.779077661376796,16320.5693985991,0.593166113987861,43279.5452755574,0.400524828586713,7942.31210337845,0.338155542027604,19629.9859280397,0.578690133970378,8345.83852740849,1
2153390,-1787,-98,-1782,-1209,574,-434,-165,809,-135,2616,2421,1217,709,1518,1010,359,1495,553,151,1102.5,212,-90,957.5,161,126,990,116,229.57,1150.93,146.96,-81.4,984.21,159.88,120.11,999.97,120.68,0,845.15887200437,236.726223701537,0,954.766229325336,0,0,987.154389059545,199.644043387591,688.644037220972,1258.64243135213,406.948031080137,394.213343254639,999.118596563991,311.748937448069,149.395414922949,1006.90787562716,149.484982523329,425786.085959596,262162.530404041,145464.099393939,150281.01010101,29867.3190909091,72349.2783838384,7972.30090909091,14064.1102020202,7860.70464646465,652.52286240376,512.018095777913,381.397560812781,387.660947350917,172.821639533101,268.978211726969,89.2877422107363,118.592201269815,88.6606149677784,6.64252175815437,2.77225231146194,12.9214962497199,2.76216775299745,3.64367529423539,3.54478387531501,3.42235561298428,4.99529103618713,8.27781541067051,1.26529195555584,-0.146171035224231,-2.65833886376912,-0.313688411249003,0.533453241296552,0.582130162108838,-0.238092651004656,1.02159096080807,0.653853325811098,181,1029,178,309,916,-60,87,885,116,190.888888888889,1153.04444444444,192.788888888889,-75.9111111111111,979.422222222222,150.266666666667,120.844444444444,993.133333333333,120.611111111111,0.655156704506618,0.655156704506618,0.655156704506618,0.655156704506618,0.655156704506618,0.655156704506618,0.655156704506618,0.655156704506618,0.655156704506618,4403,2519,2999,1918,944,1444,524,686,688,582.772279021619,469.040461559295,437.838459247857,654.625714285714,455.438571428571,531.754285714286,624534.253659354,198347.645272961,16515.7804877496,953150.605714286,536069.798571428,453654.951428571,0.468349468395636,475028.354779815,0.0672310462831635,302830.193647514,0.286486385114132,133547.257573848,0.157862181347455,171696.213551834,0.523243325159218,34126.4226554714,0.437664824561598,85555.1551510445,0.383334370562214,9252.5948908376,0.228066083656454,15858.0074080786,0.833406888155359,6573.93126295405,1
2154953,-1161,-107,-1960,-1063,694,-555,-145,809,-67,1525,2107,920,627,1370,676,388,1390,407,181,1039,217,-167.5,953,186,126,980,106,235.68,1123.69,111.36,-160.69,974.34,165.68,116.42,1011.13,117.34,0,1075.8482206638,292.037397655972,0,957.681825143921,2448.37686687619,144.390244325335,995.613660767012,0,528.292040447327,1183.54172296544,441.226608445139,367.689420571221,983.002309254663,258.860850651465,152.425325979642,1019.57245451218,144.457952359848,225805.472323232,139486.66050505,184121.081212121,110479.024141414,17126.3680808081,39958.6642424243,9777.64,17317.285959596,7171.13575757575,475.189932893398,373.479129945771,429.093324595153,332.383850602604,130.867750346707,199.896633894681,98.8819498189634,131.59515933193,84.6825587566634,4.83615059229146,3.94697180128334,11.5521703429468,3.02011025319978,4.17259891132595,3.95756575766694,3.72313314409346,3.09740461258887,4.02091308073294,0.400654905097189,-0.262094113157959,-2.72464229961348,-0.185257571111257,0.684756941790077,-0.304878286516857,-0.267785680577884,0.875856298255384,0.655199677383242,202,1019,207,-163,907,30,58,942,77,233.8,1134.97777777778,164.788888888889,-157.533333333333,968.566666666667,167.144444444444,118.033333333333,1003.41111111111,114.522222222222,0.639599409660309,0.639599409660309,0.639599409660309,0.639599409660309,0.639599409660309,0.639599409660309,0.639599409660309,0.639599409660309,0.639599409660309,2686,2214,2880,1690,676,1231,533,581,474,553.92975187339,457.677801109093,442.387197631978,630.312857142857,419.712857142857,533.524285714286,386912.585235649,124801.47605727,18760.104765909,803376.175714286,500784.852857143,464412.672857143,0.531636577754826,250475.630265474,0.197822854439564,161459.029407429,0.421835381157012,182773.079943187,0.139937880290937,128401.529742005,0.671718834901293,19694.469800378,0.40523280554074,45870.9420282409,0.351776266561641,11092.9601497616,0.368199729833024,20129.855283864,0.682395646325741,7902.69455274509,1
2156515,-1151,98,-2633,-1127,750,-222,-67,819,-29,1545,2127,841,745,1268,838,320,1352,262,191,1029,247,-154,976.5,212,121,990,97,157.37,1066.2,152.82,-143.39,981.27,162.48,114.8,1009.63,102.57,0,821.764853879331,379.076326229244,0,969.946891088573,0,0,1000.52991533516,0,468.446827292063,1134.51361384516,450.208151858671,396.02079490855,986.935109315704,261.224998803713,136.273181514192,1014.56560655287,119.580140491638,196643.548585859,151857.272727273,181144.876363636,137648.26050505,11262.7243434343,42261.3632323232,5445.79797979798,10091.5485858586,3816.97484848485,443.445090835222,389.688686937756,425.611179791646,371.009784918202,106.125983356737,205.575687357049,73.7956501414411,100.456700054594,61.7816708133152,5.03242176871382,3.35013830679006,24.9598096913835,3.14898975422862,2.88505988803705,3.50997167387422,3.35712122039028,4.38609191606315,3.28139341257585,0.285744644624301,0.0164536919368816,-4.35510508992298,-0.434378890686982,0.230735723405755,0.289681018573441,0.032191760812639,1.09388262680447,0.191850283513453,-30,1029,247,-181,925,232,135,980,77,148.133333333333,1064.9,217.433333333333,-134.377777777778,980.166666666667,156.188888888889,114.4,1004.27777777778,102.111111111111,0.650022421648354,0.650022421648354,0.650022421648354,0.650022421648354,0.650022421648354,0.650022421648354,0.650022421648354,0.650022421648354,0.650022421648354,2696,2029,3474,1872,518,1060,387,533,291,522.846972736416,463.728101259999,439.632100624998,589.881428571429,428.725714285714,525.857142857143,342426.057866118,156124.974107943,11616.8893033403,732536.121428571,513905.091428572,455234.211428571,0.523963586918595,222621.446883567,0.0515142062187478,177206.148279005,0.347078198529288,179500.126381344,0.202146191261149,163362.157154027,0.54069471864996,12409.4189388674,0.166823528356415,48019.0516375259,0.296737199596393,6324.28836888683,0.325465088368617,11847.9896889335,0.339782889444296,4198.91901112218,1
2158078,-1434,156,-2158,-1136,611,-60,-77,885,-87,1787,2068,851,418,1305,878,300,1390,330,202,1034,227,-127,953,141,97,990,116,257.64,1096.66,85.63,-133.42,961.78,187.9,91.01,1016.74,120.97,305.724896912172,949.247443912398,0,-1314.57998254104,947.677893142943,0,0,1008.78299463307,0,575.933034301732,1141.80755821636,437.921602572881,315.661971102,968.464640552251,254.647521095337,125.099520382774,1021.12439007204,138.644184876251,268000.495353535,102082.166060606,186305.892020202,82668.2662626263,13033.3248484848,29837.3232323233,7441.48474747474,9025.04282828283,4634.81727272727,517.687642650986,319.502998515829,431.631662439402,287.520897088588,114.163588102708,172.7348350285,86.2640408714706,95.0002254117475,68.079492306621,5.74704602440623,3.88312379137803,13.6658725891968,3.571214892006,3.84554292479496,5.50093347251807,2.75270547825726,4.93470458139857,3.46986636935968,0.104599318318872,-0.0338605393968886,-3.01373033280219,-0.490266665957466,-0.0487812467008818,1.43016025433649,0.254545112919704,1.30384677755464,0.13801913423169,202,990,257,-100,925,60,9,971,106,255.522222222222,1100.38888888889,145.744444444444,-124.811111111111,962.211111111111,172.1,88.2888888888889,1009.11111111111,120.611111111111,0.601435386429077,0.601435386429077,0.601435386429077,0.601435386429077,0.601435386429077,0.601435386429077,0.601435386429077,0.601435386429077,0.601435386429077,3221,1912,3009,1554,694,938,377,505,417,543.701418212494,445.718504662757,442.977145588764,617.112857142857,435.54,526.594285714286,398877.616887592,92871.4681451869,11096.8214050861,783085.152857143,472462.114285714,461814.48,0.557428881604037,305347.169958846,0.127759016960199,113780.516495795,0.490633102012558,192409.35981222,0.231643597838508,95630.1371504682,0.821339631660465,14018.3209342806,0.409741049475589,33632.2299058893,0.154351132900649,8793.47704206789,0.413880646729559,10629.4086110386,0.310558927157882,4836.26138738212,1
2159640,-1262,-68,-1485,-1536,777,-585,-38,714,-135,3070,2852,495,1036,1175,696,300,1304,378,176,1019,207,-190,962,212,174,985,67,224.81,1035.87,160.31,-172.96,967.41,192.28,154.04,990.39,69.5,678.805360979438,1022.46109230169,0,0,962.787880935015,0,145.302826644281,984.211112670315,0,565.570057552555,1095.23242738699,302.599686054034,403.111374188325,969.783269602028,250.706880639523,173.068714677148,993.566198096534,89.2260051778628,272050.458484849,127785.265757576,66532.5998989899,133922.846868687,4643.92111111111,26143.7793939394,6287.33171717172,6365.08878787878,3162.65656565657,521.584565037012,357.470650204427,257.939139912868,365.954706034349,68.1463213321974,161.690381265984,79.2926964932567,79.7815065530777,56.2375014172622,19.6892733087879,10.6072735660922,29.3307388829838,6.99554479724951,3.41450713544705,8.14358243081658,2.81601476309225,6.08129679608596,12.5331583355711,3.30418041538452,0.950920372212637,-4.88109742001646,-0.338521085525197,0.554667834274913,-1.00027075520348,-0.617521913084357,0.751185316067935,1.00492072498289,181,1009,207,-190,962,212,174,1000,77,169.644444444444,1032.94444444444,194.622222222222,-167.711111111111,965.388888888889,196.811111111111,157.122222222222,986.511111111111,68.9111111111111,0.590029154804862,0.590029154804862,0.590029154804862,0.590029154804862,0.590029154804862,0.590029154804862,0.590029154804862,0.590029154804862,0.590029154804862,4332,2920,1980,2572,398,1281,338,590,513,499.618059615286,456.941375799074,432.626193564519,608.995714285714,422.884285714286,520.255714285714,368644.541556053,151839.957197047,8758.09125646606,690415.77,499642.418571429,439323.364285714,0.513636317782617,308353.15618171,0.577424173647719,138740.133527533,0.711021586771918,74835.0323929793,0.9179116984805,148041.710686964,0.621067262799935,4659.09471531146,1.07975210988488,27072.6645895236,0.343873631770146,6077.02288214842,0.77210343868731,6923.17578384477,0,3273.33683124188,1
2161203,-393,392,-267,-927,787,-121,-38,838,-38,1949,1450,227,545,1148,363,330,1180,194,176,1039,123,-218,962,171,150,1000,77,183.19,998.32,102.28,-157.87,967.07,153.01,140.3,1002.9,78.17,215.659935089489,938.712993594955,0,33016.7944993007,963.33344835128,116.711804089193,0,997.616364946998,59.6855586800299,321.893600433435,1019.45816981375,133.072236022395,314.461714680818,968.963482284033,185.341873304442,166.160946073378,1005.54357439148,88.7273914865077,70764.5594949495,43082.9672727273,7320.22383838384,74710.3364646464,3702.87383838384,11050.0504040404,8005.42424242424,5363.10101010101,1779.79909090909,266.016088789662,207.564368986412,85.5583066591657,273.331916293444,60.8512435237263,105.119219955441,89.4730363988182,73.2331960937184,42.1876651511919,21.3780909694685,4.09489235011093,7.22977593507111,3.37173571343127,4.58890664123628,2.97108220636035,2.09086719336373,3.0983518972362,3.86849166425219,2.69506199760071,-0.817957051581021,-1.86402677860511,0.596610738391465,0.445694669879973,-0.503407167451475,-0.0636529266953624,0.179324042825237,0.451851181550953,161,1039,118,-218,981,181,194,952,58,171.433333333333,1005.6,112.2,-164.9,965.411111111111,155.644444444444,139.922222222222,1002.42222222222,77.0555555555556,0.554383065415791,0.554383065415791,0.554383065415791,0.554383065415791,0.554383065415791,0.554383065415791,0.554383065415791,0.554383065415791,0.554383065415791,2342,1058,494,1472,361,484,368,342,232,452.232035832715,442.364178020369,437.43542635731,550.195714285714,412.375714285714,523.444285714286,75967.5082323809,81498.9240615367,9450.57621024381,497408.001428572,459483.432857143,448542.81,0.300630207689668,73565.7588032167,0.243842906956526,48152.5437892563,0.148810620084602,8030.0860022943,0.325493887713727,85978.6184077361,1.00317231887781,4112.15721040547,0.351645647249188,12906.1512307773,0.131250849218302,9398.19871529956,0.540099686185426,6238.01016923915,0,1907.27374650767,2
2162765,-686,-176,-633,-1672,787,-292,-67,714,0,3444,1882,1455,1136,1277,474,378,1352,252,181,1034,118,-200,962,161,194,980,126,233.86,1024.86,120.63,-186.45,966.32,131.75,172.47,997.57,129.56,215.961296154615,0,266.149143276225,-215.499083167077,960.280191448994,627.106181608486,0,986.618184566179,0,631.811490873662,1077.45623577016,309.858984055651,453.374447890483,969.477653172057,200.161160068581,195.533091828468,1003.22175514689,137.809651331102,347975.010505051,111690.828686869,82283.8314141414,172509.886363636,6174.32080808081,22935.7853535354,8573.01929292929,11422.2071717172,2227.98626262626,589.894067189229,334.201778401715,286.851584297771,415.343094758582,78.5768465139752,151.445651484403,92.590600456684,106.874726534,47.2015493667979,19.4477581163101,6.33660586742764,10.6579915671697,5.31479963730288,5.7676423711762,4.11035332859694,3.015824953243,4.9329436849571,3.02807205328071,3.82239507952838,-0.940205733223981,1.96481953781694,0.104298240080438,0.885405635589657,-0.937413195123277,-0.539615418873907,0.707794499986232,-0.287825724916084,222,1009,128,-127,962,161,203,990,126,148.722222222222,1040.73333333333,95.3222222222222,-187.655555555556,962.411111111111,138.533333333333,175.022222222222,994.477777777778,130.622222222222,0.655156704506618,0.655156704506618,0.655156704506618,0.655156704506618,0.655156704506618,0.655156704506618,0.655156704506618,0.655156704506618,0.655156704506618,4130,2058,2088,2808,490,766,445,638,252,505.705134986769,460.119527493382,439.982600301909,591.15,390.694285714286,556.971428571429,389351.693770551,186752.306111978,13539.9180121021,709761.552857143,508071.342857143,455862.248571429,0.590876781668759,395495.880738551,0.717941206501198,123531.699132565,1.88734519987517,87060.6543815632,1.05311508515609,198957.765822206,1.04247154509059,7085.30634003435,0.508066182141876,26051.0763946729,0.205964128919185,10084.7999691551,0.738494031350972,13425.6753934922,0,2143.5754119888,2
2164328,202,970,89,-163,944,70,126,971,29,282,1029,178,-72,1000,181,223,1028,126,242,1000,128,-109,972,131,165,1000,87,243.8,1003.55,130.58,-106.98,975.72,132.77,165.8,998.82,84.85,242.420058183446,1003.41413558209,128.018526277825,-104.018220105682,975.637722441517,128.039337389277,163.148718073285,998.681495046579,80.2656176043971,244.485582396999,1003.61807974946,131.796661566217,108.397878208017,975.761005574623,135.03173701023,167.234924582158,998.889183042844,86.7355175231001,338.141414141414,138.027777777778,322.448080808081,308.464242424242,80.829898989899,611.815252525253,482.70707070707,139.603636363636,326.795454545455,18.3886218662904,11.7485223657181,17.956839388046,17.5631501281587,8.9905449773581,24.7348994848423,21.9705955929071,11.8153982735935,18.0774847405676,2.3598177765468,3.44756269341904,2.7365461176476,3.55568001623054,3.65967285366887,2.20201904498557,3.58621007325756,3.15642356527311,2.9407689550455,0.0369742041783202,0.217430926763929,-0.0960257497540173,-0.157540704889037,-0.327311500186005,0.0637276782529686,0.898399893403594,-0.0568700727848709,-0.225132085940277,222,1000,128,-118,981,111,155,1000,77,243.666666666667,1003.44444444444,130.588888888889,-106.711111111111,975.777777777778,132.555555555556,164.855555555556,998.944444444444,85.0444444444445,0.503258334775646,0.503258334775646,0.503258334775646,0.503258334775646,0.503258334775646,0.503258334775646,0.503258334775646,0.503258334775646,0.503258334775646,80,59,89,91,56,111,97,57,97,446.263450598684,424.702860188391,435.618014936919,590.541428571429,429.218571428571,535.487142857143,516.321139599359,756.800862098199,535.327364972943,464739.775714285,420897.09,442830.072857143,0,262.466611123965,0,119.680149271513,0,231.547577898954,0,304.422884060867,0,73.1965754053774,0,512.596930086987,0,551.248149802408,0,134.401381524067,0,268.408740898488,1
2165890,252,970,99,-136,962,80,67,980,77,313,1019,148,-63,1000,161,165,1028,165,272,1000,118,-109,981,131,126,1000,126,274.72,996.14,121.29,-104.52,978.16,127.68,122.11,1002.22,124.84,274.179601660934,996.050793073512,120.008479400162,-103.19832718357,978.101840571162,126.099082315463,119.048629158064,1002.14832478165,121.128688897586,274.991090764774,996.184500983628,121.921819212149,105.107659092951,978.189081926393,128.413317066416,123.502591065937,1002.25585555785,126.562395678969,150.526868686869,89.5559595959595,155.218080808081,124.433939393939,57.4690909090909,189.694545454545,345.492828282828,72.5975757575757,437.388282828283,12.2689391834367,9.46340105860253,12.4586548554842,11.1549961628832,7.58083708498547,13.7729642943901,18.5874373780473,8.52042110212727,20.9138299416506,3.00977960662606,2.87462223903923,2.4691918776938,4.65291012750079,2.98143756133419,3.9117800901655,2.49020870045093,3.49222662788873,2.48098782943444,0.170945928054584,-0.223472590980863,0.0369558709453891,0.616793473823931,0.0270458375752322,-0.29867583926189,-0.30989952093347,0.0823133803410204,-0.129337617287849,272,1000,118,-109,981,131,126,1000,116,274.666666666667,996.211111111111,121.155555555556,-104.977777777778,978.288888888889,127.777777777778,122.455555555556,1002.08888888889,125.044444444444,0.503258334775646,0.503258334775646,0.503258334775646,0.503258334775646,0.503258334775646,0.503258334775646,0.503258334775646,0.503258334775646,0.503258334775646,61,49,49,73,38,81,98,48,88,445.959858674998,425.201602042732,436.15806159171,596.635714285714,429.137142857143,535.358571428571,184.836658791689,206.293389401024,624.48910337104,464086.538571428,421882.062857143,443909.027142857,0,111.914164343207,0,64.5404004550954,0,125.428543008545,0,109.568492683929,0,51.0710361525894,0,154.957325720085,0,258.773579041978,0,65.533930137621,0,333.008957145564,1
2167453,262,970,89,-127,962,101,87,980,106,313,1019,148,-81,990,161,126,1028,184,292,990,118,-100,981,131,106,1000,135,293.41,991.52,116.51,-103.73,977.57,132.9,104.43,1003.63,136.18,293.063450464667,991.418705638998,115.347031308189,-103.065273098061,977.504383644464,131.500583263016,103.854730200122,1003.55181426738,134.950665797192,293.582271263099,991.570612715,117.078905017087,104.054841309763,977.602746518237,133.588173129211,104.713370683977,1003.66901416752,136.808333079531,102.143333333333,101.383434343435,134.232222222222,68.1788888888889,64.6718181818182,185.242424242425,59.8637373737373,79.1041414141415,173.260202020202,10.1065985046074,10.0689341215163,11.5858630331202,8.257050859047,8.04187902059078,13.6103792835624,7.7371659781691,8.89405090013215,13.1628341180842,3.22589864743256,2.77796888454682,2.96778935032988,3.05386077049738,2.45677727737769,2.69896571474787,3.04133886031786,3.54238574409304,4.31534456301552,-0.082152484558176,-0.0469168368654406,0.0045275027699381,0.104732503282906,-0.216002046494357,0.0393872176722455,-0.0308200036980473,-0.204019941256916,0.528486108810267,292,990,118,-109,981,141,106,1000,135,293.511111111111,991.633333333333,116.511111111111,-103.7,977.744444444444,132.777777777778,104.644444444444,1003.76666666667,135.833333333333,0.503258334775646,0.503258334775646,0.503258334775646,0.503258334775646,0.503258334775646,0.503258334775646,0.503258334775646,0.503258334775646,0.503258334775646,51,49,59,46,28,60,39,48,78,446.007660562409,425.197566323447,436.41938387307,600.617142857143,431.46,533.245714285714,138.712486009637,193.840202179734,178.004158832055,464190.128571429,421877.288571429,444442.671428572,0,85.9612392142426,0,81.5800305895168,0,85.5454802159218,0,62.781275332232,0,55.2883459810265,0,135.204563784701,0,51.6614990266986,0,66.0750778603954,0,121.666742865225,1
2169015,282,960,89,-118,953,101,87,980,106,323,1009,148,-72,990,171,135,1019,184,303,990,118,-100,981,141,116,1000,135,305.52,987.49,118.86,-98.36,976.3,138.2,112.54,1002.79,137.48,305.259009017279,987.394153996311,117.821617592587,-97.3687050973086,976.23042022252,136.415746009403,111.794286668244,1002.72879844092,136.220746322532,305.648981676694,987.537751177139,119.375123036586,98.84300683407,976.334604528591,139.066171299853,112.906952841709,1002.82052731284,138.127911734016,79.6258585858587,95.2625252525254,123.96,96.2125252525253,68.2525252525253,242.585858585859,83.5640404040404,61.8443434343435,180.373333333333,8.92333225795491,9.7602523150032,11.1337325277734,9.80879835925509,8.26150865475098,15.5751680114809,9.14133690463492,7.8641174606146,13.4303139700207,2.78540703166007,2.90425687823501,2.75172633300736,2.53958993199119,3.51376982336285,2.38393014472696,3.46788429826429,3.47591627823218,4.08196239618328,-0.343100292852621,-0.344417528516436,0.107323780004741,0.0724359431340042,-0.61260426952525,-0.0754219208722717,0.0334670465697026,-0.286987750882097,0.581449575020911,303,990,118,-100,981,141,116,1000,135,305.522222222222,987.888888888889,118.9,-98.3333333333333,976.633333333333,138.222222222222,112.577777777778,1002.82222222222,137.055555555556,0.503258334775646,0.503258334775646,0.503258334775646,0.503258334775646,0.503258334775646,0.503258334775646,0.503258334775646,0.503258334775646,0.503258334775646,41,49,59,46,37,70,48,39,78,445.965679158174,424.757124533987,436.516028393677,605.087142857143,435.488571428571,536.918571428571,126.622638295255,257.550845835376,182.213321573884,464101.084285714,421002.257142857,444632.704285714,0,56.1850361985413,0,76.9420787983875,0,83.1036002311105,0,82.1718203543589,0,54.4063472037241,0,205.072785364247,0,72.7064558105168,0,43.198843841763,0,154.487538988522,1
2170578,181,960,99,-218,916,121,106,933,58,323,1019,237,-63,1009,282,262,1028,165,292,990,138,-100,972,161,135,1000,116,277.68,993.62,143.43,-111.34,971.9,164.42,151.01,998.78,114.57,272.138627993724,993.474987249706,138.955708157818,-105.223273468942,971.63080968364,159.562495651482,142.775753088268,998.460678200818,110.305176667051,279.920845954709,993.692095168317,146.198392604023,115.272459850564,972.031594136734,167.571357934463,156.251559992213,998.935653583353,116.48944158163,1262.11878787879,144.722828282828,809.904141414142,900.145858585859,258.393939393939,1056.79151515152,1626.79787878788,314.092525252525,447.984949494949,35.5263112056232,12.030080144489,28.4588148279956,30.0024308779448,16.0746365244736,32.5083299348262,40.3335825186392,17.7226557054107,21.1656549507675,3.82089634263861,3.56254071985198,4.86460360505883,5.57656362572421,5.22184535992425,6.61554069937795,3.66832145892249,5.68887866544212,2.723376666402,-1.32434179444608,-0.439009299111997,1.53583748238308,-1.60974817364585,-1.30924928438772,1.91912248880752,1.33210306542046,-1.36659490545734,-0.138234024510747,292,990,128,-100,981,151,126,1009,116,280.633333333333,994.077777777778,140.744444444444,-108.533333333333,973.166666666667,160.744444444444,147.9,1000.08888888889,114.955555555556,0.503258334775646,0.503258334775646,0.503258334775646,0.503258334775646,0.503258334775646,0.503258334775646,0.503258334775646,0.503258334775646,0.503258334775646,142,59,138,155,93,161,156,95,107,446.83532852925,425.58579909624,436.147542371173,606.312857142857,439.277142857143,541.868571428571,1916.40051147625,1936.65260614199,1903.35659956969,465922.984285714,422662.851428571,443938.62,0,1134.30247965409,0,114.222701187747,0,696.046508298831,0,901.6923713167,0,264.663855543227,0,1038.42609403278,0,1454.73217312778,0,332.481155400198,0,359.953560301224,1
2172140,-727,254,-1366,-854,768,-949,9,647,-213,1969,1872,891,772,1166,717,417,1323,242,151,1029,158,-176.5,962,202,203,990,67,184.37,1013.76,159.93,-158.34,970.15,158.16,192.14,995.14,56.47,0,965.801531053406,146.356706487973,-175.875840224087,965.402724773253,0,135.860919925959,986.667776221597,0,389.697587880654,1027.60016543401,336.55625087049,266.013082385059,972.500133676083,298.376339544542,206.516827401546,999.133434532145,88.1694391498551,119062.538484848,28538.1438383838,88578.287979798,46152.9337373737,4611.60353535353,64660.458989899,5789.31353535353,8044.44484848485,4631.30212121212,345.054399312411,168.932364685941,297.621047608865,214.832338667561,67.9087883513874,254.284209084833,76.0875386338232,89.6908292328979,68.0536708871176,15.9809916411814,14.5216090369816,13.3702002930847,7.41798859103276,4.33069965213674,9.37914290614559,3.63758197075605,6.61797615612466,6.7706658066165,2.8457728168905,-0.095864917262639,-2.28582785429142,0.783116240373728,0.116525832950207,-1.96560066917106,0.276012600229066,-0.0732666563533855,-0.903337372944843,151,1039,138,-172,962,222,223,990,87,153.122222222222,1015.23333333333,182.977777777778,-163.122222222222,970.188888888889,178.533333333333,189.6,994.977777777778,58.2111111111111,0.601435386429077,0.601435386429077,0.601435386429077,0.601435386429077,0.601435386429077,0.601435386429077,0.601435386429077,0.601435386429077,0.601435386429077,2696,1618,2257,1626,398,1666,408,676,455,478.426480118056,448.483153225727,437.556581448872,582.025714285714,415.701428571429,533.035714285714,183225.864474943,90290.0631134063,10422.5677936761,566184.179999999,473806.247142857,449438.858571429,0.316533986712966,113297.15894227,1.77018830400149,23448.3631537428,0.332979723737531,95568.0788268476,1.80035049543496,52488.2776380648,0.439841431468515,4772.03394866646,0.374229426971737,77004.229729008,0.204573677657708,6730.1380856509,1.57371482015737,9519.25585694866,0.819451876296938,5300.40973268894,1
2173703,-10,549,-257,-690,861,-333,9,838,-242,505,1245,287,509,1175,444,330,1238,252,212,1029,128,-200,957.5,202,203,980,48,227.03,1010.05,99.27,-157.84,965.92,155.77,199.45,993.79,51.95,272.79167815735,996.471139818498,134.749635632865,0,962.411535955757,0,146.189559541655,987.302461307931,0,238.59075841281,1015.361014615,136.902994854021,246.27777000777,967.734271378254,241.018899673864,208.605153339988,997.179527467346,87.3858684227604,5437.30212121212,10865.6439393939,8977.67383838384,36100.2771717172,3543.6096969697,34167.492020202,3773.54292929293,6816.61202020202,4987.36111111111,73.7380642627139,104.238399543517,94.750587535824,190.000729397856,59.5282260526021,184.844507682003,61.4291700195675,82.56277623846,70.6212511296077,5.90545379704798,7.17360459530649,5.82477503333363,5.16650259833947,3.48421179537708,2.72158158105217,3.34844922001958,3.42719430911146,6.43429875067007,0.972832423855867,-1.66868393544938,-1.5752344776164,1.00779008291305,0.689458017063119,-0.691455003864619,-0.682504377457473,0.715549539967448,-0.127266660086163,212,1088,138,-290,925,252,262,952,29,222.888888888889,1018.72222222222,107.444444444444,-168.622222222222,963.522222222222,164.655555555556,202.355555555556,989.666666666667,51.8,0.60425113944325,0.60425113944325,0.60425113944325,0.60425113944325,0.60425113944325,0.60425113944325,0.60425113944325,0.60425113944325,0.60425113944325,515,696,544,1199,314,777,321,400,494,449.372565478208,439.389728476629,436.853397435495,572.721428571429,413.078571428571,533.652857142857,16405.1502751429,58164.9879066969,7341.80332840802,474268.272857143,452251.058571428,448079.747142858,1.51136062377697,5754.7063772795,0.849133355918416,12895.625486872,1.20464983463794,10263.3201101798,1.30912955548005,43355.9476331607,0.25489631034207,4186.75944865229,0.157339294193136,40653.4844883392,0.773446743761998,4349.50001894906,0.370833554469394,7905.71067532716,2.3374177217264,4386.65277941666,2
2175265,-353,411,-1118,-1009,814,-535,-19,857,-19,3212,2656,633,400,1250,565,310,1266,291,212,1029,123,-218,953,222,174,990,77,222.64,1007.25,112.65,-182.62,960.04,164.93,163.28,1000.75,79.01,245.819832072244,962.55161303681,138.707936480533,-332.964277176871,954.649323837417,0,173.511070515706,995.061447491298,0,399.447568524331,1031.8846883252,218.672975010631,278.133061680916,963.013707067558,245.000755100877,174.498825210945,1003.74194392782,99.4588859780764,111100.798383838,50740.8560606061,35482.6742424243,44452.4602020202,5776.36202020202,33155.0152525252,3827.75919191919,6057.90656565657,3686.35343434343,333.317863883468,225.257310781706,188.368453416235,210.837520859121,76.0023816745372,182.085186801467,61.8688871074888,77.8325546648481,60.7153476012732,66.3467899339529,30.7932818015038,21.6456821609529,6.67384022961267,7.03834894628408,5.94687060573292,3.63753937005038,4.03287698751889,4.95201886012075,7.15100630650572,3.40176010085594,-2.74104360616302,-0.41019981239723,1.59380273957199,-1.41972215827879,-0.780914863710768,0.860460104343041,1.07854996755099,212,1049,108,-236,953,232,203,990,77,205.744444444444,1002.56666666667,119.666666666667,-180.088888888889,953.677777777778,178.877777777778,165.511111111111,996.755555555556,74.6111111111111,0.590029154804862,0.590029154804862,0.590029154804862,0.590029154804862,0.590029154804862,0.590029154804862,0.590029154804862,0.590029154804862,0.590029154804862,3565,2245,1751,1409,436,1100,329,409,310,459.55089879993,439.456747384968,437.426355760975,575.374285714286,403.864285714286,532.731428571429,158741.759725104,56857.2019485805,6416.01525441045,545212.388571429,456333.758571429,449074.2,3.54788361381393,91258.2756564581,2.38555733928994,40050.9490049555,2.54931858155037,36013.6362102112,2.87012011223396,45117.4428490694,0.812179777251891,6249.36531350477,0.610560138799359,38744.4811297634,0.468253642483425,4356.26580612498,0.490728971093298,7084.77521404535,0,3983.41527926616,2
2176828,-1262,156,-950,-1000,731,-434,-135,695,-58,2848,2156,801,790,1203,818,436,1495,398,186,1039,178,-190,957.5,202,145,995,126,215.03,1057.45,194.76,-162.71,957.37,205.82,147.89,999.99,121.08,364.727122527064,884.245370476047,224.345596739427,-377.225605037745,948.806118584649,1085.46746766101,111.629539292384,990.307720800317,0,606.583819434709,1111.75246795319,342.445878935636,386.180126365923,961.647622572842,289.570440480378,174.343253382515,1005.07683785868,134.720822444045,324955.584949495,118982.876262626,80139.1135353535,123899.541313131,8291.75060606061,41908.2501010101,8610.2201010101,10302.4746464646,3524.5793939394,570.048756642355,344.938945702897,283.088525969092,351.993666580993,91.0590501051961,204.715046103138,92.7912716854883,101.501106626798,59.3681681875009,11.9536576234483,4.27704663389726,7.52108738529125,3.60705393375694,3.18632854136017,3.90672895091454,3.65260982869658,7.86345735326669,7.61167320083085,2.00148387459483,0.124098276621619,-1.3849351849437,0.444439965648535,0.217629174436476,-0.183649520090841,0.224334254208039,1.04514378409487,0.568315371405459,202,1029,168,-81,972,161,165,942,126,172.366666666667,1054.3,216.5,-170.477777777778,956.6,208.933333333333,146.322222222222,996.966666666667,120.744444444444,0.578389293411278,0.578389293411278,0.578389293411278,0.578389293411278,0.578389293411278,0.578389293411278,0.578389293411278,0.578389293411278,0.578389293411278,4110,2000,1751,1790,472,1252,571,800,456,530.466763887713,456.812592990525,439.004082182741,628.817142857143,428.777142857143,543.84,415645.233503182,143413.468875966,12864.7699718648,737659.997142857,496179.548571429,453739.165714286,0.660835092353111,332401.198187653,0.18376772824407,130562.036083196,0.303253316283012,81350.5164269814,0.631451208398661,147079.500201338,0.653858632601594,9423.22944163499,0.561048420801889,48406.5098903179,0.290521475231488,10043.2767215761,1.11993831163141,12005.1943518841,0,3803.03833614602,2
2178390,-1101,127,-1306,-1418,685,-464,-252,695,-38,4525,2833,702,1363,1259,737,466,1580,427,181,1049,168,-209,981,196.5,165,975.5,126,275.98,1106.96,136.79,-197.97,979.78,219.3,166.79,992.64,122.44,175.179406566707,884.946834920306,325.912733264567,-352.176324316558,969.373677711426,228.052801581317,0,977.288006019815,102.872584247917,715.814291558921,1176.18244333097,369.481325644477,514.472885582904,984.851369496941,304.654066114339,198.949767529394,1001.49125807468,145.659328571843,440631.454141414,159641.109494949,118994.894848485,227767.908181818,10064.0117171717,45173.3434343434,11880.9150505051,17828.858989899,6287.96606060607,663.800763890351,399.551135018973,344.956366586391,477.250362159966,100.319548031138,212.540216040032,108.999610322721,133.524750476827,79.296696404113,20.3609913644785,6.75062208995855,9.7346715178502,4.02803555897701,3.1548838958169,4.53222736181019,5.19125122539179,7.75416542246992,7.13408632988928,3.39637531409706,0.898165786595726,-2.35162073285374,0.0543359992964209,0.0101265628940568,-0.203182094957322,0.0316215644784738,1.66515898947719,1.29249801642678,212,1019,158,-190,907,181,67,971,135,208.222222222222,1096.67777777778,174.222222222222,-198.544444444444,979.844444444444,223.344444444444,165.244444444444,981.522222222222,116.933333333333,0.563501293080891,0.563501293080891,0.563501293080891,0.563501293080891,0.563501293080891,0.563501293080891,0.563501293080891,0.563501293080891,0.563501293080891,5626,2706,2008,2781,574,1201,718,885,465,557.409665834921,484.287621159119,438.367568577022,651.312857142857,429.047142857143,549.372857142857,537480.088794987,250206.505069301,25022.4590093883,870990.724285715,568898.001428571,455906.738571428,0.466154745551223,417875.158675605,0.431960911705406,168524.292277798,0.548037315258957,126260.087099187,0.999358444577107,263376.466978926,0.856909277485672,10627.9277607768,0.495807152280797,50817.0079286302,0.780343959123542,13624.4529263029,1.26804571579235,20781.5824045368,0.830108231178423,6950.26622101301,1
2179953,-1121,88,-1712,-1481,638,-454,-106,695,-155,4737,3264,960,1263,1333,585,514,1695,475,181,1039,178,-218,948.5,186,145,971,126,304.65,1059.04,144.44,-153.11,968.29,155.41,151.02,996.07,121.5,0,655.1113562151,215.852784146388,-768.082309042677,952.868814361331,0,0,976.561847438973,0,873.453576327901,1162.2552645611,470.292611041254,496.596002803083,976.151899040308,247.59044811947,181.542336660075,1007.95361500418,141.187747343741,676878.31060606,231587.452929293,202335.582222222,225419.108989899,15441.4201010101,37524.0019191919,10253.1107070707,24055.6011111111,5223.9696969697,822.726145570967,481.235340482485,449.817276482598,474.783223155472,124.26351073831,193.711130085991,101.25764517838,155.0986818484,72.2770343675617,11.890086624442,6.9804321350104,7.09491516423321,4.22759464971162,3.57412484001154,4.12676143327452,5.63526753849184,9.14602418514566,11.2003376360908,2.36786053417966,0.899199450785263,-1.81713086219955,0.291657801003356,0.505277562286491,-0.526604089786464,0.922459958023147,2.02009045187161,0.942633694023997,171,1039,148,-263,935,212,106,961,116,233.222222222222,1040.58888888889,185.355555555556,-160.233333333333,965.455555555556,160,145.577777777778,980.233333333333,119.377777777778,0.60425113944325,0.60425113944325,0.60425113944325,0.60425113944325,0.60425113944325,0.60425113944325,0.60425113944325,0.60425113944325,0.60425113944325,5858,3176,2672,2744,695,1039,620,1000,630,581.253738386414,472.655899275568,438.028704536729,646.341428571429,415.967142857143,543.681428571429,923195.472138495,242441.580431772,29803.2366682065,1000685.82428571,540334.778571429,458083.752857143,0.23421665739921,701803.813267882,0.474777751565943,233586.430582122,0.478932662299067,220176.932344068,1.23757344778013,259812.429472487,0.83391899084768,16815.0077404156,0.401794824789253,41488.3018987654,1.00000681059226,11777.4888880636,1.04266440879886,26815.5226980621,1.29653424943208,5202.41313385427,1
2181515,-1333,49,-1762,-1236,712,-424,-126,733,-77,3292,2735,821,854,1296,949,427,1580,427,166,1073,183,-200,962,171,145,990,140,276.11,1118.3,129.74,-131.86,976.54,192.04,142.97,1013.89,139.66,177.144039826622,675.213610617465,0,2324.44453967588,963.03483084069,0,0,999.23621976959,103.628168732845,772.811264151863,1211.81780808833,460.037389784787,490.384481809937,983.354951174803,322.323564140135,169.913242568082,1022.13734400031,155.587145998633,526263.149393939,220108.595959596,196769.628686869,225343.313535354,13491.5034343434,67690.0185858586,8515.24151515152,16961.4322222222,4749.94383838384,725.439969531552,469.157325382004,443.58722782207,474.703395327391,116.152931234401,260.173055072693,92.2780662733649,130.236063447197,68.9198363200598,8.42291531294197,4.08350822032881,9.82103567066887,2.73337741797088,3.03922775716762,3.16926607105059,4.36992247354508,6.83023192639098,8.07224047947705,1.65514019740486,0.182998791977287,-2.39295214563105,0.0892736349797647,0.344127104444853,0.351826631685732,0.16975068943793,1.43554361393501,1.14116557817852,161,1009,148,-200,898,161,165,904,165,227.233333333333,1113.3,179.588888888889,-130.244444444444,974.933333333333,188.011111111111,141.811111111111,1004.67777777778,136.233333333333,0.60425113944325,0.60425113944325,0.60425113944325,0.60425113944325,0.60425113944325,0.60425113944325,0.60425113944325,0.60425113944325,0.60425113944325,4625,2686,2583,2090,584,1373,553,847,504,590.602632184697,481.702192564866,445.598122037115,653.207142857143,444.308571428571,555.651428571429,727903.833517782,259934.531223278,23828.5712393684,976017.449999999,562009.877142857,470503.98,0.308443475300336,591620.007807059,0.208296395600234,255954.146106897,0.356967612585545,220484.916690039,0.433744373916282,267220.672310587,0.416247659034685,14367.4725052398,0.554399151011618,79591.9765043404,0.69246096606039,9930.02045305332,1.03417994217987,19492.3461560748,1.28725963613222,5169.62190316606,1
2183078,-1383,-49,-1881,-1109,648,-282,0,780,-67,2787,2186,673,727,1268,959,368,1466,310,171,1039,198,-209,957.5,191,155,971,121,177.05,1081.78,182.97,-169.55,982.97,184.02,153.11,993.85,121.95,303.022277165105,807.696570879207,220.943587453161,-276.038069196351,970.667914242352,671.95890592648,0,983.028854679489,0,572.786391248954,1166.08961062176,382.281610857755,405.979469924281,989.024524468428,290.089848150534,164.998515144834,999.811297195626,136.357581380721,299734.896464646,191431.324848485,113799.201111111,137446.593434343,12060.09,50796.7268686869,3820.03828282828,12004.8560606061,3759.17929292929,547.480498707165,437.528656031219,337.341371775107,370.737903962278,109.818441074348,225.381292188786,61.8064582614817,109.56667404191,61.312146373531,10.3664985707091,3.625435484087,20.3097505655164,3.27621816489874,3.52452658558834,3.8207377320935,4.60526790741993,5.80777894269401,4.03579955633786,1.63388523909737,-0.255875015105409,-3.7397664106958,0.011063654326617,0.201702799459315,0.561462373524845,0.224158152416617,1.26213476438155,0.205594370592183,171,1039,198,-336,925,262,174,961,145,141.188888888889,1088.41111111111,230.8,-169.188888888889,981.855555555556,176.4,152.266666666667,986.855555555556,120.755555555556,0.592902378512491,0.592902378512491,0.592902378512491,0.592902378512491,0.592902378512491,0.592902378512491,0.592902378512491,0.592902378512491,0.592902378512491,4170,2235,2554,1836,620,1241,368,686,377,541.66987114432,467.731261050981,435.722085796987,617.914285714286,427.474285714286,543.818571428571,448769.604107195,171434.772641506,13830.371163867,785995.054285714,525917.554285714,448045.941428572,0.337007306736673,340869.809036624,0.0537973097363533,224790.832939082,0.298584512567778,119935.751201372,0.265748770088062,163794.204592153,0.685755003166074,12924.5244932484,0.389163731761233,59937.8758927323,0.657287218959654,4276.98111672397,0.464173801694925,13919.4938061347,0,4031.7592664601,1
2184640,-1121,137,-1930,-1145,666,-434,-116,780,-165,3101,2666,762,563,1361,1090,310,1638,427,202,1029,207,-163,953,151,126,971,106,296.36,1113.19,93,-144.16,961.55,164.16,117.55,1004.53,112.03,0,896.009898021374,0,-472.718716671922,946.609771379241,0,0,990.532265780373,0,707.152274973361,1178.42076950468,443.768746082912,365.275621962375,968.900041283929,272.956260232294,141.791995542767,1013.22308994614,136.528495194227,416399.081212121,150993.468585859,190183.535353535,113781.994343434,14332.2095959596,48036.9842424242,6350.47222222222,17717.685959596,6150.81727272727,645.289920277794,388.578780411204,436.100373026136,337.315867316428,119.717206766444,219.173411349151,79.6898501832085,133.107798267404,78.4271462742798,8.78846386390371,6.11656870750716,11.4461362155934,3.58235247326368,3.8167119203284,6.82434484946348,3.77073922767831,10.0922855387436,8.08107902749339,2.05716361380541,0.800490849893527,-2.89881329361276,-0.476684232691825,0.235429744205667,1.12394678948031,-0.417302211517991,2.29447840113855,0.974986035550173,202,1000,207,-200,944,202,126,942,67,232.311111111111,1101.31111111111,155.377777777778,-133.311111111111,960.722222222222,151.1,119.055555555556,989.944444444444,107.977777777778,0.62085166808952,0.62085166808952,0.62085166808952,0.62085166808952,0.62085166808952,0.62085166808952,0.62085166808952,0.62085166808952,0.62085166808952,4222,2529,2692,1708,695,1524,426,858,592,561.909233159595,452.31356684734,438.841445918602,643.95,420.664285714286,528.904285714286,596970.237867743,143722.836629579,20166.8126442788,893858.807142857,491442.295714286,456585.441428571,0.31683206509631,476284.976911828,0.169140599482084,170607.748434526,0.328608500602053,200185.683915962,0.717882807175789,135209.250472543,0.71709565442663,16286.93152284,1.08504399474447,56820.1204545913,0.473136598910943,7379.29695201534,0.781770859332805,21064.7441933354,0.988809107202633,6128.34296039746,1
2186203,-1222,186,-1495,-1118,666,-202,-126,828,-165,2404,2225,633,754,1324,969,388,1438,398,191,1044,207,-154,962,191,130.5,990,97,190.79,1059.46,150.21,-154.41,977.05,167.49,124.67,1004.47,108.7,216.964583699902,835.341475568353,213.187401428212,0,968.347894026157,-355.443100241698,118.165368202868,995.397347030202,0,460.019771314234,1125.4229693764,374.363419687341,367.9940624521,981.468680091219,257.089303550342,149.750492486669,1009.51670119914,138.429187673698,176987.238282828,145577.13979798,118772.652424242,112704.224141414,8741.48232323232,38426.2726262626,6952.12232323233,10266.6556565657,7421.16161616161,420.698512337313,381.545724386973,344.634084826563,335.71449796131,93.4958946865172,196.026203927594,83.379387879933,101.32450669293,86.1461642568119,11.6416955920291,3.8419310359896,14.0458606117053,3.67426242989543,4.97206769356723,5.55527002560836,4.47098976368517,7.04830909135051,5.12666184605297,1.35695922727963,-0.0503943993781986,-3.32646710810776,-0.0933381747558334,0.556387676931329,0.801992540846601,-0.112262071798059,1.48427807004515,0.27556782657349,191,1000,188,-127,962,202,155,971,58,173.377777777778,1059.05555555556,203.544444444444,-150.255555555556,973.622222222222,158.944444444444,124.377777777778,996.544444444444,107.722222222222,0.615373590438883,0.615373590438883,0.615373590438883,0.615373590438883,0.615373590438883,0.615373590438883,0.615373590438883,0.615373590438883,0.615373590438883,3626,2039,2128,1872,658,1171,514,610,563,513.665478947747,457.363852314282,439.374048840583,600.197142857143,424.341428571429,530.502857142857,312154.495210742,136684.453932581,12962.3291470411,693575.58,499197.99,454590.779999999,0.407836313455215,193843.104021997,0.087229790370544,173600.213405036,0.229348943760542,131367.598444228,0.208428690941473,133721.613493968,0.495399637032505,9942.29359894424,0.637159700034017,44991.5365841306,0.289365660079946,8138.54013123512,0.438997042084446,11886.3336260084,0.701643738532725,8452.56748287712,1
2187765,-1212,107,-2178,-963,712,-343,-29,828,-252,2454,2078,1128,490,1277,888,407,1495,330,202,1019,198,-136,953,171,165,980,67,261.65,1081.31,79.34,-147.53,963.71,153.22,165.27,1002.09,73.88,0,883.566853009373,245.2830394646,0,952.537384882887,0,0,990.886634149502,0,554.173249083714,1128.17507063399,481.255628538514,336.235438346406,969.270638160468,238.18173733517,192.752198431043,1008.64882392238,99.3777641125016,241057.845959596,104593.61,227588.024646465,92211.281919192,10857.1776767677,33590.0723232323,9938.62333333334,13321.2948484848,4462.30868686869,490.976420981289,323.409353606231,477.061866686559,303.663105956571,104.19778153477,183.275945839143,99.6926443291246,115.417913897648,66.8005141212902,8.45196403500374,4.96632619610855,9.50385205951069,3.54380980558808,3.58897806026584,5.63831956838652,2.27117029574516,8.09136337495013,9.26160641764526,1.11034934614087,0.0920404197254555,-2.32397939101521,-0.344603288422154,0.246902234700766,0.328329448581416,0.00918387986041297,1.88060355296164,-0.33456407869288,161,1000,188,-254,953,181,145,961,58,245.488888888889,1081.91111111111,132.822222222222,-141.277777777778,962.122222222222,151.511111111111,164.244444444444,990.188888888889,72.9,0.618119489100038,0.618119489100038,0.618119489100038,0.618119489100038,0.618119489100038,0.618119489100038,0.618119489100038,0.618119489100038,0.618119489100038,3666,1971,3306,1453,565,1231,436,667,582,544.010520312174,446.340153764489,439.308422928157,609.557142857143,415.457142857143,531.96,408649.330435857,100399.743211999,16923.3526237721,776354.554285714,475401.591428572,456172.200000001,0.384699118165173,260199.420087711,0.251184201586415,121606.524440356,0.350497056523571,262550.304698588,1.10812349815085,106791.106177757,0.615150869158798,11881.4038671098,0.542202644167024,39134.610807396,0.220439907208933,11570.2649084636,1.02139118864882,15613.4163876656,0.485416306928681,4759.37238815928,1
2189328,-1262,627,-1188,-1281,435,-323,-233,800,-184,929,2294,1118,445,1324,626,446,1419,184,242,1009,0,-313.5,883.5,242,179,937.5,-43,216.52,1017.77,103.67,-329.2,869.89,242.3,183.67,965.46,-19.82,319.036396919763,992.521517975109,0,0,836.204118549424,0,0,953.252296578716,0,370.64608456046,1035.31518389329,333.772482388827,437.010457540778,884.943212867357,286.696529452311,222.835926187857,972.462832194629,109.518400280501,91411.7268686869,36385.6132323233,101673.334444445,83439.898989899,26682.7049494949,23722.8383838384,16082.0011111111,13708.0286868687,11718.6339393939,302.343723051574,190.750132981142,318.862563566883,288.859652755277,163.348415815688,154.022200944664,126.814830012547,117.081290934413,108.25263941075,11.772655432139,24.4899085676549,7.98163110974992,3.24909640554872,3.38401600409764,5.34854696969645,4.59801634323521,6.48612591338609,1.74669800648843,-2.34297409783336,3.67679562486603,0.191633162408081,-0.0297653796498467,-0.0583830833795158,-0.818828295066068,-0.730082688889789,1.56689288763331,0.27095428171564,242,1009,-49,-727,824,141,223,895,-155,244.5,1001.6,93.5444444444445,-332.833333333333,871.022222222222,249.155555555556,190.811111111111,955.111111111111,-21.9111111111111,0.807736949392036,0.807736949392036,0.807736949392036,0.807736949392036,0.807736949392036,0.807736949392036,0.807736949392036,0.807736949392036,0.807736949392036,2191,1667,2306,1726,889,949,679,619,368,482.837821259747,437.116939503304,427.130969631986,573.411428571429,335.567142857143,483.99,137732.038112596,99925.3936042749,20815.881068094,565997.194285714,452698.941428571,431714.609999999,0.192716864837486,103699.122973416,1.92230020015563,43292.6199372903,0.409843144525774,103318.292487203,0.334452511730995,80995.6613265031,0.175354589245991,25206.6357371493,0.586027777966115,25397.0140525241,0.156147997404829,18184.6481784362,0.307664629589881,15400.5113718032,0.147746167062151,10453.5336245998,1
2190890,-20,960,0,-718,398,505,-300,895,194,434,1127,178,-636,527,606,-184,1323,417,80,1029,128,-681,435,565,-252,928,349,95.51,1030.51,120.38,-681.56,439.51,561.33,-252.78,951.2,348.46,0,1030.18111360608,0,-681.260479509876,438.216820602509,560.564051791192,-250.732083873349,947.576182407074,344.464480142442,112.580948654735,1030.67575405653,124.549508228656,681.706476425155,440.189334264246,561.707512857003,253.711450273731,953.383186342197,349.90741632609,3588.19181818182,345.100909090909,1031.55111111111,201.703434343435,603.646363636364,428.243535353535,476.536969696969,4200.06060606061,1021.03878787879,59.9015176617573,18.576891803822,32.1177693981246,14.2022334280012,24.5692157717002,20.6940458913557,21.829726743525,64.8078745683008,31.9536975619221,16.814840536305,11.2943211660308,4.69448207016912,5.67216205863006,3.95376107783315,2.98491939845554,3.71118318471096,16.2706228846697,12.684204880126,3.22152464649103,0.622113339447453,-1.06076730052826,0.974998556661282,1.02550214294728,-0.309883685225793,0.850707616777269,3.29509989798991,-2.32043011515622,70,1039,128,-681,425,565,-252,923,339,88.2,1030.56666666667,122.355555555556,-682.466666666667,438.077777777778,561.666666666667,-253.733333333333,941.822222222222,350.866666666667,0.77018281481828,0.77018281481828,0.77018281481828,0.77018281481828,0.77018281481828,0.77018281481828,0.77018281481828,0.77018281481828,0.77018281481828,454,167,178,82,129,101,116,428,223,447.408042605373,422.913599457899,448.057735355872,534.171428571429,136.834285714286,448.662857142857,3945.74413120067,778.393885869892,4964.94115399039,467348.382857142,417431.014285714,469604.657142857,0,3806.81576582266,0,300.445883999738,0,1022.88912156591,0,197.431469065319,0,520.807196316512,0,382.582932254011,0,461.143847161581,0,4053.65072896429,0,1087.23243767646,1
2192453,50,1009,108,-690,407,545,-281,895,339,101,1049,168,-663,444,606,-242,933,417,80,1029,138,-681,425,575,-271,914,368,76.01,1029.1,137.5,-679.38,425.95,576.84,-268.39,916.57,367.67,74.8696355856097,1029.01532917891,136.54166276842,-679.324175552175,425.809318870231,576.525095996307,-268.169330282213,916.492465298503,367.170629640436,76.5507021522337,1029.14226421812,137.974635350125,679.407874549596,426.019987794,576.996915069743,268.499106143764,916.608656952355,367.92432645858,83.3231313131313,87.8686868686869,132.070707070707,38.2581818181818,60.229797979798,182.883232323232,59.1695959595959,71.5809090909091,188.970808080808,9.12815048698976,9.37382989330865,11.4922020113948,6.18531986385359,7.76078591250899,13.5234327122677,7.69217758242722,8.46055016478888,13.7466653440319,3.02047859150394,2.7419725800095,2.80051109754359,2.82667001326688,2.52296918783411,2.90334969765688,3.53143073867161,2.71376569604345,3.58913636738404,-0.155450863635654,-0.16774429044465,0.0576894711124612,0.130301438068006,-0.245344817353492,-0.0960550948682954,0.311521714847508,-0.292806650849542,0.589059957960065,80,1029,138,-681,425,575,-271,923,368,76.1111111111111,1029.22222222222,137.444444444444,-679.4,426.2,576.888888888889,-268.711111111111,916.555555555556,367.144444444444,0.76420450650862,0.76420450650862,0.76420450650862,0.76420450650862,0.76420450650862,0.76420450650862,0.76420450650862,0.76420450650862,0.76420450650862,51,40,60,27,37,61,39,38,78,446.195913823452,423.383126976694,438.642072299104,532.547142857143,138.604285714286,435.364285714286,133.700633694684,186.232326845173,196.368720162669,464584.632857143,418291.512857143,448984.932857143,0,63.5695714626364,0,60.0287632059876,0,99.9691943781051,0,33.8996811502173,0,50.528267173592,0,128.855161303445,0,45.522133431303,0,41.5133742741836,0,142.701997395054,1
2194015,50,1009,108,-690,398,555,-281,885,349,101,1058,168,-663,444,606,-252,933,407,70,1029,138,-681,425,585,-271,914,378,72.61,1029.37,135.7,-677.76,424.8,580.21,-269.52,913.19,374.35,71.4437492754434,1029.25571086029,134.704939160751,-677.706057571913,424.644181023656,580.024116469995,-269.29330801221,913.10660367424,374.04572624166,73.1711008527274,1029.42736023481,136.18443376539,677.786913417484,424.87746468835,580.302602096527,269.632268098609,913.23162998223,374.503124152523,82.6241414141415,119.285959595959,133.040404040404,36.8509090909091,66.4848484848485,108.551414141414,61.1410101010102,76.8019191919193,115.825757575758,9.08978225339537,10.92181118661,11.5343141989632,6.07049496259647,8.15382416322847,10.4188009934644,7.8192717116756,8.7636704178055,10.7622375729101,3.14659429296046,3.24791914429784,2.85737765310267,2.94103839807677,3.40632264951761,2.52165256680678,2.71863526412089,3.38329271702629,3.2316945320651,-0.0139864343150115,0.382238216393704,-0.138289372669429,0.221363716887522,-0.248654227543361,-0.17342326027018,0.274113279273673,-0.14617913777287,0.293744044632774,70,1029,138,-681,425,585,-271,914,378,72.4444444444444,1029.11111111111,135.666666666667,-677.8,425.022222222222,580.333333333333,-269.855555555556,913.222222222222,374.133333333333,0.76420450650862,0.76420450650862,0.76420450650862,0.76420450650862,0.76420450650862,0.76420450650862,0.76420450650862,0.76420450650862,0.76420450650862,51,49,60,27,46,51,29,48,58,446.106911367889,423.52769947317,438.499304901312,530.434285714286,140.25,436.294285714286,140.725604820832,115.803879102789,120.668341438054,464408.957142857,418571.601428572,448691.211428571,0,68.9021954916268,0,92.3680468522622,0,95.5498836625183,0,25.2744788954264,0,48.3628447221296,0,80.3738167313626,0,44.5028231961806,0,57.2200351473847,0,116.488687355962,1
2195578,50,1009,118,-690,407,545,-300,895,359,90,1058,158,-663,444,606,-242,933,407,70,1029,138,-681,425,585,-271,914,378,72.3,1029.29,136.1,-677.58,423.74,580.67,-271.53,911.59,378.39,70.7169917216221,1029.20021183483,135.326492529233,-677.516035260693,423.605187868968,580.326796061768,-271.28245434687,911.518466735042,377.954317685109,73.0410843293006,1029.33484833654,136.486629381782,677.612012880527,423.807574259828,580.840571930026,271.653290059222,911.625773001181,378.609865164657,108.79797979798,93.2584848484849,106.454545454546,43.8218181818182,57.8509090909091,200.122323232323,67.6455555555555,65.8807070707071,168.119090909091,10.430627008861,9.65704327672217,10.3176812053167,6.61980499575465,7.60597850975856,14.1464597420105,8.22469182131194,8.11669311177324,12.9660746145119,2.40717168132543,3.22790646046369,2.2596314012068,2.59422305835003,3.07577850756505,2.4656593197858,4.65815458739185,2.89175543743346,2.50376432897462,-0.201606419958008,-0.0861860874349276,0.108678024707894,-0.115965916291651,0.180583275525792,-0.206892726888965,0.0102177820439492,0.0389986481955942,0.328049954086769,80,1029,128,-681,425,575,-271,914,378,72.5555555555556,1029.33333333333,136,-677.6,423.744444444444,580.8,-271.544444444444,911.655555555556,377.877777777778,0.76420450650862,0.76420450650862,0.76420450650862,0.76420450650862,0.76420450650862,0.76420450650862,0.76420450650862,0.76420450650862,0.76420450650862,40,49,40,27,37,61,58,38,48,446.087222866046,423.413078160874,438.763937117839,530.438571428571,140.07,436.478571428571,152.119522033558,207.560742056001,172.048490242644,464354.498571429,418348.572857143,449229.638571428,0,97.7266881761775,0,62.4534086439852,0,90.1423126653613,0,38.6217842464223,0,49.5111742260351,0,183.193225807862,0,49.427941481425,0,52.6136824798306,0,148.451287832436,1
2197140,50,1000,99,-700,407,535,-281,895,349,101,1049,178,-663,435,616,-242,923,417,80,1029,138,-672,425,585,-271,914,378,75.65,1029.82,136.11,-675.79,422.24,582.9,-270.12,910.34,377.59,74.0207131197149,1029.73997372892,134.859553513264,-675.728973351652,422.133999523153,582.572530302651,-269.827456670789,910.280642093285,377.121086509422,76.4333042593345,1029.8598836735,136.720773842163,675.820530910389,422.293144628231,583.063032613113,270.263501050364,910.369650197105,377.824496294245,120.330808080808,82.9773737373736,168.321111111111,41.6827272727273,45.3357575757576,192.010101010101,78.3288888888888,54.5296969696969,178.931212121212,10.9695400122707,9.10919171701714,12.9738626133897,6.45621617301708,6.73318331666067,13.8567709445636,8.85036094681391,7.38442258878086,13.3765171895083,3.20818016743805,4.39153956074805,3.4739339415332,3.92229490813817,2.68207967877625,3.57803069441005,2.94868610483266,2.42567718124904,2.89826390894143,0.0922739371740541,-0.336331148728999,0.0132016907889228,-0.0902981202967519,0.201774350144602,-0.113121401498669,0.515881505565246,-0.106602502803775,0.0800552761100887,80,1029,138,-681,425,575,-271,914,368,75.4444444444444,1029.88888888889,136.111111111111,-675.9,422.177777777778,582.944444444444,-270.633333333333,910.488888888889,377.833333333333,0.76420450650862,0.76420450650862,0.76420450650862,0.76420450650862,0.76420450650862,0.76420450650862,0.76420450650862,0.76420450650862,0.76420450650862,51,49,79,37,28,81,39,28,68,446.428262958445,423.169683815558,438.003188055129,532.105714285714,141.15,436.204285714286,170.65565999103,198.456551725122,180.545732137697,465062.571428571,417868.881428572,447671.404285714,0,99.0436884001324,0,61.5137918716335,0,134.837972423209,0,37.2152261043839,0,40.8245055449248,0,156.077187354956,0,48.4830701176731,0,40.8251776269264,0,136.30058482694,1
2198703,60,1009,108,-681,398,555,-291,895,359,101,1049,168,-663,435,626,-242,933,417,80,1029,138,-672,416,585,-271,914,388,82.57,1028.9,135.3,-673.62,419.46,590.32,-266.49,910.42,383.5,81.4570871698368,1028.82689091515,134.361032764513,-673.568486666782,419.369158837954,590.047880318544,-266.276892893098,910.364419341216,383.119686443713,83.0967508390069,1028.93644118575,135.763765416255,673.64570806916,419.505423087712,590.4561118322,266.596080241252,910.447856826518,383.690865150579,88.1465656565657,75.7474747474748,126.979797979798,34.9854545454545,38.4933333333333,162.34101010101,57.1211111111111,51.2359595959596,147.909090909091,9.38864024534787,8.70330251958846,11.2685313142307,5.9148503400724,6.20429958442799,12.7413111609838,7.55785095851401,7.15792984011157,12.1617881460372,3.01699220918632,3.02382846939045,2.95298206623892,2.27888158591342,4.01837104032643,2.98948213112808,4.15903341912281,2.94245507960993,2.93044772209747,-0.210402123837633,-0.350332306635566,0.0340086139269154,0.202909401144311,0.0524252118680491,0.0659136670582007,0.0612717122542278,0.322137671593727,0.184731398022711,80,1029,138,-672,416,585,-271,914,388,82.6888888888889,1029.22222222222,135.222222222222,-673.8,419.5,590.3,-266.488888888889,910.266666666667,383.333333333333,0.76420450650862,0.76420450650862,0.76420450650862,0.76420450650862,0.76420450650862,0.76420450650862,0.76420450650862,0.76420450650862,0.76420450650862,41,40,60,18,37,71,49,38,58,446.203593027849,423.905080155829,438.559397037291,534.33,144.068571428571,440.327142857143,130.306727471862,162.412833849938,153.359807764576,464591.601428572,419323.611428571,448803.192857142,0,62.6622185423297,0,53.4953259617667,0,102.811313681043,0,30.4477580611779,0,29.5084672424336,0,123.092217442176,0,44.6594560278868,0,47.5970487427449,0,119.571357342057,1
2200265,60,1009,118,-681,398,565,-291,885,339,101,1049,158,-654,435,616,-252,923,417,80,1029,138,-672,416,585,-271,914,388,82.6,1029.4,136.6,-672.45,418.12,589.53,-268.51,908.95,384.57,81.4741663959079,1029.3260982096,135.902690104906,-672.39596356209,418.000437350262,589.264274998418,-268.338880943578,908.893584966476,384.069906202833,83.157080275825,1029.43683633334,136.951086158526,672.476951277886,418.179793868618,589.662556043709,268.597151883634,908.978069042372,384.816384786303,93.2727272727274,76.6060606060604,97.010101010101,36.6136363636363,50.510707070707,157.88797979798,47.2827272727273,51.5429292929293,191.479898989899,9.65778065979588,8.75248882353245,9.84937058954028,6.05092029063648,7.10708850871487,12.5653483755119,6.87624368916106,7.17934044971607,13.8376262050215,2.61849567726019,2.83340009613847,2.49585319597329,2.88995349708188,3.79202042222633,2.34116343120736,4.01009997712456,3.23616514443291,3.04595257047825,0.133289867286828,-0.349864466995071,0.218990386658622,0.25805300967639,0.064127363859309,-0.0750014602999359,-0.795965559293532,-0.607931979777642,-0.328374443644926,80,1029,138,-672,416,585,-271,914,388,82.5,1029.77777777778,136.444444444444,-672.6,418,589.755555555556,-268.066666666667,909.155555555556,384.855555555556,0.76420450650862,0.76420450650862,0.76420450650862,0.76420450650862,0.76420450650862,0.76420450650862,0.76420450650862,0.76420450650862,0.76420450650862,41,40,40,27,37,51,39,38,78,446.483333225558,423.118538032104,438.404519147842,535.114285714286,143.657142857143,439.29,104.838057370897,158.388357016955,195.989315005127,465176.1,417772.08,448486.804285714,0,75.4610845967307,0,63.5450086706582,0,69.6317211498873,0,26.3121118442064,0,44.427446842582,0,110.579711614026,0,36.7492561943255,0,34.043157543697,0,122.810848139902,1
2201828,60,1009,108,-690,398,565,-291,885,359,101,1049,158,-663,435,626,-242,923,417,80,1029,138,-672,416,585,-271,904,388,82.86,1029.9,137.2,-673.26,418.54,589.68,-269.7,906.23,387.78,81.7862381768727,1029.82401029322,136.421005635081,-673.197349036857,418.44098768344,589.445024546672,-269.52014907584,906.149907143342,387.400234115951,83.367019857975,1029.93795929658,137.583429234774,673.291303968795,418.589297522046,589.798084093192,269.789362281021,906.269854954914,387.969612212091,85.1317171717173,78.9797979797981,106.424242424242,42.5781818181818,41.6852525252526,140.684444444444,48.6969696969697,72.9667676767675,148.577373737374,9.22668505866095,8.88705789222722,10.3162126007679,6.52519592182348,6.45641173758711,11.8610473586629,6.97832140969228,8.54205874931609,12.1892318764299,2.82660589551651,3.03286785179869,2.62881920842392,2.25374852076775,3.32905435605384,2.96497665637872,4.84009029155399,3.1650598347927,2.38724898088802,-0.272523065474086,-0.0894451314679118,-0.0616051558451636,0.0567699191420326,-0.235570983717737,0.295808227970257,0.13468422880866,-0.489324232054604,0.00570146269326974,90,1029,138,-672,416,585,-271,904,388,82.9,1029.88888888889,137.222222222222,-673.3,418.7,589.477777777778,-269.611111111111,906.577777777778,387.8,0.76420450650862,0.76420450650862,0.76420450650862,0.76420450650862,0.76420450650862,0.76420450650862,0.76420450650862,0.76420450650862,0.76420450650862,41,40,50,27,37,61,49,38,58,446.737461040352,423.466297302304,438.014023450449,535.697142857143,143.554285714286,438.99,108.604942313966,140.808771762382,151.443850474206,465707.768571428,418457.125714286,447699.33,0,71.335177995789,0,69.9895717215719,0,70.3880083409887,0,36.5667956611464,0,31.9170482086059,0,89.8853057036303,0,37.4452213781795,0,55.9546203829535,0,127.720396832771,1
2203390,50,1009,108,-681,398,565,-281,895,359,101,1058,168,-654,435,616,-252,923,417,80,1029,138,-672,416,595,-271,904,388,81.17,1029.89,137.5,-672.18,417.37,589.85,-268.9,907.62,387.42,79.998642172976,1029.80319778227,136.544370978689,-672.10500451911,417.265618784393,589.656173109785,-268.760188349611,907.560519604336,387.002013649806,81.7255773916587,1029.9335075625,137.974635350125,672.217330928027,417.422004690697,589.946480623454,268.969329106499,907.649679116343,387.629023681148,91.4152525252526,90.5231313131315,132.070707070707,50.6945454545455,43.8516161616162,114.977272727273,37.6666666666667,54.419797979798,163.64,9.56113238718367,9.51436447237184,11.4922020113948,7.12001021449727,6.6220552822833,10.7227455778486,6.13731754650733,7.37697756400262,12.7921851143579,3.52287273137529,3.08514837042767,2.87772411700405,2.58993682173174,3.74192371700308,2.79447613299711,3.59592888855519,2.16277869287919,2.69619543834088,-0.0708404353924307,0.287494130612242,0.0978212771037385,0.404300760887883,-0.178676663526615,-0.210654583594554,0.300430286545951,-0.243033749987333,0.068284148931356,80,1029,138,-672,416,595,-271,914,378,81.1333333333333,1029.66666666667,137.444444444444,-672.5,417.5,590.111111111111,-268.944444444444,907.666666666667,387.377777777778,0.76420450650862,0.76420450650862,0.76420450650862,0.76420450650862,0.76420450650862,0.76420450650862,0.76420450650862,0.76420450650862,0.76420450650862,51,49,60,27,37,51,29,28,58,446.700439903383,422.980706798535,438.395638297834,535.097142857143,143.588571428571,439.774285714286,149.575772414903,118.754513835006,166.785844312815,465633.9,417494.622857143,448469.442857143,0,66.4840629933534,0,63.1072639121788,0,117.75669140507,0,29.9625129799092,0,29.8302937416302,0,68.7635827770291,0,25.5373653318567,0,44.1653238685073,0,129.917638347359,1
2204953,70,1009,108,-690,398,565,-291,885,349,111,1058,168,-663,435,616,-252,923,417,80,1029,138,-672,416,585,-271,904,388,82.97,1029.69,139.9,-673.35,416.92,589.71,-269.55,907.63,388.87,82.0070730495288,1029.59695370603,138.994237836438,-673.277090886564,416.807554119723,589.560121808545,-269.340514442932,907.567221451331,388.410785006709,83.4581931268584,1029.73658282106,140.347426054061,673.386538326985,416.976210352581,589.785223619582,269.655057434494,907.661263908513,389.096530439427,82.069797979798,96.9029292929291,126.656565656566,49.7045454545455,47.3470707070707,89.6221212121213,57.219696969697,57.3263636363637,178.013232323232,9.05923826708394,9.84392854976758,11.2541799193262,7.05014506620576,6.88092077465442,9.46689607063061,7.56437022954965,7.57141754471141,13.3421599571896,2.88332436925705,2.82489554732839,3.20881257049502,2.59995935578925,2.91725883329378,3.26681984034791,2.83536988540027,3.92019178761985,3.40533230437723,0.332405701656671,0.154292532191395,0.04872771216687,-0.239176654726007,0.0219065371939414,0.27654960125632,-0.165156474396419,-0.456425077142749,-0.302433674312406,80,1029,138,-672,416,585,-271,904,388,82.5777777777778,1029.55555555556,139.888888888889,-673.1,416.9,589.511111111111,-269.555555555556,907.811111111111,389.211111111111,0.76420450650862,0.76420450650862,0.76420450650862,0.76420450650862,0.76420450650862,0.76420450650862,0.76420450650862,0.76420450650862,0.76420450650862,41,49,60,27,37,51,39,38,68,446.811453292231,423.20177020111,438.712106609713,536.811428571429,142.834285714286,440.121428571429,145.239957751256,90.5862318816533,182.672761467854,465865.757142857,417927.942857143,449125.255714286,0,68.6352608654695,0,75.5339465693309,0,113.626116196635,0,36.3560052733306,0,38.7826757120811,0,63.1686658254717,0,41.6745017881848,0,39.1263789862025,0,117.979692682987,1
2206515,60,1000,118,-690,407,565,-281,895,349,101,1058,168,-654,435,616,-252,923,417,90,1029,138,-672,416,585,-271,904,388,85.01,1027.6,140.9,-672.36,418.29,587.56,-269.21,907.21,387.62,83.9592672861682,1027.50186895648,139.955850429294,-672.299909315881,418.177300208989,587.307707535465,-269.048352615939,907.15763977373,387.157453131056,85.505029091861,1027.64907434396,141.355580010129,672.390020746888,418.346495144874,587.686276851859,269.290419435969,907.236148971149,387.848527133983,85.2625252525252,101.878787878788,129.888888888889,40.7781818181818,47.7433333333333,149.905454545454,43.7433333333333,47.9251515151516,179.005656565656,9.23377091184989,10.0935022603053,11.3968806648525,6.38577965625043,6.90965508063415,12.243588303494,6.61387430583113,6.92279939873687,13.3792995543734,2.9577678470658,3.56003002377058,2.54997557027404,3.93873686325938,2.78321228289486,2.50737683548014,3.14921185117139,2.23473982237262,2.85270868438642,-0.291061246132178,0.0457643721380373,-0.297029407802773,0.0564773782496244,0.189455358355631,0.0861883969724654,0.145980005925691,-0.145558222237305,-0.275142859197645,90,1029,148,-672,416,585,-271,904,388,85.1777777777778,1027.44444444444,141.111111111111,-672.4,418.1,587.566666666667,-269.288888888889,907.311111111111,387.922222222222,0.76420450650862,0.76420450650862,0.76420450650862,0.76420450650862,0.76420450650862,0.76420450650862,0.76420450650862,0.76420450650862,0.76420450650862,41,58,50,36,28,51,29,28,68,446.055646275564,422.621642625318,438.310287098283,537.218571428571,142.924285714286,439.551428571429,130.247029141506,153.440624948752,180.38855286631,464295.055714286,416784.552857143,448294.817142857,0,66.5474455802206,0,81.0295402977808,0,114.921103690163,0,24.1147905052945,0,38.4342571877958,0,121.439413277146,0,23.8507261342368,0,37.4207412770276,0,131.731669278528,1
2208078,60,1009,118,-690,398,555,-291,885,359,101,1058,168,-663,435,616,-252,923,417,80,1029,148,-672,416,585,-271,904,388,84.51,1028.99,144,-673.08,419.37,589.81,-270.18,907.3,387.62,83.4725800183331,1028.89918472474,143.259347088955,-673.031234100781,419.263820798932,589.558475436742,-269.985741366643,907.229896120538,387.176037990629,85.0065291610003,1029.03538811841,144.367586389743,673.104404977415,419.422924981456,589.935513424984,270.276969052119,907.335009795169,387.842803207691,85.020101010101,94.3534343434344,107.070707070707,33.1854545454546,44.8415151515152,149.569595959596,52.9369696969698,64.1717171717171,174.520808080808,9.22063452318228,9.71356959842438,10.3474976236145,5.76068177783277,6.69638075019,12.2298649199243,7.27577966248084,8.01072513395118,13.210632387619,2.92532640064484,2.88488716575444,2.66500533997864,2.97405553026854,3.45029066989333,2.76356081032663,3.18317277162271,2.56337224743066,2.65552961027711,-0.144834501860291,-0.0258172568856387,0.0329870670234543,-0.124871575417237,-0.152331249511185,-0.0539896278671983,-0.00383258781660985,-0.121026039329897,0.172449675046091,80,1029,148,-672,416,585,-271,904,378,84.6222222222222,1029.11111111111,143.888888888889,-673.1,419.4,589.955555555556,-270.255555555556,907.222222222222,387.277777777778,0.76420450650862,0.76420450650862,0.76420450650862,0.76420450650862,0.76420450650862,0.76420450650862,0.76420450650862,0.76420450650862,0.76420450650862,41,49,50,27,37,61,39,38,58,446.803661029299,423.59838272054,438.452904973612,538.928571428571,144.042857142857,439.174285714286,119.185253131652,149.779379971063,174.881154152147,465849.402857143,418718.16,448597.928571428,0,68.077204218497,0,62.717918041377,0,76.4318550806849,0,27.2650350845694,0,37.2345327453079,0,88.2825199235832,0,45.5867030964481,0,50.7528259180293,0,137.026571230619,1
2209640,70,1000,128,-690,407,565,-281,885,349,101,1049,168,-654,435,616,-252,942,417,80,1029,148,-672,416,595,-271,904,388,84.41,1027.91,145,-671.1,417.21,593.76,-269.74,908.07,386.11,83.4035134860586,1027.81562095907,144.287448213639,-671.03130847911,417.088297711814,593.543957398584,-269.54905377933,907.979858472447,385.602707919155,84.9064779625206,1027.9572899688,145.354738484853,671.134397866776,417.271170823003,593.868217704905,269.835542506913,908.115196437104,386.362666415895,84.9110101010101,98.2039393939392,104.040404040404,46.6363636363637,51.5615151515152,129.820606060606,52.0731313131313,82.9142424242425,197.149393939394,9.21471703857531,9.90979007819738,10.2000198058829,6.82908219575396,7.1806347317988,11.3938845904549,7.21617151356114,9.10572580436301,14.0409897777683,2.28719147957906,3.25899508277213,2.3946649071543,2.50692520775622,2.78124225299536,2.61838669184459,2.38761714003889,4.40168237018308,2.59645833281795,0.0399688444670614,0.245478730272293,0.0516580398260892,-0.1673093503661,0.339293241095228,0.130724874038128,-0.0713459863073754,0.314552208781767,-0.0398202541822755,90,1029,148,-672,416,595,-271,914,388,84.2888888888889,1027.88888888889,144.888888888889,-671,416.9,593.677777777778,-269.766666666667,907.866666666667,386.033333333333,0.76420450650862,0.76420450650862,0.76420450650862,0.76420450650862,0.76420450650862,0.76420450650862,0.76420450650862,0.76420450650862,0.76420450650862,31,49,40,36,28,51,29,57,68,446.402401048367,423.644845995828,438.460911799952,538.851428571429,145.658571428571,439.045714285714,129.768481844059,130.046960781163,210.305144008629,465014.271428572,418806.887142857,448611.66,0,58.0503616615752,0,56.7482150194992,0,83.0942119671034,0,36.6819906603623,0,41.5431212266454,0,98.861173412214,0,48.168940116021,0,55.9511674496636,0,149.071695277975,1
2211203,70,1009,118,-690,398,565,-291,885,359,101,1049,168,-654,435,616,-252,923,417,90,1029,148,-672,416,595,-271,904,388,86.28,1029.7,148.2,-671.1,416.01,592.34,-270.32,907.55,387.03,85.2904758633517,1029.60830769726,147.337333308859,-671.040826159797,415.911762024876,592.099400470444,-270.142644074234,907.488520845395,386.715897101929,86.7708476390544,1029.74589098476,148.617630178926,671.129570202357,416.059118395451,592.459821422516,270.407951066532,907.580723682472,387.187512711864,85.7995959595959,95.4646464646463,125.212121212121,40.0909090909091,41.2827272727274,143.398383838384,48.0379797979798,56.3308080808081,123.180909090909,9.26280713172826,9.77060113118156,11.1898222153938,6.33173823613304,6.42516359890761,11.9749064229489,6.93094364412089,7.50538527197692,11.0986895213313,2.23392943956341,2.60974183555406,2.93202628834146,3.43898375676801,3.0581660239129,2.59656729027306,4.0450657623539,2.94763572300494,3.20379247838061,0.08814813861402,0.121013399614542,-0.256774418542877,0.0349854227405357,0.0346138960452133,-0.161019665273368,0.238585313489832,-0.0446929251521563,0.171690896515271,80,1029,148,-672,416,595,-271,904,388,86.3666666666667,1029.66666666667,148.444444444444,-671.1,416,592.322222222222,-270.522222222222,907.5,386.855555555556,0.76420450650862,0.76420450650862,0.76420450650862,0.76420450650862,0.76420450650862,0.76420450650862,0.76420450650862,0.76420450650862,0.76420450650862,31,40,50,36,37,51,39,38,58,447.420832130672,423.060929038694,438.459411576525,541.791428571429,144.535714285714,438.968571428571,126.020202977164,143.983468903537,124.317420678802,467139.848571429,417655.17,448601.742857143,0,71.5805508776344,0,72.6275407931874,0,101.427389688587,0,32.5024321041347,0,33.5335603262484,0,114.130029248635,0,30.0763062515232,0,39.8507193816487,0,100.240068829785,1
2212765,70,1000,118,-681,398,555,-291,876,359,111,1039,178,-654,425,616,-252,923,417,90,1029,148,-672,416,595,-271,904,388,88.91,1025.33,145.9,-671.01,416.63,593.5,-269.6,905.54,387.56,88.0282606794643,1025.24791278181,145.133993650532,-670.94737932988,416.535265215291,593.235440426121,-269.433878567165,905.46422830312,387.180478636321,89.3521684124118,1025.37084510922,146.27850149629,671.041258046031,416.677153201372,593.630609049095,269.683332818326,905.577826583668,387.74816569521,79.6180808080809,84.6071717171718,111.707070707071,42.3736363636365,39.6900000000001,156.616161616162,45.3939393939394,69.2004040404039,147.36,8.92289643602798,9.19821568116186,10.5691565750097,6.50950354202503,6.3,12.5146378939289,6.7375024596611,8.31867802240259,12.1391927243948,2.88629552440301,3.24911934487379,3.26149408607734,2.63529076702252,2.64120627730486,3.23401985877791,3.53942684594145,3.89926219665453,2.67248746542453,0.237859413595569,-0.521829204307661,0.0137387945687146,0.15497917892069,-0.272929166582183,-0.555817912770633,-0.199797096078048,-0.14224868240925,-0.211674666997897,90,1029,148,-672,416,595,-271,904,398,88.8444444444444,1025.77777777778,145.777777777778,-671.1,416.8,593.944444444444,-269.5,905.477777777778,387.544444444444,0.76420450650862,0.76420450650862,0.76420450650862,0.76420450650862,0.76420450650862,0.76420450650862,0.76420450650862,0.76420450650862,0.76420450650862,41,39,60,27,27,61,39,47,58,445.524858298681,423.447041990967,437.703736003841,540.06,145.337142857143,438.642857142857,121.211711263059,156.850603679623,150.50178586325,463185.677142857,418420.08,447063.831428571,0,72.075165337058,0,84.4306542704567,0,88.1241974024638,0,31.6849806189247,0,32.2721522883938,0,110.995980988488,0,31.5057820441885,0,40.1690282709017,0,104.831428187353,1
2214328,70,1000,108,-681,388,565,-291,885,368,111,1049,168,-654,435,626,-252,933,417,90,1029,148,-672,416,595,-271,904,388,86.59,1029.53,146.1,-671.28,415.38,592.72,-271.31,908.36,390.24,85.2700684243849,1029.42937698746,145.216913750089,-671.23473243069,415.257679825064,592.464027638352,-271.145441756158,908.290618101523,389.886956218217,87.2398418155375,1029.57999689194,146.514845664185,671.302539843251,415.440561332184,592.848564137588,271.39239119769,908.394660926626,390.416956598967,114.102929292929,103.98898989899,122.616161616162,30.5672727272727,50.8238383838383,153.961212121212,45.1655555555556,63.6064646464647,139.537777777778,10.6818972702853,10.1974991982834,11.0732182140587,5.52876774039864,7.12908397929484,12.4081107393999,6.72053238631848,7.97536611363169,11.8126109636176,2.42423587999007,3.7544985596734,3.50801066084338,4.08712956636969,5.31035403498844,3.23205866298422,3.12477401166067,3.28884458673132,2.42937894776309,0.0716659408424,-0.608397125740964,-0.606545257610613,0.480935633645525,-0.498883741699461,0.266893592934085,-0.113701867088354,-0.0769964015346117,0.131669136748316,90,1029,148,-672,416,595,-271,914,388,86.3777777777778,1029.88888888889,146.444444444444,-671.4,415.6,592.522222222222,-271.288888888889,908.288888888889,390.211111111111,0.76420450650862,0.76420450650862,0.76420450650862,0.76420450650862,0.76420450650862,0.76420450650862,0.76420450650862,0.76420450650862,0.76420450650862,41,49,60,27,47,61,39,48,49,447.239488943038,423.098870142923,439.405701473808,540.951428571429,144.351428571429,440.267142857143,150.772107364026,154.070652585982,146.021283382937,466762.44,417731.734285714,450540.038571429,0,93.0717858668611,0,84.4378728727061,0,98.5603738737181,0,25.7266314579986,0,35.0631336410865,0,117.498861323012,0,30.1127724414374,0,40.023593506469,0,92.712122077527,1
2215890,70,1009,128,-690,398,565,-281,885,368,111,1049,178,-663,435,616,-252,923,417,90,1029,148,-672,416,595,-271,904,388,88.48,1027,147.1,-671.1,416.55,592.04,-270.03,905.85,388.09,87.6792149088296,1026.92242287946,146.296187482386,-671.04583325199,416.428797075063,591.817804492599,-269.802943746497,905.79325149359,387.717477320987,88.8795814571603,1027.03894765486,147.507965886592,671.127156357124,416.610357528471,592.15052140482,270.142906625364,905.878352760458,388.276898617469,71.5854545454546,80.8080808080808,121.40404040404,36.8181818181818,50.7954545454546,132.200404040404,61.6051515151515,51.8863636363636,146.567575757576,8.46081878694105,8.98933149950989,11.018350167064,6.06779876216918,7.1270929940232,11.4978434517262,7.84889492318196,7.20321897739917,12.1065096438889,3.03489305483648,2.7575,3.07539878427369,2.91999999999999,2.67007874742601,2.77730372638141,2.39507950436321,2.73284215897993,2.61379093805345,0.192516603953308,0.486344785106204,0.360671903684946,-0.318018556799958,-0.204344602572401,-0.230101458134968,0.141464191129384,-0.0800508434327643,0.166609306731025,90,1019,148,-672,416,595,-271,904,388,88.4777777777778,1026.66666666667,146.777777777778,-670.9,416.7,592.322222222222,-270.311111111111,905.911111111111,387.822222222222,0.76420450650862,0.76420450650862,0.76420450650862,0.76420450650862,0.76420450650862,0.76420450650862,0.76420450650862,0.76420450650862,0.76420450650862,41,40,50,27,37,51,29,38,49,446.288550204179,423.08074090028,437.956095401829,541.105714285714,144.638571428571,438.818571428571,123.933420507976,133.928446106006,150.953944502778,464771.648571429,417693.467142857,447579.312857143,0,58.2170311453457,0,61.8396921980836,0,92.0280822499719,0,31.1164913751916,0,35.1049716611546,0,81.858820377633,0,51.3220782579402,0,42.3282784712148,0,137.225213180878,1
2217453,60,1000,118,-690,398,555,-291,885,349,111,1049,178,-654,435,616,-262,923,417,90,1029,148,-672,416,595,-271,904,388,87.42,1028.41,147,-670.74,415.02,592.89,-270.53,905.09,388.72,86.274326218303,1028.32121906409,146.044727347417,-670.672368884238,414.925744713064,592.630566000511,-270.396671550959,905.010791746777,388.255343475403,87.9807933585507,1028.45427219687,147.472031246606,670.773836699077,415.067103008658,593.018709654257,270.597283800115,905.129476925815,388.947117228037,99.3571717171717,91.9817171717172,140.40404040404,45.8509090909091,39.4945454545454,154.179696969697,36.7768686868686,72.1837373737373,178.405656565657,9.96780676564166,9.5907099409646,11.8492210884952,6.7713299351685,6.28446858966973,12.4169117323792,6.06439351352372,8.49610130434762,13.3568580349443,2.70379396407962,2.92245501916523,3.18187464416956,3.61427215494592,3.67144529519131,2.88826403591028,3.51217121840536,2.91476824213937,3.31701232823732,0.0511788589048908,-0.267563792899338,0.047596213320171,-0.0908478282666642,0.00913750878506902,-0.329791658136579,-0.472345343439377,-0.324588787178794,-0.578138667016198,80,1029,148,-672,416,595,-271,904,398,87.5222222222222,1028.66666666667,146.888888888889,-670.7,415,593.044444444444,-270.311111111111,905.411111111111,389.155555555556,0.76420450650862,0.76420450650862,0.76420450650862,0.76420450650862,0.76420450650862,0.76420450650862,0.76420450650862,0.76420450650862,0.76420450650862,51,49,60,36,37,61,29,38,68,446.850439326619,422.920105255764,437.82991328878,541.212857142857,144.501428571429,438.548571428571,157.141598143831,154.38522441488,178.760037855189,465945.775714286,417381.184285714,447326.622857143,0,62.9653462902125,0,57.7987921615835,0,94.1434581929276,0,37.6956517742661,0,26.448581682649,0,124.02935968112,0,28.9343044391088,0,55.5027359200294,0,128.625803928257,1
2219015,60,1009,118,-681,398,565,-291,885,359,111,1058,178,-663,435,616,-252,923,417,90,1029,148,-672,416,595,-271,904,388,86.46,1028.69,146.9,-671.82,414.93,591.49,-271.37,905.79,385.29,85.4537232514183,1028.6082696475,145.978939023715,-671.769412775571,414.822363975332,591.190663495623,-271.165562896178,905.71671096593,384.911792862705,86.9698798435412,1028.73098038311,147.361460361928,671.845294692164,414.983722572344,591.639746805436,271.472300612788,905.826534166448,385.480959322247,89.3216161616162,85.1655555555555,137.161616161616,34.3309090909091,45.0354545454545,178.959494949495,56.0940404040405,66.8544444444445,148.672626262626,9.45101138300109,9.22851860027141,11.7116017760858,5.85925840793091,6.71084603797871,13.3775743298064,7.48959547666231,8.17645671696759,12.1931384910788,3.33342074616346,3.45337612633748,3.2434770800971,2.38212887847248,3.36156423589041,2.16031981776771,2.34077451795717,3.68306897340781,2.56642792536375,0.402058834921917,0.338845744574253,0.214515549103816,-0.0190726822530338,-0.0683457006039691,0.0550976672876384,-0.0729217206586072,-0.30970848299603,0.364578400348985,80,1029,148,-672,416,585,-271,904,378,86.3444444444444,1028.44444444444,146.555555555556,-671.8,415,591.488888888889,-271.355555555556,905.988888888889,385.033333333333,0.76420450650862,0.76420450650862,0.76420450650862,0.76420450650862,0.76420450650862,0.76420450650862,0.76420450650862,0.76420450650862,0.76420450650862,51,49,60,18,37,51,39,38,58,446.926678488325,422.867453954729,437.63121909722,540.878571428571,143.4,437.018571428571,155.30405250041,183.093614532641,150.445086336348,466099.967142857,417267.934285714,446920.495714286,0,69.0406941246886,0,53.5677155700238,0,100.573811968471,0,26.0690315682891,0,31.9252615678423,0,151.005487536088,0,46.2256845353843,0,48.7862548222294,0,116.553105477458,1
2220578,60,1009,118,-681,407,555,-281,885,368,111,1049,178,-654,435,626,-252,923,417,90,1029,148,-672,416,595,-271,904,388,89.85,1027.8,148.9,-672.09,416.2,593.08,-270.67,905.74,391.64,88.8491875134269,1027.71190327695,147.914429128365,-672.030745371299,416.105423632271,592.799002882765,-270.483196037715,905.682196886435,391.281596237481,90.3141738599208,1027.84405431953,149.370010376916,672.119520621147,416.247546539316,593.219588348193,270.763014460986,905.76891092596,391.818325247812,84.4722222222223,91.4747474747477,141.60606060606,40.0827272727272,39.979797979798,167.266262626263,50.869797979798,52.9014141414142,141.121616161616,9.19087711930816,9.56424317312916,11.8998344780951,6.33109210742722,6.32295800870115,12.9331458905505,7.13230663809388,7.27333583312459,11.8794619474796,3.56801910171268,2.65191536915181,3.66042983119714,3.06119923745639,3.28247253054496,2.98647119674834,2.5476937981387,2.89832246323507,2.62302728794759,-0.419759602999619,0.0321932227855156,-0.354991652833944,0.36366233993423,0.39695075035391,-0.25121788904123,0.110625748458501,0.0577501768014548,-0.106109854893778,90,1029,148,-672,416,595,-271,904,398,90.2222222222222,1027.77777777778,149.222222222222,-672.3,416,593.144444444444,-270.8,905.688888888889,391.655555555556,0.76420450650862,0.76420450650862,0.76420450650862,0.76420450650862,0.76420450650862,0.76420450650862,0.76420450650862,0.76420450650862,0.76420450650862,51,40,60,27,28,71,29,38,49,446.793230466133,423.575764668971,438.564182328382,542.807142857143,144.51,440.018571428571,141.881335112202,168.892717036795,142.411837151021,465827.764285715,418678.35,448822.084285714,0,55.2511465176688,0,73.4604548516744,0,116.150723383905,0,30.4777391278526,0,26.4779491576156,0,137.638520864404,0,37.2537918229379,0,34.6177508794707,0,110.367232466973,1
2222140,60,990,118,-681,398,565,-300,895,359,101,1049,178,-663,435,626,-252,933,427,90,1029,148,-672,416,595,-271,904,388,87.38,1028.42,146.7,-672,415.76,592.51,-271.71,906.73,390.44,86.3425034644541,1028.30819089674,145.661359081979,-671.942137460207,415.615193548169,592.307815767375,-271.486572649401,906.660754342131,390.014673420937,87.8645548557551,1028.47556120697,147.208016086081,672.02892794879,415.832370072365,592.611601303923,271.822828327571,906.764726927553,390.652300645984,85.7733333333334,115.43797979798,150.818181818182,39.2727272727273,60.7903030303031,121.626161616162,61.9453535353536,63.6132323232324,167.501414141414,9.2613893846082,10.7442068017132,12.28080542221,6.26679561440512,7.79681364599046,11.0284251648257,7.87053705507785,7.97579038862183,12.9422337384786,2.88319082545014,3.69658988465883,2.55296982151653,2.08333333333333,3.05045862895084,3.18547171278713,4.15050528859656,3.00532671212945,2.96658529256466,-0.402557087097726,-0.563160784501865,-0.112633039141293,0,0.018302715877152,0.315006436447333,-0.437123657115759,0.361965602881682,0.0207285934794472,90,1029,148,-672,416,595,-271,904,388,87.7,1028.77777777778,146.666666666667,-672,415.8,592.177777777778,-271.522222222222,906.366666666667,390.311111111111,0.76420450650862,0.76420450650862,0.76420450650862,0.76420450650862,0.76420450650862,0.76420450650862,0.76420450650862,0.76420450650862,0.76420450650862,41,59,60,18,37,61,48,38,68,446.835090856359,423.321913843546,438.873405405052,541.071428571429,144.115714285714,439.482857142857,157.44157020326,122.859740445114,172.233918146863,465922.44,418169.121428571,449451.06,0,70.3081030208485,0,92.4338316921616,0,122.669205401141,0,28.6139282904445,0,54.0911871009538,0,89.1405979850395,0,46.0929406469229,0,46.6474626909149,0,129.500429727051,1
2223703,70,1009,118,-690,398,555,-291,885,359,121,1049,168,-663,435,626,-252,923,436,90,1029,148,-672,416,595,-271,904,388,87.89,1029,147.4,-670.74,414.39,595.33,-271.29,905.53,391.2,86.8909318336388,1028.92641371745,146.673811517776,-670.691785951519,414.261891224606,595.047404576716,-271.011458031394,905.463914150858,390.628482583287,88.3956446890909,1029.0369283947,147.757910109747,670.764176145387,414.453773055573,595.470427477301,271.429309397493,905.563067930666,391.486500405825,90.0382828282829,76.7676767676768,106.707070707071,32.7599999999999,53.3918181818181,168.910202020202,76.369595959596,60.4940404040404,226.505050505051,9.48885044819882,8.76171654230361,10.3299114568844,5.72363520850167,7.30697052011421,12.9965457726352,8.7389699598749,7.7777914862794,15.0500847341485,3.55826998844321,3.18559556786704,2.96175045853829,3.38971418192199,3.17866625710286,3.86566438404105,2.73950995180879,3.18274361434185,2.84889367935506,0.380745944938039,0.452794211586635,-0.0457108384428731,-0.358822864468671,-0.208623685448977,-0.215850074606432,-0.0723882843836489,0.109300381739467,0.146390864803708,90,1029,148,-672,416,595,-271,904,388,87.8222222222222,1028.66666666667,147.444444444444,-670.5,414.6,595.422222222222,-271.266666666667,905.366666666667,391.144444444444,0.76420450650862,0.76420450650862,0.76420450650862,0.76420450650862,0.76420450650862,0.76420450650862,0.76420450650862,0.76420450650862,0.76420450650862,51,40,50,27,37,71,39,38,77,447.131396042964,423.442885719138,438.504025198646,541.838571428571,145.277142857143,439.474285714286,112.080165209062,170.454106706205,230.873144145441,466527.081428571,418406.374285714,448705.722857143,0,70.2241495036873,0,68.8171544566775,0,81.7894038430251,0,19.6945722470788,0,43.856016022328,0,130.624413267239,0,65.1252883019616,0,43.5564904603006,0,180.768879099321,1
2225265,70,1000,128,-690,398,565,-291,876,359,111,1049,178,-654,435,626,-262,933,417,90,1029,148,-672,416,595,-271,904,388,87.59,1027.91,149.7,-671.1,414.85,595.09,-272.97,906.35,388.29,86.5737922794915,1027.815166264,148.798065432581,-671.028705776825,414.752146441401,594.85787807071,-272.777963262691,906.270779950107,387.856166476471,88.0817234163819,1027.9572899688,150.14060077141,671.135604777455,414.899084115644,595.206174363136,273.066859944593,906.389579595882,388.505379628133,87.2544444444445,98.2039393939392,133.444444444444,48.2727272727273,41.1388888888889,139.678686868687,53.4233333333333,72.4722222222222,168.995858585859,9.3410087487618,9.90979007819738,11.551815634109,6.94785774701291,6.41396046829795,11.818573808573,7.30912671482259,8.51306185941475,12.9998407138649,2.58322490833989,3.29149580432759,2.3965919233118,2.95231255386383,4.21361816879692,2.82716214947534,2.79540517243751,4.02110230335577,2.6818124721614,-0.111193124783849,-0.255241434050192,-0.176938402653555,0.092676851884664,0.260857224708202,0.0903713804313325,-0.379190375109109,-0.0514830388074276,-0.148652213575054,90,1029,158,-672,416,595,-271,904,388,87.7111111111111,1027.88888888889,149.777777777778,-671.2,414.7,595.044444444444,-272.688888888889,906.155555555556,388.555555555556,0.76420450650862,0.76420450650862,0.76420450650862,0.76420450650862,0.76420450650862,0.76420450650862,0.76420450650862,0.76420450650862,0.76420450650862,41,49,50,36,37,61,29,57,58,446.805529708146,423.558972094903,438.519719476356,542.228571428571,145.217142857143,437.858571428571,136.190748405715,141.786995433827,174.088316364895,465855.762857143,418643.417142857,448733.147142857,0,69.0306954849741,0,58.3770382882541,0,109.33127615213,0,30.8558641962802,0,29.1177500892317,0,108.583492635011,0,44.8067604224528,0,39.7875501256955,0,117.92212493686,1
2226828,-111,990,128,-772,231,464,-446,466,-87,111,1049,306,-572,537,727,-58,1371,1271,60,1029,168,-672,425,595,-262,914,378,40.54,1023.43,186.45,-671.19,416.5,593.86,-239.58,907.78,378.81,0,1023.31155829078,176.604414331004,-669.447738631873,404.338253364087,588.7447187387,-207.574584998397,883.423038684737,351.283675640766,64.2470232773473,1023.48911572132,192.078031018646,672.027744962959,421.533533660135,596.385747649958,251.146769837878,917.291218752256,402.885877141406,2509.28121212121,122.227373737374,2151.88636363636,1136.6403030303,4260.87878787879,3036.62666666666,5733.45818181818,17533.9915151515,19010.1150505051,50.092726139842,11.0556489514354,46.388429199924,33.7140965032478,65.2754072210874,55.1055956021407,75.7196023617278,132.415979077872,137.877173783426,3.55270250948804,3.11733016405981,2.43356032588234,5.48458979429162,3.78986798534578,3.31462275144732,3.89840749250308,6.71162992057612,22.3337263448542,-1.06428406012613,-0.139860493324909,0.816331818607919,0.544444586416939,-0.676060253552635,0.106330676412314,-0.10861100269497,-0.744998967176237,2.81549602467029,70,1029,158,-681,425,575,-281,904,378,44.2333333333333,1023.44444444444,183.677777777778,-672.2,419.411111111111,594.033333333333,-238.333333333333,913.044444444444,371.644444444444,0.807736949392036,0.807736949392036,0.807736949392036,0.807736949392036,0.807736949392036,0.807736949392036,0.807736949392036,0.807736949392036,0.807736949392036,222,59,178,200,306,263,388,905,1358,447.112978178179,425.262635187916,440.572289665195,535.894285714286,145.358571428571,448.718571428571,4016.08358041611,5285.53961533401,32498.1386976231,466522.122857143,422137.615714285,457206.39,0,2105.09444953087,0,106.224258467587,0,1708.81663873059,0,1247.17339901515,0.0432344416402046,4820.63247285932,0,2952.96316707865,0.549773737909813,4881.92000866027,0.383395616342689,15360.8313725467,3.51243625862796,10205.9860491999,1
2228390,20,1000,188,-672,379,595,-184,914,300,60,1039,247,-627,425,676,-135,990,378,40,1019,217,-654,388,636,-165,952,349,44.3,1018.64,218.93,-652.02,392.29,630.99,-162.1,949.53,349.68,41.9287211740042,1018.57104474779,218.129532358638,-651.941351893418,392.118563855709,630.647167571941,-161.499926933347,949.374961647387,348.95909803435,45.2216762183801,1018.6745113136,219.329318605607,652.059230438463,392.377305663822,631.162490964094,162.390270644519,949.607924356152,350.023684912893,83.3434343434342,71.0206060606061,176.772828282828,51.6763636363636,69.1978787878786,219.90898989899,95.1414141414141,149.483939393939,242.906666666666,9.12926253009706,8.42737242920984,13.2955943185263,7.18862738193903,8.31852623893671,14.8293287069574,9.75404603953734,12.2263624759754,15.5854633125444,3.45059406791237,3.17093544308366,2.55433999864928,3.74222828840053,4.96382163477053,3.39377365799555,3.55989629832136,3.95330745183713,4.08202613627925,-0.472175556976668,0.138445002423396,0.0702168609824496,0.184272178433337,0.946022008373364,0.326469655163709,0.379003655400459,0.446413923727244,-0.935519338335894,40,1019,217,-654,388,636,-165,942,349,44.6666666666667,1018.55555555556,218.644444444444,-652.1,391.811111111111,630.666666666667,-162.388888888889,949.166666666667,350.755555555556,0.76420450650862,0.76420450650862,0.76420450650862,0.76420450650862,0.76420450650862,0.76420450650862,0.76420450650862,0.76420450650862,0.76420450650862,40,39,59,45,46,81,49,76,78,446.984147921049,423.700548635505,439.26437989156,549.372857142857,159.111428571429,487.332857142857,185.64695937699,233.722773904503,277.939976990221,466220.618571429,418931.691428571,450275.310000001,0,66.2468566183189,0,59.7757592130148,0,124.51598629645,0,42.4918499025482,0,69.0211811577464,0,215.579265665529,0,79.3692177172609,0,132.598631587434,0,202.646120662556,1
2229953,30,1000,188,-672,370,595,-203,914,320,80,1039,237,-645,407,646,-155,961,388,60,1019,207,-654,388,626,-174,942,359,55.5,1020.64,205.03,-655.8,391.86,624.99,-176.49,941.14,356.94,54.0644912145202,1020.54608845849,204.532923475964,-655.745826781307,391.716435070066,624.817050385634,-176.040781428157,941.059993295351,356.483336950745,56.1693866799345,1020.68690596088,205.283340775622,655.827172355644,391.931575660854,625.076067371004,176.716524411273,941.179855288032,357.165339863767,75.5050505050505,96.7175757575758,104.999090909091,36,56.6670707070707,108.676666666667,80.8180808080808,75.7781818181818,162.541818181818,8.68936421753919,9.83450943146509,10.2469064067694,6,7.52775336385769,10.4248101501498,8.98988769718959,8.70506644536282,12.7491889225087,3.19142962606682,2.29598666311167,3.20235045817856,3.33884297520664,2.7995872260184,2.74205457573093,3.09761916775166,4.33003559832916,3.20415840516668,-0.0150864764860758,-0.0959112591077852,0.495853802402986,-0.370036650163643,-0.111460863650576,-0.251690671821438,-0.282779078425112,-0.370355817255967,-0.284065713892191,60,1019,207,-654,388,626,-174,942,359,55.5555555555556,1020.66666666667,204.644444444444,-655.7,391.833333333333,625.111111111111,-176.277777777778,941.344444444444,357.155555555556,0.76420450650862,0.76420450650862,0.76420450650862,0.76420450650862,0.76420450650862,0.76420450650862,0.76420450650862,0.76420450650862,0.76420450650862,50,39,49,27,37,51,48,47,68,446.827612649165,423.041824874885,438.012146121895,549.072857142857,154.735714285714,480.681428571429,121.18475715919,111.501795676605,169.856964319312,465899.147142857,417617.027142857,447692.284285715,0,58.5688393186227,0,80.3994694031516,0,75.689871650764,0,29.4149295403829,0,43.0663073975987,0,80.4132519140614,0,59.8120659130596,0,43.0160789154319,0,110.387009930826,1
2231515,-191,705,118,-881,333,575,-194,923,330,949,1264,237,-527,472,707,-165,961,378,60,1019,207,-654,388,626,-174,942,359,59.56,1023.66,202.07,-658.25,390.99,623.62,-179.08,939.57,357.8,76.6345419718509,1020.91831720624,199.952022882555,-657.130755704814,390.540931629723,623.092421729384,-178.75447871618,939.507421453776,357.420139938897,129.660171216916,1024.89073563966,202.927203696301,658.876657653009,391.221816876309,623.888884337588,179.243744660727,939.601346316617,357.988714905931,13398.3498989899,2546.69131313131,350.671818181818,833.724747474747,183.161515151515,338.823838383838,59.2662626262627,59.500101010101,136.444444444444,115.751241457662,50.4647531761656,18.7262334221759,28.8742921553888,13.5337177136039,18.4071681250495,7.69845845778638,7.71363085778033,11.6809436452902,37.0835357625033,23.4769746164637,7.96201480967044,41.1119560138663,17.6061564221495,7.38550042067221,2.50252752821009,3.31484998030664,2.38534832427799,4.55352142238636,-0.916534341955606,-1.5197686536021,-3.86642196712266,1.43727497372172,0.825138172059368,-0.21448806288244,0.243615117767753,-0.144516452522728,60,1019,198,-654,388,616,-174,942,359,51.8,1022.2,203.355555555556,-656.9,390.655555555556,623.288888888889,-179.033333333333,939.6,357.822222222222,0.785678871427623,0.785678871427623,0.785678871427623,0.785678871427623,0.785678871427623,0.785678871427623,0.785678871427623,0.785678871427623,0.785678871427623,1140,559,119,354,139,132,29,38,48,450.183543402579,423.267575676964,437.703991244275,550.838571428571,152.725714285714,479.267142857143,14958.9484150439,1097.86721181421,141.340027701403,475025.241428572,418461.557142857,447057.827142857,0.781181078746235,11147.5680598109,0,1334.42804454398,0,229.792691447901,0,563.030701930011,0,107.671066745785,0,303.603195019506,0,42.6967009299946,0,40.295834683732,0,94.8374133918837,1
2233078,-393,588,-49,-927,268,525,-213,914,310,1393,1686,356,-490,509,717,-155,961,417,-80,990,227,-658.5,388,616,-184,933,359,62.64,1024.9,201.42,-663.51,392.01,615.53,-181.42,937.62,361.48,0,988.254443263917,156.290096163914,-656.934152801304,387.494691056855,613.353841382455,-180.423141233018,937.513746381075,360.786155838343,405.257251631603,1044.97179866253,212.841725232624,666.997338825276,394.298884096823,616.625453577778,181.909977736242,937.673141345107,361.827196324433,161928.96,41965.7070707071,4779.37737373738,4686.79787878788,1817.94939393939,1363.40313131313,179.821818181818,100.662222222222,253.666262626263,402.403976123497,204.855332053396,69.1330411144872,68.4601919277757,42.6374177681927,36.9242891781701,13.4097657765458,10.0330564745855,15.9269037363281,6.38132828434826,4.79067060922756,5.80032174933824,5.63363010816742,4.01565530131927,2.89120019728437,2.26510804619949,2.98057333272214,4.04503519177335,1.95902194159341,1.08228948759627,-1.53440063468941,-0.985573723073032,0.485099348716038,0.240394078727643,0.119776533387801,0.0494575335082191,0.161561909868347,-161,980,227,-663,379,616,-194,933,359,15.5111111111111,1014.08888888889,207.655555555556,-660.811111111111,391.377777777778,615.3,-181.577777777778,937.633333333333,361.355555555556,0.877178009918463,0.877178009918463,0.877178009918463,0.877178009918463,0.877178009918463,0.877178009918463,0.877178009918463,0.877178009918463,0.877178009918463,1786,1098,405,437,241,192,58,47,107,473.187707341341,423.146666671156,437.714803922428,552.411428571429,147.441428571429,479.005714285714,188005.816759433,6428.63213496634,321.290881979039,557786.185714286,420250.289999999,447103.32,1.10646469091279,162551.229937563,4.70842678573596,29380.7575228555,0,3489.88971529127,0,3175.0070245577,0,1033.31642011201,0,1213.96730114635,0,188.001893146101,0,86.6265923754809,0,209.803171377395,1
2234640,-373,568,-89,-827,250,555,-213,914,330,1191,1549,356,-527,490,747,-145,952,407,-70,990,222,-663,379,606,-184,933,368,66.88,1024.29,205.36,-663.96,389.26,616.53,-182.31,936.47,367.81,-267.821782399235,984.679265396542,160.569447656719,-659.719903810325,384.847997979646,614.68529601347,-181.245596617134,936.409269119291,366.9925990982,375.662108815888,1043.90885138502,220.319812999194,666.143392971814,391.400076647923,617.489878459558,182.832026734924,936.500331019696,368.219268914597,138029.379393939,40985.5413131313,6432.41454545455,2933.47313131313,1687.54787878788,1196.47383838384,192.539292929293,57.3829292929292,304.276666666667,371.523053650698,202.448860982549,80.2023350374199,54.1615466111625,41.0797745708016,34.5900829484961,13.8758528721406,7.57515209701622,17.4435279306299,4.64696966647225,3.92546401008927,6.77356160524578,4.01625574290975,4.63300645864633,4.08572818826368,2.83000861650588,3.19909895299761,2.41571559047646,1.5770757927473,0.561337300550734,-1.79746678027353,-0.607011849377628,0.180893418348482,0.865477105677504,0.09417992289538,-0.121198084835719,0.107883313613333,-161,990,237,-672,379,595,-184,933,368,31.7888888888889,1020.38888888889,212.811111111111,-662.133333333333,389.155555555556,614.966666666667,-182.344444444444,936.455555555556,367.833333333333,0.877178009918463,0.877178009918463,0.877178009918463,0.877178009918463,0.877178009918463,0.877178009918463,0.877178009918463,0.877178009918463,0.877178009918463,1564,981,445,300,240,192,68,38,77,471.637243793397,423.128257527969,438.304036063527,555.655714285714,146.498571428571,480.844285714286,167819.706218266,3957.10754143368,385.507285213087,548317.941428572,419243.481428571,448305.364285715,0.738629303082299,144205.93997719,3.11736367926253,27626.6569480985,1.81734672538772,5702.91760262591,0,2492.94263130529,0,1119.83233655026,0,1048.55018310972,0,200.914600446949,0,43.7026561920104,0,269.793551244337,1
2236203,-323,627,-39,-863,259,555,-203,914,339,1393,1598,326,-536,500,717,-155,952,398,30,1009,207,-672,388,616,-184,942,368,70.86,1026.78,202.24,-670.08,389.54,617.82,-182.05,936.42,367.8,-5635.31838568299,1005.39154788335,280.025217994369,-666.340558064707,386.25002776676,616.235243235673,-181.324363533383,936.32948051345,367.335930574584,334.445541157301,1038.2007801962,210.29393714513,672.032558735066,391.033042082124,618.643338281437,182.404522970238,936.4650874432,368.032607251042,107911.798383838,23821.9107070707,3356.08323232323,2647.02383838384,1177.2004040404,1028.31070707071,130.512626262626,85.2965656565656,172.888888888889,328.499312607863,154.343482878516,57.9317118021143,51.4492355471278,34.3103541812148,32.0672840613406,11.4242122819311,9.23561398373522,13.1487219488773,8.6225141849459,6.59446508283645,8.55243831993161,7.04662258656237,6.68603022357817,4.11452960343456,2.91260347925034,2.67856208383171,2.6839242896757,2.28700183932616,1.16857211261264,-1.77761110050451,-0.977427809725049,-0.510109572505576,0.886549116219428,0.232091260881862,-0.370335963152254,0.137681548762695,50,1009,198,-672,388,595,-184,942,359,28.3444444444444,1019,206.888888888889,-668.022222222222,390.5,616.044444444444,-182.277777777778,936.6,367.722222222222,0.855450810560131,0.855450810560131,0.855450810560131,0.855450810560131,0.855450810560131,0.855450810560131,0.855450810560131,0.855450810560131,0.855450810560131,1716,971,365,327,241,162,48,38,59,466.225323453557,425.134325217057,438.234936763387,557.091428571429,144.548571428571,480.93,124374.609406242,3649.03996158341,198.01772307001,528830.665714286,423108.934285714,448151.258571429,1.11792409379438,112161.715147867,3.05114331682001,15043.294848069,0,2991.03472684746,0,1720.85609686422,0,692.776649013091,0,1039.36834370937,0,129.38816592556,0,73.1158026927884,0,138.922306278378,1
2237765,-282,558,-267,-781,287,575,-223,904,330,1525,1735,366,-563,564,666,-155,952,398,40,1019,198,-672,388,616,-184,933,378,42.69,1020.61,201.66,-669.26,386.36,612.21,-183.41,934.57,372.25,0,1012.45294989809,206.976482035708,-668.453299357058,384.962934979358,611.677092255212,-182.919314377425,934.485840326899,371.681824480601,179.827500677733,1024.87130411579,208.928504517694,669.671800212612,387.129074082534,612.480048654648,183.655519927935,934.61181781529,372.528213696627,30823.7312121212,8804.46252525253,3014.50949494949,556.941818181818,600.879191919192,334.066565656566,91.0322222222222,78.9546464646463,209.300505050505,175.566885294811,93.8320975213308,54.9045489458705,23.5996147888439,24.512837288229,18.2774879471049,9.54108076803788,8.8856427153384,14.4672217460888,52.2235685213872,40.4571305526858,55.128424555018,13.5327271967754,31.8395653639087,3.13847223263573,5.81581883992403,3.90317906219952,2.86432615151023,5.92490502089114,3.27291426299288,-5.94632628510305,-1.01922615150332,2.937072165712,0.516216400170831,-0.263141936000677,-0.632005785033187,-0.459736335836125,50,1019,198,-672,388,616,-184,933,378,33.1444444444444,1017.27777777778,203.633333333333,-668.111111111111,385.933333333333,611.4,-183.444444444444,934.855555555556,372.544444444444,0.821674552776763,0.821674552776763,0.821674552776763,0.821674552776763,0.821674552776763,0.821674552776763,0.821674552776763,0.821674552776763,0.821674552776763,1807,1177,633,218,277,91,68,48,68,451.030929243659,422.726587844629,438.302373100259,542.125714285714,141.132857142857,481.461428571429,37022.9508461309,661.330445757792,217.191037898621,482721.531428572,417197.592857143,448288.23,2.05192633702716,30391.6596602223,6.09842458942884,5846.82274885471,0,2794.78678858689,0,534.207278099452,0,231.764044585241,0,285.137881622929,0,73.3425664207631,0,61.6016725782544,0,174.298230548111,1
2239328,-303,696,49,-872,314,565,-213,914,339,1262,1333,316,-590,509,676,-155,952,407,50,1019,198,-672,388,616,-184,933,368,61.43,1023.33,199.17,-670.77,385.53,613.48,-182.65,934.23,372.58,0,1018.23561488489,191.715519879965,-669.870285902729,384.780439080887,612.862242624803,-182.111692124954,934.167711918214,372.209793590881,180.644042248838,1025.63366266908,201.323098525728,671.279531938819,385.940293309729,613.787732037714,182.919463152503,934.261146575196,372.764107714249,29150.1263636364,4767.79909090909,871.011212121213,690.724343434344,319.726363636363,381.484444444444,99.5025252525253,58.7849494949494,138.609696969697,170.73408084983,69.0492511973091,29.5128990802533,26.2816350981887,17.8808938153651,19.5316267741436,9.97509525029838,7.66713437308552,11.7732619511203,33.0670163147885,16.6432155596493,12.0925274047707,37.1163968059162,26.6191500459322,3.56261875269148,3.92244772028196,3.42409134346764,3.2294956668353,4.80397599953888,-0.315589046604455,-0.562581280359674,-4.12027962241049,2.84092574953745,-0.029461684785608,-0.187957917853784,0.0318081994637589,-0.0932795385417654,50,1019,198,-672,388,616,-184,933,368,47.1666666666667,1021.07777777778,199.133333333333,-670,384.777777777778,613.588888888889,-182.488888888889,934.066666666667,372.822222222222,0.789452980632439,0.789452980632439,0.789452980632439,0.789452980632439,0.789452980632439,0.789452980632439,0.789452980632439,0.789452980632439,0.789452980632439,1565,637,267,282,195,111,58,38,68,452.253389319689,423.316552079542,438.148428987485,550.255714285714,140.674285714286,481.782857142857,32289.9438063038,773.824162606599,150.938116104575,482180.43,418414.928571429,447967.071428572,4.75184143822897,27519.0952233782,0,3102.76575433435,0,520.657658908383,0,488.476216439099,0,165.032075610626,0,337.442655270403,0,90.0170163599913,0,41.2409699797845,0,113.547701008859,1
2240890,-282,715,59,-836,296,555,-203,914,339,1363,1411,316,-527,546,666,-155,961,398,50,1019,198,-672,383.5,616,-184,933,368,49.82,1022.05,200.54,-669.61,385.22,615.16,-182.51,933.15,373.56,0,1018.56134812105,195.04270206063,-668.713676103115,384.241032123512,614.728756144613,-182.13427742002,933.082753403843,373.170859522161,155.579883018339,1023.74575456995,202.022671995002,670.058392977806,385.775686118242,615.371481302148,182.695785392001,933.183695742698,373.753822722925,21942.4925252525,3504.20959595959,602.897373737374,606.765555555555,432.759191919191,262.86303030303,68.5352525252528,63.5227272727272,146.309494949495,148.129985233417,59.1963647191243,24.5539685944528,24.6326116267755,20.802864993053,16.2130512335905,8.27860208762644,7.97011463360015,12.0958461857571,63.6180185612198,29.0587394538883,19.6223284993923,32.8992421381969,40.1285947636446,5.52683108756876,3.83218335401298,3.78690824579913,2.87438422720116,6.77511399369854,1.04655544587513,-1.54720912327975,-1.14964199280776,3.82458200319095,-0.615633420100421,0.10251271376542,0.278494025899078,-0.0495380428653621,50,1019,198,-672,379,616,-184,933,368,45.2555555555556,1021.61111111111,201.422222222222,-669.4,384.544444444444,615.677777777778,-182.555555555556,932.988888888889,373.677777777778,0.787570871658769,0.787570871658769,0.787570871658769,0.787570871658769,0.787570871658769,0.787570871658769,0.787570871658769,0.787570871658769,0.787570871658769,1645,696,257,309,250,111,48,47,59,450.149912331931,423.337711785282,437.862397401235,545.318571428571,141.758571428571,481.8,24456.2182424867,964.029527313655,149.725305789822,477031.555714285,418492.795714286,447386.348571428,2.36544556310926,20174.7964337654,0,2660.88374856457,0,568.706660945819,0,397.221605454891,0,201.007694546089,0,223.700029685971,0,55.9764013375478,0,52.2488465278055,0,107.226448749054,1
2242453,20,1000,178,-681,370,585,-203,914,339,70,1039,217,-654,398,646,-165,952,398,50,1019,198,-663,388,616,-184,933,368,48,1022.54,199.69,-667.59,383.84,617.03,-182.4,935.71,368.45,45.2001721911322,1022.46269621122,199.221542586503,-667.538158935609,383.727675930984,616.770703128931,-182.177596592434,935.655837165786,368.035014607714,49.254441424099,1022.57858377731,199.917608028908,667.616079794368,383.896209931799,617.159160994958,182.51142429996,935.736976933155,368.658581888446,123.232323232323,79.7054545454544,91.8726262626263,35.1736363636363,43.590303030303,161.019292929293,41.070707070707,50.9958585858586,155.300505050505,11.1010055054632,8.92779113473508,9.5850209317782,5.93073657850661,6.60229528499771,12.6893377655925,6.4086431536408,7.14113846566909,12.4619623274388,2.50309056705187,3.31118184879207,3.04371948690567,2.72846181953412,2.88932911543359,2.98346977451577,3.52437269074051,3.73696189316996,2.9124025169138,0,-0.180797074379864,-0.493383322791878,-0.70813118571473,0.0862754056486597,-0.138044839291055,-0.15144100379448,-0.487129387155083,0.227445280219327,50,1019,198,-663,388,616,-184,933,368,47.8888888888889,1022.77777777778,199.933333333333,-667.2,383.822222222222,617.311111111111,-182.222222222222,935.933333333333,368.333333333333,0.76420450650862,0.76420450650862,0.76420450650862,0.76420450650862,0.76420450650862,0.76420450650862,0.76420450650862,0.76420450650862,0.76420450650862,50,39,39,27,28,61,38,38,59,447.027776199957,422.938870390676,438.059596366596,544.384285714286,142.834285714286,480.754285714286,125.051994053299,162.081872841481,159.010168069418,466311.432857143,417416.982857143,447781.397142857,0,101.347854346085,0,50.8813539379718,0,69.7771806202905,0,22.6946528357683,0,35.9978898501734,0,105.127707872371,0,29.3336054148357,0,40.1567346585681,0,114.741897620097,1
2244015,10,1000,158,-681,361,585,-194,923,330,70,1049,227,-645,398,656,-174,961,398,50,1019,207,-663,388,626,-184,942,368,51.1,1019.96,203.07,-663,384.43,623.19,-184.3,938.36,364.36,47.75983625199,1019.8719623733,202.288166426505,-662.938800707905,384.295066855296,622.963196400215,-184.099259584205,938.301772855693,363.893824908776,52.0864665724217,1020.00399018827,203.444955700553,663.030542282933,384.497503242869,623.303048283899,184.400108459838,938.389226280865,364.590811732825,102.818181818182,90.6448484848483,153.964747474748,40.9090909090909,52.429393939394,142.337272727273,37.2828282828283,55.4044444444445,169.949898989899,10.1399300696889,9.52075881875223,12.4082531999773,6.39602149066831,7.24081445276662,11.930518543939,6.1059666133077,7.44341618105857,13.0364833827953,4.51679044716437,3.12668574087947,3.68260034503099,3.44,3.27784273607748,3.08616599313515,2.70412216965693,3.73450176589504,3.16352239539175,-0.805513464828171,-0.0480785394680714,-0.493471951698925,0.169705627484771,0.0771568756339696,-0.119036265599493,0.0144754624699299,0.511916920379073,-0.189102489550727,50,1019,198,-663,379,626,-184,933,368,51.5555555555556,1020.01111111111,203.466666666667,-663.1,384.477777777778,623.111111111111,-184.333333333333,938.255555555556,364.544444444444,0.76420450650862,0.76420450650862,0.76420450650862,0.76420450650862,0.76420450650862,0.76420450650862,0.76420450650862,0.76420450650862,0.76420450650862,60,49,69,36,37,71,20,38,68,446.295606498489,423.371659792702,438.621319464894,546.055714285714,147.694285714286,479.322857142857,161.048612819059,143.839562396301,174.554901059186,464790.424285714,418266.222857142,448930.371428571,0,92.8705405679649,0,64.9817614067663,0,130.990096773638,0,34.1170192120603,0,45.0083113127428,0,113.299110375307,0,25.6384201795533,0,38.0811370612502,0,126.2495591136,1
2245578,30,1000,178,-681,370,585,-203,914,330,70,1049,227,-645,398,646,-165,952,398,50,1019,198,-663,388,626,-184,942,363.5,52.2,1022.23,202.15,-663.36,384.86,623.95,-184.4,937.6,364.91,50.5719446116797,1022.12404930157,201.678374013923,-663.306436947278,384.750559377175,623.671591971519,-184.132681464548,937.532100944394,364.514766045294,52.9528091794949,1022.28301854232,202.383917345228,663.386765017211,384.914899685632,624.087213456581,184.53297808251,937.633894438549,365.107778607906,79.9595959595961,109.49202020202,95.5833333333332,35.8690909090909,42.6872727272727,172.977272727273,49.5555555555555,64.2020202020202,145.840303030303,8.94201297022075,10.4638434717851,9.77667291737497,5.9890809736629,6.53354977996439,13.1520824483149,7.03957069398096,8.01261631441442,12.0764358579137,2.60457823825253,2.48444782511748,2.95777086482152,3.52671959081465,2.77800008043461,3.40787048257197,2.82090683571071,3.03121721432077,3.18205408195718,-0.103796440963474,0.0976140983113151,-0.0588109382739073,0.0436555381311655,0.227470350794978,-0.633815585143412,0.0551057514612548,-0.171618331177908,0.105594607920257,50,1019,198,-663,388,626,-184,942,359,52.1111111111111,1022.22222222222,202.333333333333,-663.4,384.755555555556,624.555555555556,-184.444444444444,937.711111111111,364.833333333333,0.76420450650862,0.76420450650862,0.76420450650862,0.76420450650862,0.76420450650862,0.76420450650862,0.76420450650862,0.76420450650862,0.76420450650862,40,49,49,36,28,61,38,38,68,447.179718977342,423.75413455566,438.412714488889,547.105714285714,148.05,479.19,118.1028032796,174.492933420004,153.827207100669,466639.637142858,419025.569999999,448505.755714286,0,62.7654462730538,0,64.2692296445121,0,70.3039756332913,0,26.1141605660939,0,32.9960300140667,0,137.673071022029,0,31.8092656066634,0,44.5455695180839,0,99.7999268337425,1
2247140,30,1000,168,-672,361,595,-203,914,339,70,1049,237,-645,398,646,-165,952,407,50,1019,207,-663,379,626,-184,933,359,51.5,1022.43,206.47,-662.1,382.65,626.49,-184.9,935.6,364.11,49.8930862437634,1022.33318244586,205.687519807806,-662.049773987773,382.518464248348,626.311316426902,-184.619795168696,935.53410497321,363.666729927494,52.2781024904309,1022.47844476057,206.848616142337,662.125078818194,382.715442594103,626.578877716126,185.038968868722,935.632855344445,364.334310764166,81.5656565656566,100.065757575758,158.069797979798,33.5454545454546,50.5934343434344,112.494848484849,51.929292929293,62.1010101010101,165.048383838384,9.03137069140984,10.0032873384582,12.5725811979799,5.79184379498054,7.11290618126194,10.606358870265,7.20619822994712,7.88041941149138,12.8471157789748,2.81345551093176,2.75953448051101,3.61496402277589,2.9797739440809,3.16979813153286,2.86258140242596,2.66147278529177,3.14503195732758,3.43935373733818,0.197415311811008,0.0958373428603385,-0.357355914257788,0.137128181170495,-0.223354861762092,-0.273750679206018,0.134384608017083,-0.314525386038011,0.430239155247437,50,1019,207,-663,379,626,-184,933,359,51.3333333333333,1022.44444444444,206.8,-662.1,382.6,626.666666666667,-185,935.588888888889,363.966666666667,0.76420450650862,0.76420450650862,0.76420450650862,0.76420450650862,0.76420450650862,0.76420450650862,0.76420450650862,0.76420450650862,0.76420450650862,40,49,69,27,37,51,38,38,68,447.624514776909,423.704292316328,437.54788001101,548.742857142857,148.731428571429,477.775714285714,168.346756996345,112.909325708264,173.213469935425,467563.508571429,418920.779999999,446737.607142857,0,67.0161302383489,0,84.3531490273043,0,120.438758405101,0,26.074160015784,0,39.7972445062361,0,93.6320529606763,0,40.6635673663513,0,56.0475743740288,0,115.283425477969,1
2248703,30,1000,178,-672,361,595,-203,923,339,70,1039,237,-654,398,666,-165,952,398,50,1019,207,-663,379,626,-184,933,368,51.2,1022.03,209.41,-661.02,381.81,629.19,-185.18,936.24,367.34,49.3015612161052,1021.93818111767,208.897445904778,-660.974520248812,381.698330172726,628.984363191137,-184.915441607831,936.189514738012,367.033115068626,52.0768662651661,1022.07581421341,209.665328559588,661.042767148995,381.865329664792,629.293643699029,185.312384907216,936.265186792716,367.493646203577,91.4747474747475,94.5950505050506,108.082727272727,30.4036363636363,42.680707070707,131.751414141414,49.5430303030303,47.6387878787879,114.044848484849,9.56424317312915,9.72599868934037,10.3962843012649,5.51394925290724,6.53304730357182,11.4783018840512,7.03868100591512,6.90208576292616,10.67917826824,2.65191536915182,2.38389513713347,3.84556332162118,2.47193007052968,3.96343427432993,4.43662146739222,3.41000220665547,2.72350057914368,3.14923220701111,-0.0321932227855019,-0.203978261426709,0.0790432771296305,-0.158500003906493,-0.480073419342638,0.504395837392391,-0.122004289939951,-0.287725908633723,0.114762210252021,50,1029,207,-663,379,626,-184,942,368,51.2222222222222,1022.11111111111,209.4,-660.8,382.1,628.888888888889,-185.111111111111,936.322222222222,367.211111111111,0.76420450650862,0.76420450650862,0.76420450650862,0.76420450650862,0.76420450650862,0.76420450650862,0.76420450650862,0.76420450650862,0.76420450650862,40,39,59,18,37,71,38,29,59,447.692359996685,423.990936475938,438.302832087633,549.702857142857,149.991428571429,479.314285714286,128.139771384767,132.948187150343,114.884861924028,467704.508571428,419489.64,448279.182857143,0,63.2714879905618,0,73.2093211421868,0,70.5604491337139,0,20.4637305239678,0,36.923319998042,0,95.585675538529,0,39.1104283703989,0,36.359356500968,0,76.48377333188,1
2250265,30,990,188,-672,370,595,-203,914,339,80,1039,237,-645,398,656,-165,952,398,50,1019,207,-663,379,626,-184,933,368,52.8,1020.71,208.7,-659.85,382.94,625.89,-184.1,935.72,368.38,51.4422193643212,1020.64175250376,208.19984311889,-659.790290618453,382.81550388345,625.653887483137,-183.859059581072,935.667557602889,367.942605608738,53.4602656184946,1020.74403745503,208.949994017707,659.879920894703,383.002428190736,626.007899311183,184.220031484092,935.74618353483,368.599864351576,70.868686868687,70.1877777777778,105.464646464646,39.8863636363636,48.2993939393939,149.088787878788,44.6565656565657,49.4965656565656,163.672323232323,8.41835416626593,8.37781461825086,10.2695981647115,6.31556518740513,6.94977653881,12.2101919673193,6.68255682030207,7.03537956734145,12.7934484495903,3.48867095116683,3.76451494808624,2.59077376151522,2.50500986193294,2.8359381895603,2.87364898293999,3.22588649584826,3.42543226812631,2.82993078256975,0.253039476408002,-0.285474110101193,0.0819178249104772,-0.248987633127546,0.197150008492053,-0.027438278345809,0.0111037423964299,-0.172168546777862,0.224621279766361,50,1019,217,-663,379,626,-184,933,359,52.5555555555556,1020.66666666667,208.722222222222,-659.7,382.822222222222,625.777777777778,-184.111111111111,935.733333333333,368.144444444444,0.76420450650862,0.76420450650862,0.76420450650862,0.76420450650862,0.76420450650862,0.76420450650862,0.76420450650862,0.76420450650862,0.76420450650862,50,49,49,27,28,61,38,38,59,447.106521994506,422.949871306185,438.183087788869,549.518571428571,149.562857142857,480,107.379707342782,152.373356125546,164.001247301918,466472.781428571,417436.397142857,448038.771428571,0,45.6062947051977,0,45.314048399541,0,63.5135507597031,0,33.6914266971206,0,33.5690671676095,0,101.289385152758,0,34.93063391941,0,40.5544891424497,0,107.638068192213,1
2251828,30,1000,188,-672,370,595,-194,914,339,80,1039,247,-645,398,646,-165,952,398,50,1019,207,-663,379,626,-184,933,368,52.7,1019.42,211.28,-660.39,383.12,627.99,-184.82,936.07,366.82,51.241383517355,1019.33294041056,210.638691277736,-660.337424165512,382.994970699847,627.802945070002,-184.530582326535,936.002152156595,366.423270728506,53.3760245803301,1019.46367272208,211.600803401121,660.416118822065,383.182619647604,628.082868736284,184.962104226785,936.103877782802,367.018446402902,72.4343434343434,89.9430303030303,137.031919191919,34.8463636363636,48.470303030303,117.828181818182,53.0783838383839,64.0657575757576,147.098585858586,8.51083682338837,9.48382993853382,11.7060633516105,5.90308085971755,6.96206169394548,10.8548690373575,7.28549132443268,8.00410879334843,12.128420583843,4.22844365255002,2.49602873027388,3.8114410314815,3.64807660321931,2.80205154207394,2.88865415276648,2.70751438050556,2.84870077130064,2.77523052487925,0.147329066410754,0.369597337004979,0.169661282292491,0.701854088768352,0.129611679835579,-0.374792326762934,0.385907721916063,-0.142164398316979,0.0793708710462783,50,1019,217,-663,379,626,-184,933,359,52.6666666666667,1019.11111111111,211.144444444444,-660.6,383.022222222222,628.333333333333,-185.111111111111,936.011111111111,366.855555555556,0.76420450650862,0.76420450650862,0.76420450650862,0.76420450650862,0.76420450650862,0.76420450650862,0.76420450650862,0.76420450650862,0.76420450650862,50,39,59,27,28,51,29,38,59,446.794207511058,423.700256319218,438.136084084826,550.028571428571,150.308571428571,479.172857142857,145.535553451814,117.890213404548,149.981771641485,465827.177142857,418914.197142857,447944.567142857,0,58.6437472980012,0,70.6916750870972,0,126.176430915306,0,26.7903444589699,0,33.1944163228026,0,85.1392370926972,0,38.6513773808868,0,44.7803210689189,0,96.4210982228519,1
2253390,30,1000,178,-681,361,606,-203,914,339,70,1049,247,-645,398,656,-165,952,407,50,1019,207,-663,379,626,-184,933,368,52.4,1019.74,210.77,-660.48,382.38,627.4,-183.4,935.76,371.06,50.9646887513652,1019.65886148626,210.0252009884,-660.418644705031,382.267398846816,627.224303717035,-183.116032148481,935.711567864103,370.578253576755,53.0471488394994,1019.78064307968,211.150775513613,660.510756914677,382.436321496795,627.487689122265,183.541929814416,935.784227266094,371.301575542038,68.929292929293,83.7296969696969,162.279898989899,41.0399999999999,43.5107070707071,111.151515151515,52.6060606060606,45.8004040404041,181.147878787879,8.30236670650562,9.15039326858124,12.7389127868079,6.40624695121878,6.59626463013023,10.5428418916113,7.25300355756569,6.76759957742803,13.4591187968559,2.9209341830571,3.39585026411063,3.48201453642587,3.2336408659753,3.71520349009378,2.83905842507156,3.31144570211019,3.92204500546203,2.91972852545686,-0.25749244849279,0.22686437848063,0.52155168683381,-0.290768403982766,0.0730029599970102,-0.0735602501961482,-0.0903568782943845,0.0871225599311239,0.157269110523848,50,1019,207,-663,379,626,-184,933,368,52.4444444444444,1019.55555555556,210.355555555556,-660.3,382.3,627.444444444444,-183.333333333333,935.666666666667,370.811111111111,0.76420450650862,0.76420450650862,0.76420450650862,0.76420450650862,0.76420450650862,0.76420450650862,0.76420450650862,0.76420450650862,0.76420450650862,40,49,69,36,37,50,38,38,68,446.881415995023,423.439743701832,438.565656982382,549.818571428571,149.7,481.465714285714,165.390115312695,115.763351326333,182.238154171078,466007.661428571,418402.628571429,448819.122857142,0,59.9905455170845,0,70.2157772510432,0,132.708610428568,0,32.8224000120292,0,33.035999590768,0,85.1924203000005,0,43.7097613882848,0,32.5443548567177,0,133.963856878481,1
2254953,30,990,188,-672,361,595,-203,923,339,80,1039,247,-645,398,656,-165,952,398,50,1019,217,-658.5,379,626,-184,933,368,53.1,1021.53,213.36,-658.95,381.77,627.39,-184.89,936.66,367.87,51.3604402323449,1021.4481738106,212.773859538303,-658.887751638176,381.618040418333,627.163157846845,-184.60220495319,936.608726244865,367.46155148436,53.9536838408648,1021.57073665997,213.655329912455,658.981190930363,381.84608155643,627.503697200264,185.033375367797,936.685646308301,368.075657983518,92.3131313131313,84.0697979797978,127.384242424242,41.5227272727273,58.6839393939393,144.119090909091,53.5736363636364,48.529696969697,152.881919191919,9.6079722789531,9.16895839121314,11.2864627950586,6.44381310038764,7.66054432752264,12.0049610956925,7.31940136648049,6.96632593048136,12.3645428217916,2.69758708677513,3.54744118579447,2.85415644576456,2.66982940619767,2.93723711573053,3.13604407830718,2.83332613618102,2.96731577669522,3.1405474694476,0.240687803149679,-0.45959914388291,0.252303813066689,-0.23856406915125,0.110628841439207,0.172765934962836,0.00964677728988212,0.0660768238474072,0.2869983449249,50,1019,207,-654,379,626,-184,933,368,52.8888888888889,1021.66666666667,213.122222222222,-658.9,381.622222222222,627.222222222222,-184.888888888889,936.566666666667,367.577777777778,0.76420450650862,0.76420450650862,0.76420450650862,0.76420450650862,0.76420450650862,0.76420450650862,0.76420450650862,0.76420450650862,0.76420450650862,50,49,59,27,37,61,38,29,59,447.869196026451,422.904823107993,438.534123146712,551.995714285714,150.09,479.845714285714,127.678793355571,147.093082679227,153.681751752765,468071.301428571,417352.941428571,448755.874285714,0,63.7273690929447,0,55.435771996164,0,87.3856243219899,0,32.8909016701304,0,38.814235709563,0,104.049750526683,0,43.5677501582383,0,39.2947746469212,0,104.10693106033,1
2256515,30,1000,188,-672,361,595,-203,914,320,70,1039,237,-636,398,656,-165,961,398,50,1019,207,-663,379,626,-184,933,368,51.8,1020.62,211.98,-660.66,381.29,627.49,-185,936.64,366.45,50.4080652904465,1020.53733934302,211.399573658279,-660.57700355987,381.152765332183,627.270847345974,-184.748295948236,936.573833902882,365.888435634216,52.4213696883246,1020.661442399,212.269875394508,660.701218403599,381.358348538484,627.599466220296,185.12487677241,936.67313402275,366.723860690847,65.4141414141413,85.450101010101,124.221818181818,55.0145454545454,52.6524242424242,138.777676767677,46.6868686868687,62.6973737373739,202.815656565657,8.08790092756714,9.24392238230617,11.1454842058036,7.41717907661298,7.25619902169339,11.7803937441699,6.83277898712293,7.9181673218854,14.2413361931266,3.52001155213282,2.74775617399078,2.60313094193404,3.47701627986231,3.36402081441555,3.11992498475022,3.03645331781982,4.08984218918651,3.5509579482199,-0.221695596827778,0.318007571766672,0.075347585880822,0.57666023418115,-0.157580714788566,-0.00953232539324571,0.126214077725935,0.210794326917101,-0.538405641905543,50,1019,207,-663,379,626,-184,933,368,51.8888888888889,1020.44444444444,212.033333333333,-661,381.3,627.444444444444,-185.111111111111,936.444444444444,366.866666666667,0.76420450650862,0.76420450650862,0.76420450650862,0.76420450650862,0.76420450650862,0.76420450650862,0.76420450650862,0.76420450650862,0.76420450650862,40,39,49,36,37,61,38,47,78,447.332579151694,423.341700672151,438.326390503159,550.457142857143,149.194285714286,479.181428571429,127.452272056017,140.239039918073,203.781540116404,466952.691428571,418217.734285714,448334.644285714,0,51.4114609417795,0,74.8222732391895,0,105.734031342088,0,32.8887135992798,0,40.5283799482338,0,127.979686941547,0,41.5741982791578,0,48.1477085789061,0,158.657067891826,1
2258078,10,1000,188,-672,361,585,-194,914,349,90,1039,237,-645,398,656,-174,952,407,50,1019,217,-663,379,626,-184,933,368,52.7,1019.67,214.29,-659.76,381.83,627.19,-184.8,934.64,371.01,49.3382410525492,1019.5845780019,213.864107711416,-659.699641867566,381.704672497647,626.91321957778,-184.608141525585,934.57860341422,370.520404544122,53.7121960079831,1019.71257224769,214.502097891839,659.790102987306,381.89251105514,627.328215529957,184.895646244037,934.670647875496,371.25636694877,108.79797979798,87.6980808080808,91.8645454545454,40.1236363636364,48.2233333333333,175.145353535354,35.7171717171717,57.8690909090909,184.717070707071,10.430627008861,9.36472534611031,9.58459938936132,6.33432209187664,6.94430222076583,13.2342492622496,5.9763845021193,7.60717364788598,13.5910658414662,5.90121946111864,2.57701191433996,2.64788837195892,2.91620117678679,3.2134679838575,3.37362462861193,2.7840748551422,2.69477062154636,2.51654411901271,-0.341846896533792,-0.339861411580335,-0.00382483708247666,0.243759766784538,-0.0900276242415105,-0.0043409370948379,0.0255676537084631,-0.187346504038622,0.237379080792319,50,1019,217,-663,379,626,-184,933,378,52.7777777777778,1019.91111111111,214.377777777778,-659.9,381.8,627,-184.888888888889,934.644444444444,370.633333333333,0.76420450650862,0.76420450650862,0.76420450650862,0.76420450650862,0.76420450650862,0.76420450650862,0.76420450650862,0.76420450650862,0.76420450650862,80,39,49,27,37,71,20,38,58,447.160998946104,423.097425324594,438.227566436292,551.425714285714,149.682857142857,480.364285714286,129.94068443328,176.085456959967,191.511729769972,466589.948571429,417730.954285714,448125.818571429,0,93.2638756224792,0,57.6339741913439,0,60.9328831937556,0,33.4209846660727,0,41.5654544986976,0,128.990991314171,0,25.7328692861174,0,44.2382192677461,0,114.486959191539,1
2259640,20,1000,188,-672,361,606,-203,914,339,80,1039,237,-636,398,656,-165,952,398,50,1019,207,-663,379,626,-184,933,368,51.4,1020.23,211.28,-658.95,381.64,629.9,-184.99,937.53,368.74,49.114190492896,1020.14256054491,210.728543923571,-658.882514478056,381.521239477961,629.67920353342,-184.697721556309,937.45840063565,368.447740412675,52.3832034148352,1020.27377208277,211.554957398781,658.98364926605,381.699174743672,630.010952285752,185.13549092489,937.565725696071,368.886134193195,103.070707070707,90.2192929292928,117.43595959596,44.7954545454546,45.6266666666667,141.20202020202,54.3938383838383,67.6657575757576,108.881212121212,10.1523744548114,9.49838370088789,10.8367873281688,6.69294065007711,6.75475141412818,11.8828456272906,7.37521785331378,8.22591986198246,10.4346160504933,3.75978751616765,2.51862617807949,2.93252212571511,3.55032213673611,3.23279000307411,2.55803916292106,2.77285763994832,3.30610484462191,2.94553768719116,0.00842876872193271,0.145464715589757,0.0566999418347881,0.246227592677094,-0.153002448558294,0.299579506325637,0.0311630173800776,-0.214690510689876,0.0631163275387808,50,1019,207,-663,379,626,-184,933,368,51.5555555555556,1020.11111111111,211.366666666667,-659.1,381.7,629.555555555556,-185,937.733333333333,368.766666666667,0.76420450650862,0.76420450650862,0.76420450650862,0.76420450650862,0.76420450650862,0.76420450650862,0.76420450650862,0.76420450650862,0.76420450650862,60,39,49,36,37,50,38,38,59,447.108317228384,423.564739988994,439.014779243571,549.818571428571,151.11,480.548571428571,128.450743693666,141.922203507073,125.878786680406,466482.03,418657.504285715,449734.98,0,81.9061485383045,0,72.3606896690021,0,85.4606134873415,0,33.7321128997505,0,39.3192445144198,0,108.940800586549,0,36.4038465420692,0,64.4546367353626,0,91.5748199861454,1
2261203,20,1000,188,-672,370,585,-203,914,339,80,1049,237,-645,398,656,-174,952,407,50,1019,217,-663,379,626,-184,933,368,53.4,1019.54,211.5,-660.03,383.29,625.97,-184.39,934.96,368.71,51.1166555102538,1019.46053075521,210.970581147615,-659.961165625441,383.178131021053,625.684296004141,-184.07849503648,934.906963549728,368.27389744437,54.3507129668048,1019.57979579825,211.759769550309,660.064428673444,383.346018630688,626.11218643307,184.545739587778,934.986481185691,368.931036916115,103.474747474747,81.9680808080807,111.060606060606,45.9081818181818,43.379696969697,179.827373737374,58.0382828282828,50.0185858585858,164.692828282828,10.1722538050693,9.05362252405526,10.538529596704,6.7755576758066,6.58632651556974,13.4099729208292,7.6182860820714,7.07238190842278,12.8332703658432,4.01394372469876,3.38033068660482,2.68266240328762,2.54039391206538,2.90192489017373,3.32173882909717,2.00445098813462,3.22698794431247,3.58489468229098,-0.139071074779447,0.19701953133014,-0.284282319212918,-0.0509777540353645,0.124441944442437,-0.163765085783142,-0.0489165310304643,-0.16713004042957,0.483814218753234,60,1019,217,-663,379,626,-184,933,368,53.3333333333333,1019.44444444444,211.833333333333,-660.1,383.211111111111,626.111111111111,-184.333333333333,935,368.2,0.76420450650862,0.76420450650862,0.76420450650862,0.76420450650862,0.76420450650862,0.76420450650862,0.76420450650862,0.76420450650862,0.76420450650862,60,49,49,27,28,71,29,38,68,446.878880261269,423.086652222232,437.963675672505,550.474285714286,149.67,479.691428571429,132.809514176808,185.555161045587,167.156647577194,466002.497142857,417709.581428572,447585.84,0,86.5912118363109,0,62.6261092968073,0,77.5984793810524,0,35.0801191162845,0,28.8409032512603,0,141.583261960105,0,49.5513775830212,0,32.8643039926137,0,108.855825530016,1
2262765,30,1000,188,-672,361,595,-203,904,339,70,1039,247,-645,398,656,-165,952,398,50,1019,212,-663,379,626,-184,933,368,53.2,1020.34,212,-659.13,381.08,628.09,-184.5,935.89,368.7,51.3698630136986,1020.25009959758,211.345313846725,-659.072750324336,380.99012005764,627.876973362121,-184.271438118447,935.81442141951,368.280861466425,54.0740233383831,1020.38490776765,212.330402910181,659.158577278639,381.124756477456,628.196060159565,184.61370480005,935.927652118474,368.90689882408,94.7070707070706,92.5701010101011,141.616161616162,38.0536363636364,34.4581818181818,134.587777777778,42.3939393939394,71.189797979798,154.151515151515,9.7317557874759,9.62133571860483,11.9002588886193,6.16876295245946,5.87010918281609,11.6011972562222,6.51106284672014,8.43740469456088,12.4157768645991,2.54389101795013,2.34860532221855,3.41631376411525,2.83354109073027,3.7577083448287,2.67287683977305,3.44571576109625,4.04652573557687,3.06841005814728,0.118007342330066,-0.0856887357908326,0.307038342654138,0.159254697189335,-0.220469180039544,-0.196659711527475,0.0481060047882736,-0.376039045078606,-0.305697732137266,50,1019,217,-663,379,636,-184,933,368,53.2222222222222,1020.33333333333,211.833333333333,-659.2,381.3,628.333333333333,-184.555555555556,935.922222222222,368.944444444444,0.76420450650862,0.76420450650862,0.76420450650862,0.76420450650862,0.76420450650862,0.76420450650862,0.76420450650862,0.76420450650862,0.76420450650862,40,39,59,27,37,61,38,48,59,447.257200233647,423.028217366122,438.330070710286,550.945714285714,150.017142857143,480.038571428571,142.807271093267,135.95630942488,158.764281477695,466797.24,417589.885714285,448343.61,0,69.9403516715919,0,55.4422674726422,0,113.489760503347,0,26.8657519431989,0,24.0775794488247,0,110.447603075309,0,29.294278805107,0,52.9313419760525,0,106.945757447389,1
2264328,30,1000,188,-672,370,606,-203,914,339,80,1039,237,-645,398,656,-174,961,398,50,1019,217,-663,379,626,-184,933,368,53.3,1020.13,214.41,-660.57,381.8,627.9,-184.18,935.39,367.9,51.5179392824287,1020.051073971,213.691978118356,-660.508988864173,381.689463478329,627.69236927626,-183.904052225389,935.319100629682,367.451934807428,54.1202365109392,1020.16948101774,214.76533705419,660.600476839065,381.854920094006,628.004617817417,184.318908416907,935.425459349915,368.123348892732,89,81.3667676767677,154.042323232323,40.6718181818182,42.3636363636364,132.717171717172,51.7046464646465,67.0079797979798,166.050505050505,9.43398113205661,9.02035296852444,12.4113787804709,6.37744605479483,6.50873538897046,11.5202939075864,7.19059430538578,8.18584020110213,12.8860585537435,3.26364411928677,2.67632631667909,2.23550804210435,2.74120484203675,2.31058471022368,3.02172277042623,2.64563115254975,3.21459613208537,2.73428162219861,0.0263269420037809,0.0687604435422874,-0.0923798183006404,0.0789370201533794,-0.347000023168653,0.460948494758957,-0.244475490264677,0.0526278727490329,-0.017925523613903,50,1019,217,-663,388,626,-184,933,359,53.3333333333333,1020,214.4,-660.6,382,627.666666666667,-184,935.155555555556,368.055555555556,0.76420450650862,0.76420450650862,0.76420450650862,0.76420450650862,0.76420450650862,0.76420450650862,0.76420450650862,0.76420450650862,0.76420450650862,50,39,49,27,28,50,29,47,59,447.384250768943,423.510264001374,437.989806700316,551.931428571429,149.627142857143,479.618571428571,155.727983695781,134.290923271431,168.768562701555,467056.68,418541.13,447646.735714286,0,62.9511270399836,0,53.866083091569,0,126.700950749277,0,35.7458737868755,0,33.9472274333852,0,98.8137160025144,0,33.0899259415028,0,46.5357589062957,0,130.480397088005,1
2265890,30,1000,178,-672,361,595,-194,914,330,80,1039,237,-645,398,656,-165,961,398,50,1019,217,-663,379,626,-184,933,368,53.1,1020.52,213.52,-660.66,381.66,627.39,-184.22,934.44,367.16,51.1353259877032,1020.42424289359,212.940429787114,-660.594601526185,381.514250071898,627.190257236396,-183.938201805062,934.352723338264,366.700692681752,54.0462764674866,1020.56796931905,213.806454533066,660.692636556516,381.732733728718,627.489354491373,184.35883488458,934.483643516568,367.388813112212,102.414141414141,98.898585858586,123.646060606061,43.56,56.0852525252525,125.937272727273,51.6884848484848,82.3903030303028,169.772121212121,10.1199872240108,9.94477681290968,11.1196250209286,6.6,7.48900878122416,11.2221777176835,7.18947041502257,9.07691043418975,13.0296631273461,2.62289706174226,2.22302379648578,3.52380104503119,2.78585778305122,2.8420690080884,3.00007677335998,2.70731994486805,2.94762699697195,3.47327066180571,0.17364886857479,0.209371024476632,-0.0724933166102249,0.172862934661945,-0.0584567665782986,-0.251771666694941,0.303136500948578,0.0334308586152062,-0.00699402436941106,50,1019,217,-663,379,626,-184,933,368,53,1020.33333333333,213.522222222222,-660.8,381.5,627.555555555556,-184.444444444444,934.3,367.111111111111,0.76420450650862,0.76420450650862,0.76420450650862,0.76420450650862,0.76420450650862,0.76420450650862,0.76420450650862,0.76420450650862,0.76420450650862,50,39,59,27,37,61,29,47,68,447.461640378124,423.377180531257,437.508771826521,551.631428571429,149.31,478.877142857143,126.936251009045,131.55728976195,175.915044497728,467225.648571429,418276.084285714,446666.742857143,0,81.5960635337963,0,60.7061536661762,0,94.4861193460831,0,27.8264712320208,0,47.1904060760946,0,96.1944309467607,0,40.7214735330442,0,61.9543831057254,0,133.737454052551,1
2267453,30,990,188,-681,370,595,-194,914,339,80,1039,247,-645,398,656,-165,961,398,50,1019,217,-663,379,626,-184,933,368,54.6,1019.43,213.93,-660.84,382.08,628.49,-182.93,934.62,367.17,52.9434009832346,1019.35481615456,213.432850548078,-660.76628916129,381.984050399401,628.280755639909,-182.660126413096,934.547380071431,366.824492739524,55.4075807087803,1019.46749335131,214.180648052059,660.87691743622,382.127910522118,628.594535451908,183.06302193507,934.656279067337,367.344102987921,89.7373737373736,77.2172727272727,108.38898989899,49.2872727272728,36.9834343434343,132.737272727273,49.1768686868686,68.500606060606,129.172828282828,9.47298124865523,8.78733592889635,10.4110033089511,7.02048949342371,6.08140068926841,11.521166291972,7.01262209782251,8.27650929200264,11.3654224858924,3.05178638435742,3.35750747044442,3.281726755597,3.45161717009783,2.7788634753012,3.41998627728083,2.97577768614043,3.2220300581058,3.17612507032248,0.258755724950152,-0.283915189467268,0.288105147442071,-0.18725724370175,-0.0525750096613929,0.0033323001601115,0.289273221873836,-0.0749832007581568,0.324772556251636,50,1019,217,-663,379,626,-184,933,368,54.4444444444444,1019.55555555556,213.644444444444,-660.8,382.2,628.444444444444,-183.111111111111,934.622222222222,366.911111111111,0.76420450650862,0.76420450650862,0.76420450650862,0.76420450650862,0.76420450650862,0.76420450650862,0.76420450650862,0.76420450650862,0.76420450650862,50,49,59,36,28,61,29,47,59,447.068285253889,423.793802577692,437.470257540599,551.982857142857,149.884285714286,479.511428571429,117.949332855261,134.341725247915,133.614093942066,466395.994285714,419104.77,446586.908571429,0,63.816955662779,0,56.098863006142,0,81.495049581839,0,37.2189563987815,0,30.2356084581985,0,102.487817624198,0,35.4214347744313,0,52.7182326351443,0,91.6720766946024,1
2269015,20,1000,188,-681,370,595,-203,914,339,80,1039,237,-645,407,656,-155,952,398,60,1019,217,-663,379,626,-184,933,368,56.6,1018.67,212.06,-660.66,383.69,626.47,-182.92,934.83,370.6,54.5419128628011,1018.58627746029,211.58609642149,-660.590144687359,383.533465532048,626.208170194877,-182.534685711844,934.746197537346,370.076037652117,57.4456264653803,1018.71179928378,212.295077663143,660.6950885242,383.769006044,626.599768592361,183.109311614675,934.871771955919,370.861294825977,97.4141414141416,86.0213131313131,100.76404040404,46.8327272727273,61.2463636363637,164.251616161616,69.9935353535354,78.8899999999999,195.69696969697,9.86986025301988,9.27476755133589,10.0381293279196,6.84344410897958,7.82600559905011,12.8160686702911,8.36621391990041,8.88200427831466,13.9891733028428,4.06873532256845,2.55280254445184,2.94288631647595,3.34351372059533,3.47066142389961,3.01039087810269,3.51315429321153,2.7876335473581,2.61254714496218,-0.165781467211455,-0.147329192469766,-0.0646323908722468,-0.471175721996916,0.514440510720896,-0.38731043644821,0.254341448770761,-0.307980663551694,0.000872184519973257,50,1019,217,-663,379,626,-184,933,368,56.6666666666667,1018.8,212.122222222222,-660.4,383.455555555556,626.666666666667,-183.111111111111,934.933333333333,370.611111111111,0.76420450650862,0.76420450650862,0.76420450650862,0.76420450650862,0.76420450650862,0.76420450650862,0.76420450650862,0.76420450650862,0.76420450650862,60,39,49,36,37,61,48,38,59,446.632106302762,423.465696085596,438.101305823838,551.712857142857,149.785714285714,481.075714285714,104.064071431656,172.668460038527,202.03193962693,465489.827142857,418467.394285714,447879.578571428,0,40.205442918999,0,64.6106819870311,0,82.2175426362949,0,35.508317530225,0,52.7215769147189,0,94.1291353374529,0,53.6264824922501,0,50.6046384087129,0,154.364537318569,1
2270578,30,1000,188,-672,370,595,-203,923,339,80,1039,227,-645,398,646,-165,952,407,60,1019,217,-663,379,626,-184,933,368,57,1019.46,213.39,-659.94,380.46,626.69,-183.6,935.43,370.73,55.0639134709932,1019.36633860709,212.829395507724,-659.882878529101,380.366115630012,626.499431478557,-183.343468635606,935.382455403713,370.332424269595,57.8791845139511,1019.50681214007,213.66387153658,659.96849924826,380.507135281324,626.785042897483,183.728114342906,935.453766896045,370.93227144588,102.020202020202,96.4125252525252,118.139292929293,37.9963636363636,36.2307070707071,120.337272727273,47.5353535353535,44.9142424242424,151.532424242424,10.1005050378782,9.81898799533461,10.8691900769695,6.16411904787405,6.01919488558953,10.9698346718295,6.89458871400996,6.70180889195166,12.3098506994368,2.83668267816881,2.45225417277721,2.22567849273566,2.93692063555654,3.31116967168403,2.69814322215672,2.97459798949141,2.92212326416639,3.74699622384366,-0.141866688505187,-0.025046547377422,-0.383764176362121,0.211732896680573,0.29999658815554,-0.111391618487964,-0.0512215338387211,-0.0164230649906764,0.616808603074607,60,1019,217,-663,379,626,-184,933,368,57,1019.45555555556,213.822222222222,-660,380.4,626.888888888889,-183.555555555556,935.422222222222,370.333333333333,0.76420450650862,0.76420450650862,0.76420450650862,0.76420450650862,0.76420450650862,0.76420450650862,0.76420450650862,0.76420450650862,0.76420450650862,50,39,39,27,28,51,38,29,68,447.094110384901,422.776855024179,438.39488975316,552.792857142857,148.804285714286,481.097142857143,145.074657530783,122.041598947027,152.43702804401,466455.595714286,417087.252857143,448465.937142857,0,69.925553878776,0,63.0798445734264,0,84.7257262635078,0,26.8066518420367,0,24.9849800391418,0,75.3661008886268,0,37.9805549189169,0,33.3668151512305,0,127.995967997577,1
2272140,30,1000,188,-672,361,606,-194,914,339,70,1039,237,-645,407,656,-135,952,398,50,1019,207,-663,379,626,-184,933,368,54.5,1020.34,212.25,-660.3,381.66,625.2,-181.54,935.51,369.09,53.3536585365854,1020.25785689182,211.815630087275,-660.247132293407,381.510371051773,625.000107525756,-181.08375937592,935.448234236122,368.671526743465,55.0363516232681,1020.38098767078,212.467526930588,660.326373848569,381.735091391923,625.300247880968,181.745316308289,935.540843576591,369.296263181744,59.3434343434343,84.4892929292929,93.3207070707071,35.1818181818182,57.9034343434344,126.626262626263,75.3418181818182,58.2928282828284,153.840303030303,7.70346898114313,9.19180574910572,9.66026433751722,5.93142631934497,7.6094306188725,11.252833537659,8.67996648506307,7.63497401978739,12.4032376027513,3.30526029877773,2.44157973804653,2.45951375111458,3.03136830719306,3.63854934241569,2.58468191060924,10.3604783778637,2.97422993963543,2.96657790358149,-0.0316448512034436,-0.21309659203344,0.112097047633767,0.234067573068626,0.242132401162227,0.20046962421746,1.74207744411176,-0.138818672778704,-0.354460351986102,50,1019,207,-663,379,626,-184,933,368,54.5555555555556,1020.44444444444,212.222222222222,-660.3,381.4,625,-182.111111111111,935.388888888889,369.488888888889,0.76420450650862,0.76420450650862,0.76420450650862,0.76420450650862,0.76420450650862,0.76420450650862,0.76420450650862,0.76420450650862,0.76420450650862,40,39,49,27,46,50,59,38,59,447.292879450397,422.678366421268,438.020044321073,551.61,148.525714285714,481.311428571429,114.938704714863,129.11458752412,154.700189540771,466863.775714285,416894.142857143,447706.182857143,0,45.1536298525002,0,65.469414028016,0,74.4110557158292,0,24.4095480041801,0,42.2622657594098,0,114.743962636412,0,72.6092510121579,0,43.9510120008267,0,127.486677061054,1
2273703,30,1000,188,-681,361,595,-194,914,330,80,1039,237,-654,407,656,-165,952,388,60,1019,207,-663,379,626,-184,933,368,55.7,1020.74,211.52,-660.03,382.58,626.99,-181.23,934.37,368.72,53.7050060737805,1020.65139166097,210.894558667579,-659.978618325417,382.444597318473,626.782919028497,-180.926607941653,934.298564195546,368.33304098463,56.5950527873241,1020.78428671292,211.835549424548,660.055838547013,382.648611653041,627.093366254181,181.382110473994,934.40568812481,368.91009744923,101.525252525252,91.3256565656567,134.93898989899,34.4536363636364,53.0339393939393,130.939292929293,55.7142424242425,67.3667676767677,141.63797979798,10.0759740236491,9.5564458124167,11.6163242852027,5.86972200054111,7.28244048337776,11.4428708342484,7.46419737307652,8.20772609659751,11.9011755636987,2.67981812307526,2.59486626511916,2.78469905018688,3.40800030632983,4.97445745187638,3.09835710618179,2.33638851761013,2.80296438444604,3.36920628157299,-0.192439958895616,-0.0251029393808033,0.272401752723065,-0.669052342230356,0.778441705076916,-0.0500582410977387,-0.131431162545385,-0.0774986136403962,-0.464740275077689,60,1019,207,-663,379,626,-184,933,368,55.8888888888889,1020.77777777778,211.3,-659.6,382.322222222222,627,-181.222222222222,934.222222222222,369.177777777778,0.76420450650862,0.76420450650862,0.76420450650862,0.76420450650862,0.76420450650862,0.76420450650862,0.76420450650862,0.76420450650862,0.76420450650862,50,39,49,27,46,61,29,38,58,447.4395821004,423.238768896137,437.484240457363,551.982857142857,149.802857142857,480.797142857143,148.192948074566,132.841117096779,142.112045088694,467176.225714286,418002.754285714,446617.765714286,0,82.1851583435497,0,63.840206565109,0,93.6691087063479,0,27.5872310460846,0,37.7909087390642,0,95.0838091851077,0,42.9937574258504,0,48.934856529346,0,121.230411016883,1
2275265,30,1000,178,-672,361,606,-194,914,339,80,1049,237,-645,398,656,-165,952,407,60,1019,217,-663,379,626,-184,933,368,54.8,1021.34,212.39,-659.22,381.09,628.9,-181.16,934.7,370.36,53.3570475767008,1021.25791995569,211.642956690769,-659.160507824497,380.955738678644,628.715079572096,-180.854898844401,934.654541225849,369.993934158749,55.4616984954482,1021.38110419177,212.74597528508,659.249709897547,381.156437699798,628.992686761937,181.310617449724,934.722696846503,370.543438749089,73.6969696969697,84.8125252525251,152.866565656566,39.5672727272728,51.1534343434343,117.767676767677,55.1458585858585,42.8585858585859,137.283232323232,8.58469391981856,9.20937159922028,12.3639219366901,6.29025219901975,7.15216291365306,10.8520816789995,7.42602575984345,6.54664691720776,11.7167927490091,3.25793513388735,3.58701497605577,3.38887917871218,2.80324981989915,3.51559223145727,2.24341969954878,2.73444529919802,3.62000486695337,3.29871352941652,-0.130320986282584,0.199376563184359,-0.680668242505279,0.108759391838674,-0.505528152645756,0.16782719022659,0.231760950656859,-0.185634464332971,0.14930723039536,60,1019,217,-663,379,626,-184,933,368,54.7777777777778,1021.33333333333,213.044444444444,-659.3,381.4,628.777777777778,-181.344444444444,934.822222222222,370.355555555556,0.76420450650862,0.76420450650862,0.76420450650862,0.76420450650862,0.76420450650862,0.76420450650862,0.76420450650862,0.76420450650862,0.76420450650862,50,49,59,27,37,50,29,38,68,447.743752768716,423.277722494717,437.863196078084,552.227142857143,150.33,481.671428571429,155.952584330118,118.008070060276,138.779633115942,467809.804285714,418080.947142857,447378.214285715,0,58.7960408692646,0,65.8137269519546,0,125.906506272025,0,29.4270141205634,0,36.1455964333354,0,94.4192958639226,0,32.9112851378655,0,31.2598550894656,0,98.5597053756386,1
2276828,40,1000,188,-681,370,595,-203,914,349,80,1049,247,-645,398,656,-165,961,407,60,1019,207,-663,379,626,-184,933,368,55.8,1021.14,210.99,-661.29,382.57,625.58,-182.9,936.38,371.01,54.4570502431119,1021.03554484666,210.393427280426,-661.229554439383,382.44316600676,625.336499408294,-182.654407663149,936.307865444736,370.666893311314,56.4446631666803,1021.19232272868,211.291859758013,661.320247686399,382.633519179907,625.702309409195,183.023004018621,936.416114769497,371.183499094451,73.0909090909092,107.939797979798,128.757474747475,40.41,49.0960606060606,154.589494949495,45.4646464646465,68.3187878787878,130.070606060606,8.54932214218818,10.3894079706111,11.3471350898575,6.35688603012513,7.00685811231115,12.4334023883045,6.74274769397806,8.26551800426252,11.4048501112731,2.80064483185692,2.66868902183556,3.29474420644708,3.32416842022584,2.77284629480728,2.87661723919122,3.13617877801575,3.3181082987438,3.51205364985933,0.0419542223694783,0.198973101700289,0.351351703572038,-0.110578084322012,0.124859372103894,0.27311311769994,-0.132013198866965,0.172192518777994,0.448213109259702,60,1019,207,-663,379,616,-184,933,368,55.7777777777778,1021.11111111111,210.933333333333,-661.2,382.411111111111,625.555555555556,-182.777777777778,936.255555555556,370.744444444444,0.76420450650862,0.76420450650862,0.76420450650862,0.76420450650862,0.76420450650862,0.76420450650862,0.76420450650862,0.76420450650862,0.76420450650862,40,49,59,36,28,61,38,47,58,447.55806401987,423.217093584202,438.751940517551,551.97,148.654285714286,481.924285714286,143.129966012032,158.034811313555,130.472837476587,467427.432857143,417966.968571428,449207.035714286,0,50.7884332161107,0,79.4551790486584,0,87.3580171372527,0,36.2203165590482,0,38.9097685037173,0,112.743191652662,0,37.4886483313651,0,50.2938019439458,0,85.904936505256,1
2278390,-232,745,69,-790,314,595,-203,914,339,969,1303,346,-545,453,686,-165,952,407,50,1019,217,-663,379,626,-184,933,373,53.77,1016.06,216.35,-661.16,382.59,626.39,-182.14,933.63,373.49,0,1011.09231094054,209.033412241926,-660.159453208125,382.031101262149,625.991201980243,-181.833690203956,933.568418407281,372.97764397909,162.17062002718,1018.42290822624,218.991620844269,661.66824013247,382.866308259162,626.594677602675,182.291469904656,933.660703896228,373.745996634078,23644.5425252525,4855.85494949495,1161.62373737374,679.105454545454,213.638282828283,259.048383838384,55.7579797979798,57.9122222222222,193.222121212121,153.767820187621,69.6839647945993,34.0826016814113,26.0596518500431,14.6163703712065,16.0949800819505,7.46712660921052,7.61000803036516,13.9004360079863,17.5654478893724,11.1739805955213,9.53153864722377,12.6999586063093,11.8943422980808,4.49231446536257,3.22976176641055,3.12647894649568,2.80262480524357,3.07785584467617,0.0118827488383925,-0.107764931813279,-0.856650579745807,0.132139214184242,1.09860749119857,0.170453836773651,-0.329586639629972,0.0568004973772148,50,1009,207,-663,379,616,-184,933,368,38.2111111111111,1015.52222222222,216.8,-660.111111111111,382.466666666667,625.333333333333,-182.333333333333,933.833333333333,373.4,0.809512300697415,0.809512300697415,0.809512300697415,0.809512300697415,0.809512300697415,0.809512300697415,0.809512300697415,0.809512300697415,0.809512300697415,1201,558,277,245,139,91,38,38,68,450.209613943136,423.47827298429,438.018133706278,551.22,149.065714285714,482.134285714286,27153.4348646776,797.919987272129,194.965677740439,476332.225714286,418719.582857142,447702.239999999,1.93285950109672,21332.7120696957,0,4075.73738697236,0,665.501819284562,0,508.255930491097,0,124.360863141636,0,235.173033947239,0,50.9956125862559,0,43.8685398657934,0,170.213927248723,1
2279953,-272,666,-79,-790,287,585,-203,914,330,929,1421,336,-536,453,707,-165,952,398,-40,1000,227,-654,388,626,-184,933,368,66.8,1014.85,210.43,-658.07,381.95,629.26,-182.88,934.41,371.79,0,994.706832337926,0,-655.323886288066,379.948160983072,628.139646403639,-182.407845676064,934.35452731478,371.358080462478,283.384791405608,1024.10445268049,220.915300511305,659.468035616587,382.852882972037,629.837185310617,183.111823758052,934.437686525966,372.003696218196,76610.8080808081,19060.0075757576,4568.4697979798,1860.57080808081,697.502525252525,734.073131313132,85.7026262626263,52.2645454545454,160.551414141414,276.786574964914,138.05798628025,67.5904564119802,43.1343344457847,26.4102731006804,27.0937839976835,9.2575712939532,7.22942220751738,12.6708884511471,4.13402188867731,5.02209236615122,10.1580214480363,4.7259743859876,7.19842606316222,3.36596533877005,2.27765626375966,3.53997681550576,3.01758173966277,1.41567780267545,-0.00492888221658758,-2.4374060486032,-0.525223576620602,-1.03864985903724,0.792689803326008,0.284358512681144,-0.21215418366063,-0.23140227129632,-60,990,227,-645,388,626,-184,933,378,44.2555555555556,1015.36666666667,218.633333333333,-657.322222222222,383.177777777778,627.777777777778,-183.155555555556,934.488888888889,372.033333333333,0.882644875290401,0.882644875290401,0.882644875290401,0.882644875290401,0.882644875290401,0.882644875290401,0.882644875290401,0.882644875290401,0.882644875290401,1201,755,415,254,166,122,38,38,68,459.57403280599,423.457243127383,438.11532956278,553.748571428571,151.345714285714,481.422857142857,91715.2963412039,2338.30349547569,166.624406926203,504814.474285715,419215.414285714,447895.92,1.37029420383861,72556.7029862814,3.87786858428235,9517.9694982498,0,2497.74673909084,0,1360.5688191893,0,374.615833716771,0,704.378690850445,0,83.4634369412229,0,40.3310456034956,0,141.301314536897,1
2281515,-343,617,-118,-827,259,565,-203,914,320,1181,1558,356,-518,453,707,-165,952,407,-55,1000,227,-649.5,379,626,-184,933,373,68.89,1025.87,212.08,-658.27,379.87,629.56,-183.56,932.79,375.3,-131.962936380162,1001.43268674299,157.474231123732,-653.957113681864,377.632665536017,628.178504949813,-182.98047624081,932.713428163749,374.613120948314,343.005320658441,1038.64726928828,222.854885519703,660.491294416512,380.902730365641,630.261295019772,183.852767180698,932.828478338864,375.638496429746,114047.290808081,26645.3465656566,4733.71070707071,2958.94656565657,793.609191919192,892.430707070706,108.652929292929,72.5110101010101,256.757575757576,337.708884704091,163.234023921658,68.8019673197701,54.3961999192643,28.1710701237846,29.8735787456191,10.4236715840883,8.51533969381199,16.023656753612,5.21105700976946,5.43469479396333,9.40498503836767,4.37012655698334,6.51936508602901,2.77701663803398,2.2685299848306,3.05057496047559,3.24205082640276,1.65554328330839,0.943163682193992,-2.18182201192295,-0.639355186592967,-0.58872373796004,0.410757850585811,-0.265712112417454,0.571217579010186,-0.228744402410013,-30,970,237,-645,379,626,-184,933,368,33.7777777777778,1018.98888888889,219.3,-657.022222222222,380.355555555556,628.877777777778,-183.511111111111,932.366666666667,375.633333333333,0.877178009918463,0.877178009918463,0.877178009918463,0.877178009918463,0.877178009918463,0.877178009918463,0.877178009918463,0.877178009918463,0.877178009918463,1524,941,474,309,194,142,38,38,87,468.916009306088,423.292860940824,438.109031742077,560.074285714286,150.497142857143,481.941428571429,135480.967285488,3619.25234625422,282.073953678754,534045.042857143,419384.974285714,447889.324285714,0.977286802983325,109866.268565256,3.10253949082996,17142.6699213825,0,3551.12340168712,0,2106.14223271332,0,539.268874261834,0,771.239228158162,0,102.820364715066,0,67.176778737881,0,218.501330238394,1
2283078,-303,588,0,-781,287,575,-203,914,339,1111,1460,316,-536,481,737,-165,961,417,-80,990,227,-654,379,626,-184,933,378,40.66,1013.76,211.92,-658.16,377.75,630.81,-183.31,932.47,376.97,-176.441836193882,991.530095124749,0,-655.314907760626,375.418906515978,629.341341863072,-182.82187181165,932.395714208664,376.45861397476,299.007056772913,1024.32986874346,219.914256018113,659.595557898929,378.88163059193,631.564604771357,183.553834065105,932.507227854026,377.223183274835,88638.3680808081,21759.9418181818,3487.06424242424,1910.82262626263,864.876262626263,962.216060606061,90.3574747474747,70.130404040404,192.877878787879,297.721964390953,147.512514107047,59.0513695220038,43.7129571896323,29.4087786660083,31.0196076797573,9.50565488261985,8.37438977122536,13.888048055356,5.98441322629468,5.09841999856406,6.25565052839468,3.99160407092549,5.8315803390308,3.5109710775104,2.645667961577,3.51258401308108,3.03714668269974,1.78388387791598,0.320142781460332,-1.66178358814626,-0.347633844706609,0.0157288330757386,0.673725859133484,-0.079082367257363,0.279771502632369,-0.186008229977921,-60,980,217,-645,379,606,-184,933,388,6.8,1012.41111111111,216.933333333333,-657.622222222222,378.122222222222,629.711111111111,-183.233333333333,932.333333333333,377.155555555556,0.878557484671913,0.878557484671913,0.878557484671913,0.878557484671913,0.878557484671913,0.878557484671913,0.878557484671913,0.878557484671913,0.878557484671913,1414,872,316,245,194,162,38,47,78,459.892741639483,423.233895066487,438.208172279767,542.717142857143,150.171428571429,482.627142857143,106404.522934162,2572.31864204014,197.501185511947,508722.505714286,418924.902857143,448096.744285714,1.17270571587235,82894.7436020122,4.84468308225827,13160.3458541676,0,2201.29615372297,0,1654.39333646378,0,489.107636519855,0,1025.64815269729,0,75.6769717959442,0,56.4991921856748,0,131.869873664481,1
2284640,-313,588,-79,-800,287,565,-203,904,349,1111,1470,346,-536,453,696,-155,942,417,-80,990,227,-654,379,626,-184,933,378,50.44,1014.32,215.52,-657.54,379.85,628.37,-184.57,931.99,377.02,0,986.051298770109,285.761921669874,-653.254446611459,377.739636886204,627.227196407216,-184.058844612305,931.926312039907,376.573360739866,326.109398821929,1027.5221554789,227.161528432963,659.71596918674,380.867391620758,628.957208401335,184.822265974638,932.021678932416,377.244880680971,104851.663030303,27229.0076767677,5205.54505050505,2895.26101010101,781.765151515152,745.770808080808,94.1263636363635,59.6463636363637,171.332929292929,323.808065110032,165.012144028152,72.1494632724669,53.807629664398,27.9600635105708,27.3088045890114,9.70187423317595,7.72310582838042,13.0894205102032,5.10805008499098,4.38732432126973,9.27719930324323,4.01908565375434,4.33671456922196,3.30963827029798,2.8899311844539,3.52053715510502,3.20505226098101,1.68340767065465,0.225929856855337,-2.21297845176535,-0.446541965649588,-0.214970866507506,0.727763986783375,0.132358676824067,-0.608596805628392,0.283303029906171,-111,970,227,-654,379,616,-184,933,378,17.9888888888889,1013.77777777778,223.633333333333,-656.722222222222,380.022222222222,627.133333333333,-184.644444444444,932.344444444444,376.777777777778,0.882644875290401,0.882644875290401,0.882644875290401,0.882644875290401,0.882644875290401,0.882644875290401,0.882644875290401,0.882644875290401,0.882644875290401,1424,882,425,264,166,131,48,38,68,463.505352153022,422.684990722688,438.118861206128,548.691428571429,150.291428571429,481.902857142857,125516.47715122,3700.58547664484,183.034165464947,520179.205714286,418230.985714286,447916.02,1.179517711502,100725.351526272,6.01664684583048,17072.0648659039,0,3432.28256903621,0,2132.38897926649,0,524.146648340953,0,643.675849473975,0,93.6617914377209,0,38.7075099671979,0,148.929452176194,1
2286203,-282,676,-49,-781,287,555,-213,914,349,1010,1460,356,-536,435,717,-165,952,407,-60,1000,227,-663,379,626,-184,933,378,62.95,1026.93,211.87,-660.41,379.29,627.17,-186.04,930.28,381.25,-135.562337871673,1009.45324607135,225.258878009009,-657.47299576777,377.455404050276,626.041785664989,-185.528068790482,930.194825834934,380.81931673054,297.20553494173,1035.95837271582,221.847672965032,661.866157164725,380.153140194843,627.743570257792,186.295625284117,930.322707451559,381.464192290705,85220.6338383838,18812.6516161616,4371.20515151515,1944.89080808081,662.127171717172,727.051616161616,96.139797979798,80.2642424242424,165.017676767677,291.925733429555,137.159219945878,66.1150901951676,44.1009161818755,25.7318318764361,26.9638946771718,9.80509041160754,8.95903133292,12.8459206274863,5.75171553305752,4.84394726552463,8.5947037206829,4.2253230412955,4.66428647335725,3.67565765456087,2.80404584368632,2.79593660441845,2.44331526069651,1.76427159331936,0.76973310463297,-2.10428653147265,-0.11252336962535,-0.614622883127705,0.505583813642714,-0.0816952510050197,0.313568730839331,-0.102587342766097,-80,1000,217,-663,379,616,-184,933,388,30.5444444444444,1023.32222222222,218.277777777778,-660.522222222222,380.133333333333,626.455555555556,-186.055555555556,930.088888888889,381.266666666667,0.877178009918463,0.877178009918463,0.877178009918463,0.877178009918463,0.877178009918463,0.877178009918463,0.877178009918463,0.877178009918463,0.877178009918463,1292,784,405,245,148,162,48,38,58,464.989886408319,423.07938000095,438.240238410297,557.892857142857,148.307142857143,482.352857142857,98658.6400570576,2500.44501255969,172.747299015798,518895.972857142,418562.232857143,448166.284285714,0.922856405255432,83553.4568050751,3.82047134699951,11809.4883990066,0,2895.28285195458,0,1429.59919034243,0,463.935419410793,0,636.92307376733,0,86.3028110292299,0,63.3416843569397,0,118.778257289105,1
2287765,-282,607,-89,-790,287,565,-213,904,349,1202,1500,405,-536,472,717,-155,952,417,-75,1000,227,-654,379,626,-184,933,378,64.17,1025.69,211.95,-661.97,379.41,631.77,-186.5,929.65,379.3,-154.857841778964,1001.30272033706,0,-658.747287708791,376.632385157331,630.432533611684,-185.737248710365,929.571907013776,378.659763395828,336.318494882455,1038.25153503378,225.912881438841,663.588916423413,380.729575945972,632.445736802771,186.876483271705,929.689060923059,379.625183569267,110093.273838384,26188.1554545455,6175.58333333333,2167.64555555556,1013.19383838384,862.906161616162,141.989898989899,73.3611111111112,249.282828282828,331.803064841758,161.827548503169,78.5848798009727,46.5579805785813,31.8307059045796,29.3752644518507,11.9159514513067,8.56511010501973,15.7886930517642,5.86628468829042,4.68045897876833,7.00968421569229,4.19144656097703,4.17203496747723,3.12142091953535,2.40668842319335,2.75012766502355,2.5149011430681,1.8761087667585,0.782192631328922,-1.51898138890349,-0.306388371269168,-0.31325376056135,0.330124968942207,0.0952221448291954,0.0587318499266956,0.446154186118354,-90,1000,237,-654,379,626,-194,923,378,26.8333333333333,1021.08888888889,217.244444444444,-661.255555555556,380.044444444444,631.111111111111,-186.666666666667,929.833333333333,378.666666666667,0.881290899230693,0.881290899230693,0.881290899230693,0.881290899230693,0.881290899230693,0.881290899230693,0.881290899230693,0.881290899230693,0.881290899230693,1484,893,494,254,185,152,58,48,68,468.269774275554,424.855275619708,437.746781120204,557.918571428571,149.661428571429,481.05,131483.962453589,2968.83202982534,288.174945374168,532334.147142857,422268.372857143,447154.221428572,1.3677439279753,105188.484445549,4.23832024922701,15946.0853740169,3.70375158066023,4279.22967342479,0,1591.47635966124,0,536.441539607873,0,806.833412850273,0,126.914096479927,0,55.7351190949046,0,196.740214574386,1
2289328,-303,637,-59,-772,305,575,-203,914,339,929,1392,346,-545,435,707,-155,952,407,-50,990,227,-663,379,626,-184,933,378,51.67,1015.37,215.45,-663.24,377.89,630.69,-185.24,931.14,376.02,0,996.65463872277,217.468624121897,-660.519007821707,376.534622714366,629.684672819814,-184.61484857545,931.07183593744,375.600217899502,279.414763389482,1024.59008876721,224.427649811693,664.626526705036,378.557512143135,631.201718945695,185.548106969594,931.174043882238,376.229557584196,76164.4657575758,18998.5990909091,3988.95707070708,1859.7195959596,510.038282828282,652.256464646465,115.396363636364,64.0408080808081,159.23191919192,275.979103842258,137.835405795859,63.158190844158,43.1244663266642,22.5840271614316,25.539312141216,10.7422699480307,8.00255009861282,12.6187130560893,5.66999032642314,4.58774240408589,8.47967788274422,3.90948512237231,3.47769463387702,3.31002601387831,2.57579015615129,2.5548046700182,3.14942204782857,1.7947146997981,0.429631653460336,-1.8898007903474,-0.490158915358446,-0.0826712979259832,0.537490861692181,0.13975299416171,-0.11558717550606,0.0335793983524144,-50,990,237,-663,379,616,-184,933,378,22.0777777777778,1012.88888888889,220.511111111111,-662.355555555556,378.066666666667,629.7,-185.488888888889,931.377777777778,375.988888888889,0.882644875290401,0.882644875290401,0.882644875290401,0.882644875290401,0.882644875290401,0.882644875290401,0.882644875290401,0.882644875290401,0.882644875290401,1232,755,405,227,130,132,48,38,68,459.076266948833,424.588350173408,437.686907428902,549.638571428571,148.002857142857,480.822857142857,90599.2974141522,2251.43851296455,171.321457416526,504953.67,421478.494285714,447026.52,1.24089738875565,72645.2672523638,8.29598251339958,13112.8381502667,0,2754.23770606185,0,1508.80736178276,0,345.27884612794,0,608.485300455493,0,115.28423375604,0,54.6217132725535,0,147.191437864491,1
2290890,-252,686,-29,-772,314,585,-203,914,339,848,1392,297,-563,435,696,-165,952,417,-60,1000,227,-663,370,626,-184,933,378,52.75,1021.63,209.73,-662.22,377.9,630.61,-184.93,931.6,376.68,0,1007.19367047596,312.424503138786,-659.760714634907,376.517695377631,629.533477837471,-184.462081910974,931.534665187853,376.195028442576,257.510407556666,1028.8148958875,218.346399100145,663.468612671315,378.60520334512,631.164328839962,185.158661693154,931.632770999389,376.922113970512,64170.7550505051,14881.0435353535,3725.73444444444,1671.99151515151,538.878787878788,706.502929292929,85.4798989898989,61.6767676767677,184.300606060606,253.3194723082,121.987882739859,61.0387945854474,40.8899928485139,23.2137628978756,26.5801228231348,9.2455340024197,7.85345577925843,13.5757359307187,4.64467567374873,5.08222876528736,8.16490367252652,3.66876089480712,3.36323894257457,2.91137932041677,2.46847451796614,2.71501390061742,2.79901001925554,1.46503064919616,0.475099136448251,-2.11954462449064,-0.420013442543038,0.484567033160336,0.776643195539531,0.37596018884553,0.3931772438673,0.0303954674036458,-80,990,227,-663,370,616,-184,933,388,28.8777777777778,1019.18888888889,216.966666666667,-661.233333333333,377.677777777778,629.288888888889,-185.233333333333,931.266666666667,376.6,0.875789999048481,0.875789999048481,0.875789999048481,0.875789999048481,0.875789999048481,0.875789999048481,0.875789999048481,0.875789999048481,0.875789999048481,1100,706,326,209,121,111,38,38,78,459.581727343671,424.252196450781,437.946948588426,550.332857142857,148.41,481.435714285714,77194.9393766483,2174.90237158352,190.928899150414,502477.221428571,420814.675714285,447554.412857143,0.941253798362235,60006.7858311555,4.83737670645498,8546.79073321667,0,1626.12921248802,0,1484.93921899252,0,430.771773728599,0,673.773218219649,0,84.9739343829446,0,33.0569424896546,0,128.370688984861,1
2292453,-262,794,29,-763,314,585,-203,914,349,868,1392,316,-563,435,696,-165,942,407,-35,1000,217,-663,379,626,-184,933,378,60.72,1026.63,212.74,-660.77,376.42,631.83,-186.67,931.15,380.35,-163.347123040285,1016.71696788469,190.086891524648,-658.810471890497,374.824528785445,630.815239604342,-186.316148486231,931.087729178858,379.874001914982,259.212036757555,1031.98216554357,218.054259302587,661.744444631007,377.218981494834,632.348819877131,186.844400504805,931.181051138821,380.586586731587,64145.4157575757,11129.3263636364,2312.47717171717,1301.73444444444,608.225858585859,662.506161616162,65.7990909090909,58.4116161616162,181.84595959596,253.269452871,105.495622485658,48.0882227964101,36.0795571542174,24.6622354742197,25.7391950460025,8.11166388043112,7.6427492541373,13.4850272374942,5.8000388128531,5.26309063658258,5.03965955707268,3.87758462935912,3.30619911107088,3.0424835937054,2.90354999937156,2.48023900449406,2.64449267758779,1.71560604431724,1.11566073963688,-1.19494834611752,-0.0726195208295618,0.190198212457472,0.632319384605019,0.237838153651257,-0.318083251571744,-0.101229995939386,-70,1000,217,-663,379,636,-184,933,378,34.9222222222222,1020.61111111111,215.422222222222,-660.922222222222,376.211111111111,630.755555555556,-186.666666666667,931.5,380.388888888889,0.865833328002114,0.865833328002114,0.865833328002114,0.865833328002114,0.865833328002114,0.865833328002114,0.865833328002114,0.865833328002114,0.865833328002114,1130,598,287,200,121,111,38,28,58,461.307790800579,423.932495258956,438.482986128605,557.181428571429,148.92,482.07,73851.3790466538,1787.64236643887,183.983446896465,505596.741428572,420027.814285714,448652.198571429,0.850650992450047,61329.7017533476,2.59663911861271,8432.38048600831,0,1393.00872860084,0,1112.8604015434,0,381.993889603997,0,641.89421699682,0,66.327497337663,0,39.474456465577,0,152.827850760991,1
2294015,-262,735,39,-772,287,575,-203,914,349,1010,1450,297,-554,462,717,-165,952,417,-60,1000,227,-654,379,626,-184,933,378,45,1018.82,216.95,-661.6,376.45,632.52,-184.57,930.2,380.54,0,1003.0425230249,193.326389177881,-658.601986177202,373.927064866841,631.131723114013,-184.082483189475,930.114395715283,379.895447481248,273.085810689607,1027.33678995741,221.830182797563,663.099705926643,377.649400899829,633.23137951305,184.813175937215,930.242903762238,380.859869243269,73283.696969697,17602.7147474748,2162.95707070707,2006.72727272727,913.603535353535,909.524848484849,90.7324242424241,80.6262626262627,246.008484848485,270.709617431108,132.675222809215,46.5076022893792,44.7965096042903,30.2258752619926,30.1583296700074,9.52535690892599,8.97921280660296,15.6846576261162,6.86729544060293,5.81739894971302,7.30055465130596,3.55713268368003,4.91573824065535,2.93123793935772,2.83253126321468,2.85194895731632,2.55052166786454,1.91061598409667,1.1145471214428,-1.81966963535085,-0.196442077180805,-0.285444299527361,0.608384685920341,-0.0610621620632844,0.266628091718923,-0.108393790090277,-90,990,217,-654,379,616,-184,933,378,12.6222222222222,1011.5,221.4,-661.344444444444,377.177777777778,631.377777777778,-184.633333333333,930,380.711111111111,0.871574563060216,0.871574563060216,0.871574563060216,0.871574563060216,0.871574563060216,0.871574563060216,0.871574563060216,0.871574563060216,0.871574563060216,1272,715,258,218,175,142,38,38,68,459.261906805934,424.443324440722,438.0006031835,548.901428571429,148.872857142857,482.644285714286,88977.5455198663,2874.89793783849,261.851070017051,505373.73,421415.258571428,447669.432857142,1.11960262921218,57221.0565750638,5.25355822998876,10719.6481509056,0,1724.06944992863,0,1605.62091680527,0,640.456658116081,0,864.15538408524,0,76.9645433420803,0,66.5542730066054,0,223.205630920308,1
2295578,-242,735,39,-745,333,585,-203,914,349,838,1401,316,-581,416,707,-165,942,417,-40,1009,227,-658.5,379,626,-184,933,378,44.31,1016.39,218.03,-660.25,376.96,629.67,-183.43,931.18,381.83,-100.317349944575,1004.42280239041,197.969437356082,-658.683625877316,376.254917546441,628.861625351623,-182.993219212021,931.123413712224,381.332830170405,232.577578455018,1022.55023837462,222.475504269571,661.046254054888,377.314987775466,630.089112745174,183.646263234513,931.208193692474,382.076706958171,52655.508989899,12687.2302020202,1978.0495959596,1062.71464646465,270.46303030303,533.314242424242,80.1869696969697,53.0379797979798,190.364747474747,229.4678822622,112.637605629826,44.475269487206,32.5993043862081,16.4457602531178,23.0935974335798,8.95471773407569,7.2827178853763,13.797273189828,6.52182819918895,6.02931403975162,7.29992199883727,3.40531896445474,3.0927397574541,4.35943361810959,2.85960667405611,2.8168632769607,2.76297746900016,1.82819491863011,0.783797670893665,-1.79942084888619,-0.460340605170739,0.258804605037538,1.09856706744805,0.0987353433098229,-0.437077881956394,-0.138167827171727,-90,1009,227,-663,379,616,-184,933,388,17.1444444444444,1011.75555555556,222.277777777778,-659.511111111111,376.533333333333,628.222222222222,-183.466666666667,931.533333333333,381.922222222222,0.872988294470946,0.872988294470946,0.872988294470946,0.872988294470946,0.872988294470946,0.872988294470946,0.872988294470946,0.872988294470946,0.872988294470946,1080,666,277,164,83,122,38,28,68,455.372565864563,423.219865958433,438.483393429599,548.027142857143,148.448571428571,484.105714285714,63651.9269839491,1289.29745034269,197.656382086858,492512.858571429,418440.445714286,448653.111428571,1.12881889089036,45509.305020228,4.75000719725137,8279.15065633321,0,1088.46240379193,0,1018.98268675419,0,209.033913992369,0,523.330866919057,0,66.2890441694602,0,42.6177907184804,0,158.337622802276,1
2297140,-282,725,0,-754,333,575,-203,904,349,848,1411,297,-572,425,717,-155,952,417,-40,1000,227,-663,379,626,-184,933,378,60.82,1019.27,213.51,-660.78,379.2,626.56,-185.84,930.59,380.87,0,1005.51699763132,0,-658.650158045796,378.040460948121,625.33785832902,-185.401682044558,930.504561073516,380.38684175864,258.600928072581,1026.2755331781,220.775519476232,661.855633805439,379.787940830143,627.188568135613,186.055905576792,930.632596678195,381.112148848603,63813.5026262626,14474.885959596,3187.18171717172,1437.04202020202,450.747474747475,796.026666666667,81.1054545454545,80.0827272727273,186.376868686869,252.613346096881,120.311620218481,56.4551301227064,37.9083370804104,21.2308142742447,28.2139445428438,9.00585668026393,8.94889531018926,13.6519913817314,4.33026670219461,5.11521147970556,7.27141763705418,3.30214055153133,2.8700839224449,3.72149343753116,3.18483039087607,3.05302769050084,2.77002158334545,1.33969648399608,0.626893948515155,-2.02843782402086,-0.31675747986361,0.364955178522257,0.745248172890549,0.185150083913328,-0.279071009827276,0.136482543397102,-60,1000,217,-663,370,616,-184,933,388,39.6333333333333,1015.71111111111,219.666666666667,-660.122222222222,378.922222222222,625.322222222222,-185.755555555556,930.766666666667,380.622222222222,0.872988294470946,0.872988294470946,0.872988294470946,0.872988294470946,0.872988294470946,0.872988294470946,0.872988294470946,0.872988294470946,0.872988294470946,1130,686,297,182,92,142,48,48,68,458.944772687888,422.933626023867,438.28845077962,554.4,147.848571428571,482.408571428571,75649.9824776453,1891.82066678543,199.562097556092,500939.031428572,418138.825714285,448260.128571429,0.950313484515018,60965.0548860474,5.05148392421066,8250.80801236132,0,1616.20409002133,0,1240.91987584202,0,389.96914796864,0,758.822744007166,0,70.1057935396893,0,50.4405059820161,0,143.081579238292,1
2298703,-252,705,-29,-754,305,575,-203,904,349,797,1323,346,-563,435,696,-155,952,407,-40,1000,227,-663,379,626,-184,933,378,49.69,1024.46,208.48,-660.36,374.6,628.34,-185.96,929.45,379.96,0,1012.76284669587,569.342612193792,-658.729672473452,373.125322393447,627.078570752181,-185.321083837499,929.363018788284,379.453912134514,248.390197069047,1030.44733004652,218.535992458908,661.176390988063,375.303210750987,628.980476644546,186.270878024451,929.493491101471,380.211414873357,59826.8625252525,12427.6852525253,4337.44404040404,1089.78828282828,532.666666666667,813.418585858586,116.887272727273,81.6641414141415,193.048888888889,244.595303563361,111.479528401071,65.8592745207844,33.0119415186124,23.079572497485,28.5204941377001,10.8114417506303,9.03682142205662,13.8942034276488,4.22837029156228,4.11983621594454,8.56290004919442,3.47641510888321,4.12661875089494,2.85737023189684,2.48206193258869,3.16378608270433,2.61762915006788,1.43167831630333,0.585074652236936,-2.2850986654051,-0.16727624403996,-0.560278620124098,0.42886999258905,0.368645122087261,0.0245064181535413,-0.108831137481709,-40,1000,227,-663,379,616,-194,933,378,29.2,1023.22222222222,216.655555555556,-660.333333333333,375.644444444444,627.544444444444,-186.288888888889,929.388888888889,380.066666666667,0.883990387745888,0.883990387745888,0.883990387745888,0.883990387745888,0.883990387745888,0.883990387745888,0.883990387745888,0.883990387745888,0.883990387745888,1049,618,375,191,130,121,48,48,58,460.086211457849,422.566643830826,437.716650715731,549.698571428571,146.82,481.478571428571,70143.1440231766,1566.04767348909,202.045871511571,501976.015714286,417267.068571428,447092.447142857,0.778611608642338,62854.9955887177,1.77511633626881,8685.94664955663,0,3045.55245140502,0,851.817237934596,0,363.427151271723,0,768.043310560481,0,109.963263858207,0,67.9220585001502,0,139.729175208935,1
2300265,-232,725,-19,-745,314,585,-203,914,359,808,1362,297,-581,416,717,-165,952,407,-30,1009,222,-663,379,626,-184,923,388,58.07,1022.01,212.38,-661.02,376.79,627.14,-185.49,928.63,384.41,0,1011.60004796088,171.428559265033,-659.139129473167,375.473633472688,626.325104176015,-185.0453298544,928.564336711876,384.053676027201,232.042431464592,1027.14211772276,219.508131967816,661.961630307981,377.412042733138,627.561917263946,185.708938934021,928.662990540702,384.586362212703,50981.3788888889,10622.7170707071,3109.65212121212,1258.34303030303,473.884747474747,534.727676767677,82.0908080808083,61.8920202020202,136.991818181818,225.790564215799,103.066566211876,55.764254870052,35.4731311037387,21.7688940342579,23.1241794831228,9.06039778822146,7.86714816194663,11.7043503955503,4.93520012799482,5.33864583581192,7.89607964119107,3.49955579038215,4.10378328932893,4.67157444509937,2.53492194526295,3.21096790985689,2.76593494838191,1.49767103043907,0.312989621583045,-2.03205471670801,-0.17108261959612,-0.79465268071304,1.06685902250466,0.229297976457248,0.591862088587474,-0.274453121489713,-70,1000,217,-663,370,616,-184,923,388,35.3333333333333,1021.35555555556,218.4,-661,377.866666666667,625.977777777778,-185.555555555556,928.477777777778,384.566666666667,0.871574563060216,0.871574563060216,0.871574563060216,0.871574563060216,0.871574563060216,0.871574563060216,0.871574563060216,0.871574563060216,0.871574563060216,1040,637,316,164,102,132,38,38,48,457.727663474106,422.757830050842,438.05272141471,553.911428571429,146.961428571429,483.235714285714,59826.7245849492,1664.80701485202,139.460032416495,495877.902857143,417628.718571429,447775.47,1.09004003702139,49164.0410343329,5.76386975352742,6100.61834156096,0,1543.58518916138,0,1178.18789922584,0,399.758571221535,0,478.909265959854,0,70.7005036406177,0,53.5852836198768,0,117.274633041519,1
2301828,-292,696,-9,-745,324,575,-213,914,359,797,1343,346,-590,425,696,-165,952,427,40,1019,217,-663,379,626,-184,933,388,52.88,1023.13,210.28,-661.44,377.63,629.72,-186.47,928.14,388.59,0,1015.09643009354,242.288136982795,-660.539981407118,377.012130323308,628.906887967424,-185.812708789446,928.079496241978,387.901116642392,204.460411816077,1027.08422731536,214.82555713881,661.90029460637,377.936489373545,630.132620961651,186.798795499329,928.170243005021,388.938105615791,39401.7834343434,8188.90212121212,1951.8602020202,615.279191919192,233.912222222222,525.092525252525,123.968787878788,56.7074747474747,273.395858585858,198.498824768167,90.4925528494589,44.179861951122,24.8048219489516,15.2941891652425,22.9148974523676,11.1341271718437,7.53043655756256,16.5346865282006,8.29141037019654,8.88593609924854,12.1382412184738,6.43915052344122,4.95477843774256,3.71906979917609,2.25758875919557,3.04681449478876,2.73725902327244,2.0663762556877,0.559488000601783,-2.07298628876543,-0.801664238663682,-0.0218484302650637,0.508977546796379,-0.097436778674779,-0.0179290256992453,0.329879556710384,60,1019,207,-654,379,636,-184,933,388,30.8333333333333,1020.18888888889,214.1,-660.333333333333,377.677777777778,628.855555555556,-186.633333333333,928.044444444444,388.211111111111,0.839865739507881,0.839865739507881,0.839865739507881,0.839865739507881,0.839865739507881,0.839865739507881,0.839865739507881,0.839865739507881,0.839865739507881,1089,647,355,155,101,121,48,38,68,455.46786261119,423.656288944193,438.646589632379,551.267142857143,148.247142857143,484.397142857143,46645.6765324195,841.294448343844,300.618054274495,489795.467142858,419149.332857143,448999.988571428,1.20345802660685,37830.4226202639,4.15739025034041,5314.58877903706,0,998.702411293261,0,480.635282908741,0,169.239345394964,0,469.973859244547,0,121.254001383829,0,43.7993296720996,0,247.202574565414,1
2303390,60,901,59,-690,361,535,-223,904,126,444,1098,237,-500,564,747,106,1038,417,333,980,118,-572,500,626,38,995,165,276.86,991.88,123.65,-591.79,485.89,623.55,-10.66,988.14,213.12,224.917047779515,990.920090454356,114.475047256699,-588.834713913066,479.456284337291,621.165520850106,0,987.109366842664,184.125973607541,294.01316297064,992.373145545565,128.977013455887,593.316770368072,488.818299575619,624.759545745401,99.1318314165536,988.642008008966,232.217699583817,9891.19232323233,988.409696969696,1359.34090909091,1827.66252525253,2883.06858585859,1525.13888888889,9811.6004040404,1002.38424242424,8590.83393939393,99.4544736210108,31.4389837140086,36.8692406904578,42.7511698699875,53.694213709287,39.0530266290449,99.0535229259434,31.6604523408028,92.6867516929681,1.84441380001364,4.90870463273285,3.71751454122809,2.27938907340666,2.28946644874602,3.39746745094449,2.03933092343863,2.79654333483329,2.58788020590767,-0.584091283238984,0.973015246268331,1.05891442053145,-0.553085512834121,-0.702296525615471,0.385960247621622,-0.808627396857469,-0.76264176756621,1.05594090292086,343,980,99,-563,509,626,58,1019,165,280.633333333333,989.733333333333,121.055555555556,-590.733333333333,487.688888888889,622.755555555556,-5.7,990.044444444444,207.177777777778,0.615373590438883,0.615373590438883,0.615373590438883,0.615373590438883,0.615373590438883,0.615373590438883,0.615373590438883,0.615373590438883,0.615373590438883,384,197,178,190,203,212,329,134,291,446.917410369112,424.298790968314,437.085849091442,596.738571428571,221.85,510.257142857143,11437.4844322008,4765.54193040952,18129.1943237455,466235.687142857,420553.975714285,446213.657142857,0.15946247119659,7850.32292698287,0,872.487552270035,0,1253.89770969584,0,1491.05843181249,0,2374.75928281548,0,1484.61612716729,0.0589613670193672,7737.78546119799,0,1051.56302205,0.0519366538551643,6711.74885953809,1
2304953,333,950,89,-581,481,606,-184,971,116,373,1000,128,-545,518,666,203,1066,339,353,970,108,-563,504.5,636,67,1009,135,356.4,974.1,105.37,-565.52,503.89,637.6,68.5,1007.62,140.44,356.165975494184,974.007591215467,104.449637828123,-565.436421293212,503.703065487672,637.408965913687,68.6703136382021,1007.47343376725,137.795939072303,356.515637805693,974.146292914981,105.838509059794,565.561650043565,503.982569143021,637.695225009565,75.7211991452856,1007.69427903507,142.560443321421,83.2727272727272,91.1010101010101,99.9526262626263,47.5854545454545,94.2403030303032,122.666666666667,1051.9696969697,151.207676767676,606.147878787878,9.12538915733062,9.54468491365797,9.99763103253097,6.89822111456675,9.70774448727938,11.0754984838908,32.4340823358654,12.2966530717784,24.6200706495306,3.24158225081167,3.61143828859356,2.64976936649341,2.90908918905112,2.81147781994601,2.91062715139017,41.3494008989215,8.34874905760521,43.4787408388554,-0.401044107447459,0.223861635670564,0.357602290372147,0.249120782802562,-0.465638360378956,-0.139738973204743,-3.76845676411748,1.19312830797314,5.29083281112655,353,970,99,-563,500,636,67,1009,145,356.666666666667,973.888888888889,105.022222222222,-565.6,504.377777777778,637.777777777778,68.6,1007.04444444444,138.288888888889,0.506582677431054,0.506582677431054,0.506582677431054,0.506582677431054,0.506582677431054,0.506582677431054,0.506582677431054,0.506582677431054,0.506582677431054,40,50,39,36,37,60,387,95,223,446.865210700435,424.358233603778,437.327191906138,615.372857142857,246.844285714286,521.382857142857,115.97835807332,135.769445646078,1407.96607082615,465971.224285714,420220.118571428,446359.26,0,63.4202578608126,0,69.4193564642171,0,92.5211318919706,0,42.639297668049,0,73.0219985846076,0,103.281722994132,0,840.852949697061,0,108.628724916246,0,403.919145541905,1
2306515,292,950,69,-590,472,606,-126,980,126,373,1009,138,-554,537,666,67,1019,271,333,980,108,-572,500,636,4.5,1000,184,335.17,980.38,111.62,-574.16,495.39,636.7,-9.16,1001.69,183.41,334.386789660124,980.260742737671,110.279605135872,-574.071537558307,495.083447346556,636.46505242254,0,1001.59367408822,175.05644046848,335.554243006999,980.439503488104,112.241436198937,574.203901066511,495.543973830779,636.81818441373,52.8511116250169,1001.73809451373,187.573745497604,260.324343434343,117.854141414141,140.520808080808,50.9236363636364,154.119090909091,152.030303030303,2736.70141414141,97.3271717171716,1560.28474747475,16.1345698248929,10.8560647296404,11.8541472945467,7.13607990171329,12.4144710281627,12.3300568948526,52.3134917028238,9.86545344711391,39.5004398390037,3.22381426939431,3.28773242468255,3.81743584306966,3.43912609617964,3.02367814952358,2.95000452054139,1.78492504781968,2.45880026949459,1.79221396837949,-0.274476562680859,-0.162887317465173,-0.323624717967214,0.574210068785343,0.236451129414368,0.353960424513081,-0.239877795445845,-0.128409584769317,0.194910018107342,333,980,108,-572,500,636,38,1000,145,335.555555555556,980.333333333333,111.855555555556,-574.5,495.222222222222,636.444444444444,-7.88888888888889,1001.82222222222,182.688888888889,0.650022421648354,0.650022421648354,0.650022421648354,0.650022421648354,0.650022421648354,0.650022421648354,0.650022421648354,0.650022421648354,0.650022421648354,81,59,69,36,65,60,193,39,145,446.693265406535,424.421225691516,437.344731666337,611.644285714286,239.112857142857,503.974285714286,293.676241847478,182.060680655225,4170.63620830223,465624.175714286,420347.721428571,446338.44,0,199.977429373226,0,90.3607775793915,0,108.688823077584,0,35.5154130104902,0,121.230889767285,0,122.591519638971,0,2118.12661375608,0,91.070842468157,0,1166.41906452623,1
2308078,292,960,79,-600,472,606,-106,971,194,343,1000,158,-563,509,666,-58,1009,271,313,990,108,-581,481,636,-77,990,233,314.77,986,113.09,-581.19,485.72,639,-80.9,992.28,230.98,314.476951063513,985.934908745869,111.734593308326,-581.119728048194,485.591373767636,638.750832055621,-79.800378340559,992.211857350857,230.145669775846,314.916258710153,986.032453826952,113.770075151597,581.225128500136,485.784746569919,639.124401036293,81.4410216045943,992.313992645473,231.401944676357,93.0273737373737,64.6464646464647,155.840303030303,41.2463636363635,63.5369696969697,160.606060606061,88.7171717171718,68.1430303030303,197.070303030303,9.64506991873951,8.0403025220737,12.4836013646024,6.42233319256822,7.97100807282051,12.6730446462585,9.41897933521312,8.25487918161316,14.0381730659763,2.99930087747334,3.25,4.32891268255103,3.05777254278912,2.89394881998908,2.54218583125667,3.14126730826939,2.66324391894273,3.40720034580709,0.00858667686320227,-0.328125,0.39237991467609,-0.00600847633385361,0.444437762143479,-0.0389044174125882,-0.138096138829345,-0.263690255677667,0.34340075800988,313,990,108,-581,481,636,-77,990,223,314.666666666667,986.222222222222,112.933333333333,-581.2,485.588888888889,639.111111111111,-80.7777777777778,992.333333333333,230.822222222222,0.76420450650862,0.76420450650862,0.76420450650862,0.76420450650862,0.76420450650862,0.76420450650862,0.76420450650862,0.76420450650862,0.76420450650862,51,40,79,37,37,60,48,38,77,446.272422480967,424.741263407411,438.065226294497,605.94,232.941428571429,489.582857142857,155.960196529124,163.03381345822,197.966622575942,464732.52,420981.201428571,447799.954285714,0,77.5919338741783,0,42.6472949874418,0,109.731095183388,0,28.6313193478654,0,51.9286736527297,0,140.797578767285,0,72.4871447233759,0,39.3695674776509,0,151.39458359249,1
2309640,292,960,89,-600,462,606,-87,971,194,333,1009,138,-563,509,666,-58,1019,252,313,990,118,-581,490,636,-67,990,228,316.46,986.17,114.92,-578.67,486.81,638.6,-67.23,993.82,226.99,316.131700401158,986.082708557483,113.853606032728,-578.600548403079,486.672020929722,638.39225989137,-66.2813338285362,993.73586996698,226.197844463319,316.622172312679,986.213683742017,115.43673592059,578.704821130773,486.878927455276,638.702747762995,67.7240725296405,993.862022616822,227.377153645655,103.705454545455,87.0314141414142,120.23595959596,40.7081818181818,67.7918181818181,132.565656565657,67.350606060606,84.3713131313131,177.686767676768,10.1835875086069,9.32906287584204,10.9652158937232,6.38029637385144,8.23357869834364,11.5137160189774,8.20674150077886,9.18538584553274,13.3299200176433,2.74122612528706,3.141233780449,3.01970315950639,3.455456995223,3.16834788378626,3.43592670702662,2.40504303664787,2.85737678898331,2.52678003511474,-0.314872919441664,0.114961247623816,-0.104098576307697,-0.278857457291836,-0.012491809616656,-0.559531720426956,-0.502169518756502,-0.0903201458377436,-0.286129836611907,313,990,118,-581,490,636,-67,990,233,316.777777777778,986.111111111111,114.966666666667,-578.5,486.911111111111,639,-66.7555555555556,993.833333333333,227.033333333333,0.76420450650862,0.76420450650862,0.76420450650862,0.76420450650862,0.76420450650862,0.76420450650862,0.76420450650862,0.76420450650862,0.76420450650862,41,49,49,37,47,60,29,48,58,446.64438831343,424.223013085497,437.891269615386,607.521428571429,234.317142857143,494.391428571429,126.290542281702,137.087334033814,179.518009904994,465511.144285714,419953.525714286,447449.417142857,0,93.4870209353831,0,68.401827770325,0,79.1742296919367,0,32.3612505558637,0,54.5586681538198,0,104.609637403717,0,46.6464552726451,0,71.3619620529317,0,135.299925241456,1
2311203,292,960,89,-600,472,606,-106,971,184,333,1009,138,-563,509,666,-58,1009,262,313,990,118,-581,490,636,-87,1000,223,312.57,985.58,118.08,-579.12,487.82,638.2,-87.81,993.64,220.81,312.305451304798,985.492773686543,116.988330629334,-579.051313532073,487.693648117583,637.947138112174,-86.518762578923,993.542635632057,219.572179301874,312.702814186249,985.623467658923,118.596627270762,579.154331763132,487.883367209828,638.326248872785,88.4219995250051,993.688452182071,221.434572729734,83.8839393939395,86.5490909090909,123.508686868687,40.1672727272727,62.4521212121212,162.787878787879,108.943333333333,97.2630303030302,279.003939393939,9.15881757619069,9.30317638815318,11.1134462192736,6.33776559421952,7.90266544984167,12.7588353225472,10.437592314961,9.86220210211848,16.7034110107469,2.7549085057975,3.72923802864912,2.95554455525409,3.81265664193953,3.02584123961417,2.56233502194717,2.81366590786474,2.44767233174465,3.02139381923132,0.197385255860673,-0.328197482319387,-0.365340789940424,-0.00248305802196804,0.223576904074424,-0.03631836639365,0.179098126386427,-0.463743440123734,0.287074084915141,313,990,118,-581,490,636,-87,1000,213,312.333333333333,985.777777777778,118.366666666667,-579.1,487.822222222222,638.222222222222,-88.0555555555556,993.944444444444,220.566666666667,0.76420450650862,0.76420450650862,0.76420450650862,0.76420450650862,0.76420450650862,0.76420450650862,0.76420450650862,0.76420450650862,0.76420450650862,41,49,49,37,37,60,48,38,78,446.048866794584,424.442793355813,437.934221037668,606.955714285714,234.385714285714,482.845714285714,127.381802604614,167.797322966188,285.58665193974,464272.212857143,420390.137142857,447543.625714286,0,59.3890440406936,0,59.432386731227,0,114.964514838626,0,23.2991466377244,0,57.7661396313497,0,117.706582411611,0,97.2803434724427,0,85.5683907944417,0,209.256551073633,1
2312765,303,970,99,-600,462,606,-116,961,203,343,1009,148,-563,509,676,-48,1019,310,323,980,118,-581,490,636,-77,990,242,319.1,985.09,117.47,-578.67,486.98,639,-73.61,990.51,239.43,318.825975030665,985.004416302565,116.576785231958,-578.597782439562,486.850190365063,638.786026645428,-71.5679237454916,990.397497091166,237.449672104403,319.237529122126,985.132889512882,117.924509750942,578.706220806378,487.044802867252,639.107189757712,74.7042836790501,990.566065439353,240.477046721719,88.6767676767677,85.3554545454545,108.069797979798,42.3445454545455,63.7571717171716,138.383838383838,163.937272727273,112.191818181818,507.560707070707,9.41683427043121,9.23880157517492,10.3956624598819,6.5072686631601,7.98480880905558,11.7636660265343,12.8037991520983,10.5920639245531,22.5291079954513,2.91909980585264,2.43115016113957,3.14973335989043,3.2982467985107,3.38501934495866,3.29484788747403,4.63779937309972,3.22282098885589,3.64933970292285,0.19021348555511,0.259626895318885,0.388679820691641,-0.304570272467405,-0.0530295536421721,0.149668494782498,-0.91358365514342,-0.285298414615848,0.81396933892443,323,980,118,-581,490,636,-77,990,242,318.888888888889,985,117.133333333333,-578.5,487.1,639,-72.8888888888889,990.677777777778,238.288888888889,0.76420450650862,0.76420450650862,0.76420450650862,0.76420450650862,0.76420450650862,0.76420450650862,0.76420450650862,0.76420450650862,0.76420450650862,40,39,49,37,47,70,68,58,107,446.666621285282,424.371221885832,438.014260171971,609.282857142857,234.561428571429,495.57,116.686647304432,143.214388064725,591.486373272447,465559.542857143,420244.941428572,447699.03,0,74.5364684059388,0,67.0504945201532,0,69.0454333719232,0,30.4902861732069,0,48.334047135246,0,108.507064182863,0,149.817839567557,0,90.206447509125,0,433.344914191152,1
2314328,303,960,79,-600,444,606,-194,914,262,353,1009,128,-563,500,666,-87,1000,407,333,980,108,-581,481,646,-165,942,368,329.3,981.99,105.97,-577.97,478.96,644.9,-155.97,944.53,359.56,328.747867649807,981.868141889041,104.778196000333,-577.875409844345,478.794007861713,644.645020003272,-152.471361573668,944.207182855188,356.824601681634,329.575181104403,982.050818440675,106.568241047697,578.017672740203,479.041981458828,645.026976180066,157.345320871007,944.69382870854,360.781235653962,183.141414141414,120.656464646465,128.433434343434,55.6657575757575,79.3317171717173,165.444444444445,435.261717171718,312.635454545454,888.592323232323,13.5329750661639,10.9843736574492,11.3328475831732,7.46094883883796,8.90683541847032,12.8625209210498,20.862926860144,17.6815003476926,29.809265727829,2.19409114312017,2.55169492165842,2.41736038474893,3.79220278613696,4.21712373927033,2.61591226856512,4.56330762014119,3.15626216427095,3.92936288422212,-0.0191720649426238,-0.143321120163368,0.214734733247734,-0.655014552572418,-0.601497114624781,-0.166092604033592,1.26883358376473,0.836432175119045,-1.13085975842041,333,980,99,-581,481,646,-165,933,368,329.444444444444,982.111111111111,105.8,-577.7,479.377777777778,645,-157.5,943.522222222222,361.677777777778,0.76420450650862,0.76420450650862,0.76420450650862,0.76420450650862,0.76420450650862,0.76420450650862,0.76420450650862,0.76420450650862,0.76420450650862,50,49,49,37,56,60,107,86,145,446.269976934689,424.166575433655,438.577931048946,607.397142857143,233.952857142857,492.051428571429,207.917358938967,167.083101150344,1376.69821728872,464743.028571428,419848.05,448871.605714286,0,126.230129877745,0,87.8444807453081,0,96.7796277193911,0,46.6892034356375,0,54.0949483462434,0,142.59967208717,0,373.448048562795,0,270.190419229365,0,721.020147692474,1
2315890,323,960,79,-600,462,616,-184,914,339,363,1000,128,-563,490,676,-155,952,407,343,980,99,-572,481,646,-174,933,378,343.2,977.9,101.62,-573.81,477.55,648.7,-173.53,931.62,378.47,342.902150894458,977.817645524937,100.382529987773,-573.73042279257,477.464136417514,648.421635323228,-173.309072875667,931.55505136742,378.095314409936,343.348510991383,977.941204776647,102.246466931626,573.849971682495,477.592975241471,648.838500707225,173.640058742215,931.652488860519,378.655555881595,102.989898989899,81.4040404040405,129.005656565657,46.3372727272727,41.4621212121213,181.525252525253,38.5950505050505,61.1470707070707,141.908181818182,10.1483939118414,9.02241876682968,11.3580657052888,6.80714864883034,6.43910872808662,13.4731307618256,6.21249148933425,7.81965924494608,11.9125220595045,2.59800757256632,2.91169963928239,2.75231295970885,3.9966731802121,2.74133969541265,2.50274765661335,3.00462291927222,2.76987843975679,3.60038075617214,-0.0400021915408319,0.0925785642929999,0.324589906894556,-0.425371027069691,0.102117255063569,-0.201456994514355,0.0211333070935559,0.0704157316192981,-0.214764278767315,343,980,99,-572,481,656,-174,933,378,343.222222222222,977.888888888889,101.411111111111,-573.7,477.5,648.888888888889,-173.533333333333,931.6,378.6,0.76420450650862,0.76420450650862,0.76420450650862,0.76420450650862,0.76420450650862,0.76420450650862,0.76420450650862,0.76420450650862,0.76420450650862,40,40,49,37,28,60,29,38,68,446.339384522308,423.898125359309,437.361785181255,609.737142857143,236.76,487.097142857143,129.827998521971,186.399378101867,144.489556334019,464876.374285715,419310.102857143,446360.254285714,0,74.0604690061621,0,64.8379125353399,0,70.0788297276253,0,34.2076246437092,0,28.1335844578389,0,130.189303978944,0,30.2391865274453,0,52.9708623809991,0,104.05029187312,1
2317453,323,950,79,-590,462,616,-194,914,349,363,990,118,-563,500,686,-165,942,407,343,980,99,-572,481,646,-174,933,388,343.3,976,99.18,-573.89,476.69,649.4,-175.63,932.68,382.13,343.121702763287,975.923992791514,98.0094032192745,-573.799283590171,476.580033478553,649.158252250312,-175.415684126607,932.625136371433,381.681717218881,343.388701037177,976.037909099846,99.755501101443,573.935580008767,476.744910827583,649.520438477497,175.737787626907,932.707328158196,382.35168366309,61.5252525252526,74.7474747474748,115.64404040404,52.8463636363637,52.8827272727273,158.020202020202,38.2556565656566,51.4925252525253,171.184949494949,7.84380344764277,8.64566219253764,10.7537919081615,7.26955044252144,7.27205110493094,12.5706086575075,6.18511572774969,7.1758292379714,13.08376664019,2.63311097293306,2.87655222790358,2.44150328605827,2.82257142789341,3.41771912295447,3.18530914222164,2.84372452336041,2.80720453175363,2.66395179799511,-0.17848366425682,-0.263913558229211,0.0302454926482326,-0.411912015577151,-0.0467542974078891,-0.140539482071901,-0.238977661537331,-0.479565166499149,-0.258398360168227,343,980,99,-572,481,656,-174,933,388,343.444444444444,976.222222222222,99.2555555555556,-573.6,476.655555555556,649.666666666667,-175.644444444444,933,382.255555555556,0.76420450650862,0.76420450650862,0.76420450650862,0.76420450650862,0.76420450650862,0.76420450650862,0.76420450650862,0.76420450650862,0.76420450650862,40,40,39,27,38,70,29,28,58,445.476091409109,423.935229324539,438.518323038832,607.92,236.657142857143,488.22,116.868419189754,162.414755367941,172.632056916016,463078.697142857,419384.811428572,448722.66,0,45.639466007563,0,51.4621703079271,0,70.1406023145728,0,41.1041201376979,0,42.9592701635649,0,115.484599666184,0,34.3248486159742,0,37.7436234698993,0,131.075654989459,1
2319015,-1222,127,-1752,-1209,462,-383,-203,857,-29,2666,2196,831,754,1305,989,310,1409,407,343,980,99,-572,481,646,-174,933,378,337.14,1002.9,90.78,-378.83,654.07,450.74,-74.63,962.07,301.18,382.644452455108,823.374347639826,133.253817318647,-1042.96569730391,581.179819498725,0,-351.770557611403,954.680879664888,246.324880595405,604.35491228251,1049.24964617578,313.398340774166,505.980009486541,701.425470025148,548.968851575388,165.8074485661,966.688610670468,324.983999606134,254122.707474747,96077.1818181818,90886.3753535354,113640.001111111,64838.5102020202,99192.1741414142,22143.9122222222,8998.16676767677,15055.7652525253,504.105849474837,309.963194296003,301.473672736999,337.10532643539,254.634071172772,314.947891152511,148.808306966453,94.8586673302802,122.701936629074,10.5266101498311,7.64322435482239,18.9156820304108,3.66852163219385,2.68796834759624,2.29695770312133,2.58450473028055,11.1814737006407,2.22130372306635,1.69644204144507,0.619035326450885,-3.105942161464,1.05322750812113,1.04699470479281,-0.892941841792104,1.03268709482376,2.78393027158517,-0.930670687878741,343,980,99,-572,472,646,-174,933,388,301.655555555556,998.155555555556,121.1,-401.933333333333,631.744444444444,468.522222222222,-87.3444444444444,948.911111111111,309.555555555556,0.745709019464098,0.745709019464098,0.745709019464098,0.745709019464098,0.745709019464098,0.745709019464098,0.745709019464098,0.745709019464098,0.745709019464098,3888,2069,2583,1963,843,1372,513,552,436,497.91116305209,434.144967841708,441.364483614449,613.208571428571,311.134285714286,509.408571428571,352778.106994416,244619.3791782,39001.0850002255,670452.085714286,449734.397142857,457540.105714286,0.255962041197461,287417.257829286,0.107929457003515,107786.335399918,0.267458517493401,88706.8550262623,0.285042167999061,105380.14295385,0.13357308123939,54602.2390408145,0.233183283923571,86714.2971965727,0.0696819230514894,19049.7833328881,0.476838888072298,9908.06069176494,0.178640256544019,12507.2319068835,1
2400562,-2151,49,-2297,-2109,638,-323,-174,828,-29,3959,2852,1019,800,1425,828,339,1647,475,171,1039,198,-227,967,181,126,966,155,201.7,1104.58,178,-158.26,996.57,196.7,125.77,996.5,156.47,0,695.10663175108,219.348332786867,0,977.81050092568,0,128.544008267808,982.455085806448,121.876878788922,739.040269538812,1193.8603603437,418.240265875968,442.834280515861,1006.6898082329,282.074919126107,150.907952076754,1005.02199975921,171.660974015645,510603.666666668,207278.367272727,144687.797979798,172783.81050505,20477.3788888889,41288.2525252525,7025.3708080808,17229.2626262626,5034.97888888889,714.565369064768,455.278340438821,380.378493056321,415.672720424435,143.09919248161,203.195109501318,83.8174850975666,131.260285792248,70.9575851399193,14.4857148411345,4.76999174034963,25.3389657810918,6.95194640593081,4.06953402775476,4.26124870068993,4.88715828432691,10.3220489020603,8.37088650114925,2.29606275645483,0.309644531239168,-4.24113341908746,-0.881856628516182,0.923202230041852,0.538847575611518,-0.00217897169576065,2.14987844325351,1.31741167235087,171,1009,168,-263,1009,161,145,895,135,141.166666666667,1100.91111111111,228.7,-147.766666666667,989.477777777778,189.5,125.588888888889,984.2,153.2,0.569502306461186,0.569502306461186,0.569502306461186,0.569502306461186,0.569502306461186,0.569502306461186,0.569502306461186,0.569502306461186,0.569502306461186,6110,2803,3316,2909,787,1151,513,819,504,565.486097088701,475.007751331142,438.068247018602,636.12,443.575714285714,548.031428571429,665502.312731478,199835.099975346,18779.932885056,919889.142857143,552468.355714286,455275.68,0.410095732615955,529350.051166987,0.141578729062224,239423.813767114,0.546062409281543,151026.35953979,0.397983275400226,191190.810458871,0.401088666819578,21471.3989545793,0.678408017224885,45260.1477583151,0.305662170520135,8208.13282448637,0.426250973226945,20416.2775258611,0.860161622170017,5574.91255587723,1
2402125,-1444,-9,-2603,-1136,592,-454,-87,809,-97,2797,3098,1564,827,1379,919,398,1647,368,181,1039,202.5,-176.5,944,191,126,961,145,288.1,1106.93,97.6,-131.86,966.13,156.69,142.87,994.33,148.5,0,18055.1118209256,276.226994094201,-906.876932046716,944.460112478896,0,0,980.147824960519,0,741.158795400824,1198.1712940978,571.876787428901,371.75612974099,977.534168200785,284.469910535368,176.718674734732,1002.8132577903,165.414086461825,471025,212444.873838384,320724.545454545,122035.91959596,22389.7708080808,56940.7817171717,10926.9223232323,17113.4152525253,5363.20202020202,686.31261098715,460.91742626894,566.325476607353,349.336398899341,149.632118236964,238.622676452117,104.531920116452,130.818252749856,73.2338857374236,6.34169308870393,5.73158431466182,13.2844631830462,3.94659033164977,4.15333030841386,3.60648164252141,2.92373634960513,8.7812542910455,4.30223602973709,1.34613996233479,0.580684293600314,-2.82580201211918,-0.182280019672344,0.798438503057651,0.20360931992334,0.294483592252424,1.94391558133371,0.102914318016871,181,1000,198,-209,944,202,126,961,126,245.244444444444,1100.33333333333,172.233333333333,-127.122222222222,958.933333333333,154.355555555556,141.166666666667,981.777777777778,147.455555555556,0.644836841689628,0.644836841689628,0.644836841689628,0.644836841689628,0.644836841689628,0.644836841689628,0.644836841689628,0.644836841689628,0.644836841689628,4241,3107,4167,1963,787,1373,485,838,465,584.784014936973,456.409099767281,438.558792143652,639.698571428571,424.697142857143,551.014285714286,713859.185720577,159736.136273963,19114.6568051979,990845.944285714,503442.342857144,456096.745714285,0.42042183369473,507942.21230283,0.226793131343424,219612.753914627,0.500983523381194,336451.251879574,0.329432158940981,137076.966968202,0.556365179722388,23620.0857868487,0.814473554435477,64654.127166738,0.287488695455238,12480.3810812113,0.540173698418377,20163.4027244509,0.768307528207766,5866.56811700002,1
2403687,-868,235,-316,-990,750,-212,-126,847,-9,2333,1519,1000,654,1305,575,378,1371,281,191,1019,158,-190,953,202,87,1000,140,190.74,1023.25,133.14,-196.09,955.7,177.75,92.49,1004.46,139.5,0,989.095538166019,329.804348744801,-267.992983041019,947.666016969424,0,0,996.853668328943,120.101195004263,404.936414761627,1031.34918916922,207.42656531891,293.063457292103,959.75214508747,229.289576736493,146.367790172565,1008.53691057888,149.495551773289,128880.557979798,16808.6742424242,25555.0711111111,47914.0423232323,7840.09090909091,21190.553030303,12999.1211111111,8289.70545454545,2917.84848484848,358.99938437245,129.648271266624,159.859535565168,218.892764437823,88.5442878399895,145.569753143649,114.013688262029,91.0478196034669,54.0171128888659,16.5978334138329,17.7828418091944,11.5497498978048,7.29880635063199,5.12108730596755,4.19699663823385,2.65597458844814,5.58351874837811,3.27454660621102,2.49848117556491,-1.28826306612666,0.6252771556045,0.15302172421997,0.45142958483563,-0.430665721094714,0.259051914075309,1.0911743269605,-0.0470841396374271,191,1019,158,-154,962,212,87,961,106,163.888888888889,1022.08888888889,137.5,-195.755555555556,953.788888888889,180.233333333333,89.7333333333333,998.977777777778,139.622222222222,0.677640305783194,0.677640305783194,0.677640305783194,0.677640305783194,0.677640305783194,0.677640305783194,0.677640305783194,0.677640305783194,0.677640305783194,3201,1284,1316,1644,555,787,504,524,290,473.625682433487,438.950745846656,439.76945254098,577.341428571429,401.725714285714,529.907142857143,141300.592788406,51286.8292801844,13003.2316880003,544577.327142857,454107.462857143,454679.635714285,0.552527118265484,145299.90576656,5.32777585588233,17451.0504194915,1.30827617738267,25176.6291389636,2.33707783202528,55079.1185476586,0.576961797141937,9008.27486139088,0.398037667941203,24882.476425004,0.266816291863504,15375.4123603124,0.775687640699736,9738.6780353602,0,3254.22849569472,1
2405250,-858,9,-1405,-2300,675,-343,-310,771,-145,4474,3176,752,1118,1324,606,359,1590,475,202,1039,183,-204.5,939.5,212,135,952,169.5,204.92,1056.87,145.7,-154.3,982.25,182.86,125.89,989.35,170.47,-4496.89457351457,391.076393561901,0,-703.493509010562,967.819763904136,0,0,976.388761156212,0,674.046882642446,1149.79831709739,349.525278055822,477.465705574756,989.848498508736,268.744376685355,160.344410566755,997.066381942547,184.601652213625,416512.114747474,207133.306161616,101959.02020202,206227.282828283,15136.351010101,39177.5357575758,9961.65444444444,15482.7752525253,5068.43343434343,645.377497862665,455.119002197905,319.310225645875,454.122541642983,123.029878525913,197.933159823148,99.8080880712803,124.429800500223,71.1929310700398,23.5637921306775,7.04169345740865,14.7322339254719,7.17389108050316,3.22925890073209,2.89048246273218,5.35915455116794,8.90326802322674,9.29502155848993,3.5200003974064,0.710687336871803,-3.20388838263365,-0.78192002591172,0.688481364943581,-0.205338497964904,-0.79067022981524,1.97839854168737,0.0820775206043979,202,1039,168,-290,925,212,135,952,135,149.011111111111,1050.27777777778,190.366666666667,-145.577777777778,977.133333333333,184.544444444444,127.688888888889,977.933333333333,170.244444444444,0.598605402168092,0.598605402168092,0.598605402168092,0.598605402168092,0.598605402168092,0.598605402168092,0.598605402168092,0.598605402168092,0.598605402168092,5332,3167,2157,3418,649,949,669,819,620,534.671073138469,473.9714055685,436.701397727502,603.21,433.204285714286,551.018571428571,547992.074255394,231391.332672787,21684.3753916931,813661.41,548570.181428572,451684.058571429,0.57641913148413,398813.188533376,0.339794860010508,237956.267313294,0.562151296156709,105218.634104626,0.828179046239572,232802.647457536,0.410108379566712,16856.6864502519,0.374817097427699,44776.4898781629,0.600933128335392,11668.7271021854,0.97163961249,17766.4669343409,1.37536674226426,5197.80692332051,1
2406812,-1797,19,-2475,-1572,638,-717,-155,733,-145,3656,3166,1069,554,1314,989,310,1571,563,202,1029,188,-209,944,207,150,971,155,318.58,1114.98,76.9,-190.59,957.7,187.65,126.04,996.64,155.76,241.401433655151,631.525564542183,0,-1131.35015651303,946.699379842449,0,0,981.877099486496,136.076387033992,763.203000518211,1196.45452065676,535.350838236011,398.406940200594,963.361520925556,301.117169885744,160.449992209411,1005.79164840438,181.22847458388,485844.044040404,190225.272323232,283522.131313132,123639.941313131,10985.9898989899,56019.2196969697,9957.69535353535,18510.656969697,8669.27515151514,697.025138743506,436.148222882121,532.467962710558,351.624716584502,104.814073000671,236.68379686191,99.7882525828334,136.053875246892,93.1089423821104,11.370636501081,10.3060545243401,12.4305645570492,6.17142041126641,4.92401164401616,6.89776326333918,3.51102586547422,9.69247067553701,8.01993257942499,2.04185802842627,1.75171976136363,-2.90354525557392,-0.957880371514508,0.68093678619291,-0.569049209503356,-0.835666311727508,2.25875757576003,0.618298509916293,202,1000,178,-300,916,202,174,933,135,261.711111111111,1091.11111111111,149.033333333333,-176.3,953.677777777778,193.255555555556,130.133333333333,980.766666666667,153.444444444444,0.6098403047164,0.6098403047164,0.6098403047164,0.6098403047164,0.6098403047164,0.6098403047164,0.6098403047164,0.6098403047164,0.6098403047164,5453,3147,3544,2126,676,1706,465,838,708,579.126860681589,457.374881951513,439.908261585021,647.34,409.182857142857,547.902857142857,776586.65299885,158317.960127234,23903.4224648373,985964.039999999,504627.882857143,458659.2,0.327019631022821,489833.010639013,0.320580611794075,194391.078875783,0.387757806450101,302512.359000863,0.718096581520373,134119.773484753,0.441338471823406,11316.4284378139,0.783473004145369,61285.7970543788,0.403725256182711,11700.963523745,0.971971608425246,22030.2519551269,1.57656667397657,9392.12700656166,1
2408375,-323,401,-2811,-763,833,-424,0,923,19,757,1901,564,209,1157,717,223,1152,291,191,1009,188,-209,953,181,116,990,145,202.15,1013.73,137.5,-187.52,959.82,169.61,122.13,1001.64,146.2,227.477335850596,980.675426174702,208.24492031329,0,957.508359091656,0,0,999.760298953708,121.720456645954,245.054463334174,1028.95695245234,465.582559810825,231.129703846131,961.017013376974,211.216689681474,131.558238054483,1002.61684605835,152.656149564962,19380.8762626263,31418.0778787879,199859.464646465,18441.6056565657,2322.49252525252,16004.9877777778,2415.99303030303,1977.62666666667,1948.9494949495,139.21521562899,177.251453812904,447.056444586659,135.799873551361,48.1922454887975,126.510820793234,49.15275201149,44.4705145761398,44.1469081018082,9.79574184241274,15.7454871011508,38.8347151351457,6.58518724166876,5.69318742984273,12.5802136379566,2.31402968135632,4.07916780822429,4.46932825787661,-0.3308468468966,1.59786129006537,-5.87251157254352,0.112645107783887,0.911205770264589,-1.09828666737921,-0.112869315593842,0.991356791446856,-0.112337910428685,191,1009,207,-236,953,151,87,990,145,205.311111111111,1012.05555555556,197.322222222222,-191.011111111111,957.877777777778,175.877777777778,122.922222222222,998.711111111111,146.844444444444,0.532546308974078,0.532546308974078,0.532546308974078,0.532546308974078,0.532546308974078,0.532546308974078,0.532546308974078,0.532546308974078,0.532546308974078,1080,1500,3375,972,324,1141,223,229,272,472.773352448555,432.334749518149,437.927652690512,580.02,403.675714285714,544.272857142857,221564.508309281,21844.2724796846,2904.61369163995,572387.665714285,437823.055714285,448222.29,0.898162483056312,17672.563447769,0.586369417581268,37218.3317315375,0.746935531691427,229130.584017503,0.150689602486042,21436.4902926076,0,2520.37837842348,0.532929827754773,18162.5044334577,0,2627.20433366954,0,2254.5611518182,0,2069.00109520964,1
2409937,-474,519,-1277,-818,768,-515,-145,790,-155,2181,1882,544,372,1250,494,417,1285,291,191,1049,173,-254,953,191,135,975.5,140,213.98,1039.05,140.14,-212.73,955.83,178.46,126.92,998.83,122.68,218.728210680337,1002.22248082921,0,-207.385555715927,947.448888409557,0,109.232907743686,988.97464818007,0,400.596754854554,1057.00730839479,274.370187884908,314.815390348058,960.145119239795,237.607407291944,154.851348072918,1003.9399235014,144.665821810129,115848.807676768,38019.7449494949,56201.7983838384,54398.6637373737,8351.17282828283,24857.8872727273,7949.75111111111,10337.3748484848,5937.1894949495,340.365696974251,194.98652504595,237.069184804433,233.235211186848,91.384751617996,157.663842629587,89.1613767901276,101.672881578545,77.0531601879475,14.6501039224605,7.01955779431219,16.1818149143254,2.87526617782681,3.20650886570969,9.35472540900649,3.67493084308008,2.95365180401254,5.27737510862257,2.52965775063477,0.785567558092404,-2.80672483673804,0.469970124491238,0.508779576650199,-2.01966707089787,-0.0245412354248662,0.548890535366637,-1.14775117331261,161,1019,168,-172,981,171,155,933,165,181.755555555556,1031.9,161.977777777778,-216.955555555556,952.322222222222,193.244444444444,127.644444444444,994.3,127.133333333333,0.607052749799416,0.607052749799416,0.607052749799416,0.607052749799416,0.607052749799416,0.607052749799416,0.607052749799416,0.607052749799416,0.607052749799416,2655,1363,1821,1190,482,1009,562,495,446,484.603180695515,443.247897224867,437.696061046755,597.072857142857,394.954285714286,535.041428571429,140921.01304496,64641.0486970156,10541.1504965005,579866.232857143,461761.997142857,451201.075714286,0.82221887009012,124111.148463249,0.920514625234649,39381.1900859502,0.799003743669412,61714.4351800051,0.8164225554707,62598.1403240984,0.543095055613515,9355.08533343756,0.481217899675926,28422.0645760066,0.294505829767544,8977.69451001735,0.749123150941644,11670.0250901365,0.376677591487162,6009.82949052499,1
2411500,-1565,39,-841,-1700,722,-505,-213,742,-9,4585,3156,514,1118,1287,949,378,1371,388,161,1034,148,-218,948.5,191,135,1000,155,273.7,1074.32,92.43,-127.72,975.74,143.31,125.79,1008.75,160.67,0,705.764172031186,0,2280.51906487043,961.616174045294,0,0,996.201565925809,0,868.489458773105,1166.35714941865,240.433337954619,489.670930319536,982.903708406881,261.499426385604,160.718293918272,1015.26377360763,175.811632152142,686224.494949495,208308.623838384,49762.5102020202,225722.446060606,14172.8812121212,48327.4685858586,10108.3291919192,13317.1388888889,5146.34454545455,828.386682020839,456.408395889453,223.075122328825,475.102563727671,119.049910592664,219.835094072486,100.540186949892,115.399908530678,71.7380271923793,11.8925032337403,6.75916135779563,8.6373865638381,4.16816824764303,2.52847976758323,4.47648665750949,4.8348851623045,4.26361899301048,4.72041667559221,2.47792331083917,0.896499561552768,-2.07889253965271,-0.301145945716151,0.32303897630163,0.212574303236959,-0.757552913789362,0.685113929194589,0.822363964951487,151,1019,168,-336,935,212,116,1000,135,183.566666666667,1061.27777777778,116.677777777778,-117.166666666667,973.8,141.4,129.633333333333,1004.28888888889,156.988888888889,0.63164478557425,0.63164478557425,0.63164478557425,0.63164478557425,0.63164478557425,0.63164478557425,0.63164478557425,0.63164478557425,0.63164478557425,6150,3117,1355,2818,565,1454,591,629,397,558.67011527375,474.675732645413,444.378746661158,617.335714285714,424.855714285714,555.09,762979.606175448,257739.734081233,19168.1524604384,931059.055714285,546111.115714286,466071.698571429,0.387202067388495,772988.609090106,0.316336700756327,235632.778616458,0.838858983640112,49531.2786714641,1.18549225862279,260315.338636068,0.442945171894875,16011.1863696971,0.9630428039886,53832.3725454639,0.780347092572273,11772.4510839113,1.63775414618021,14574.8557420472,1.6700998141425,5456.76907230288,1
2413062,141,980,79,-272,925,70,19,809,29,252,1058,168,-45,1018,272,310,1057,203,181,1019,123,-172,972,141,155,990,116,189.28,1017.5,121.97,-170.59,969.28,145.54,166.52,988.51,124.19,185.668096585937,1017.21757011875,119.332910785864,-153.634053911075,968.887237202577,135.150228176923,137.378502425153,987.088009886029,111.908418507615,191.115514807145,1017.64090916197,123.218870308082,176.385458584318,969.476858929598,150.869016037091,176.760402805606,989.182930503757,129.498455589246,705.274343434344,289.666666666667,309.302121212121,2031.19383838384,385.516767676768,1595.52363636364,3550.83797979798,1344.29282828283,1360.29686868687,26.5570017779557,17.019596548293,17.5869872693455,45.068767881803,19.6345809142128,39.9440062633136,59.5889081943778,36.6645991152614,36.8822026008056,2.24955378332527,2.50748592487218,3.06094960513097,3.1316776371969,2.70602285320658,3.85087638018146,2.41927945981277,7.59882368759173,2.69393532463754,0.314746783560745,-0.101078099723984,-0.0374467837128058,0.351802126794173,0.159596294320755,0.743843741653417,0.181616932502598,-1.23435671622104,0.344550873295009,171,1019,128,-209,972,151,116,1000,106,188.811111111111,1017.4,122.022222222222,-171.722222222222,969.1,143.711111111111,166.311111111111,990.133333333333,124.011111111111,0.503258334775646,0.503258334775646,0.503258334775646,0.503258334775646,0.503258334775646,0.503258334775646,0.503258334775646,0.503258334775646,0.503258334775646,111,78,89,227,93,202,291,248,174,446.852009538406,427.191171287242,434.006688471878,569.464285714286,404.67,548.237142857143,912.186828273467,2437.62256452441,4516.29153283455,465986.164285714,425896.572857143,439927.268571428,0,517.055570919544,0,247.56741144565,0,279.830569001622,0,1895.93345181575,0,411.601082623729,0,1629.86292678245,0,2960.34108019054,0,1379.93395696851,0,1301.66862093793,1
2414625,-30,901,-217,-372,907,20,48,923,48,606,1098,663,54,1055,222,378,1066,165,186,1019,143,-167.5,962,146,165,1000,106,189.48,1014.43,127.27,-169.13,967.11,134.54,151.99,1001.32,102.89,172.498380090987,1013.55722569108,155.471224292243,-140.008013772617,966.764005255933,101.511986924561,135.867951375393,1000.85418516926,96.4578565991514,205.30021919131,1014.84675197785,167.80700223769,180.442262233657,967.285071734285,143.57228144736,158.346360867561,1001.55114697154,105.887629116909,6308.59555555556,854.247575757576,12082.3607070707,3994.39707070707,342.078686868687,2537.36202020202,1992.53525252526,467.633939393941,632.159494949495,79.4266677857982,29.2275140194573,109.919792153509,63.2012426357826,18.495369335828,50.3722346159272,44.6378231158875,21.6248454189606,25.1427821640624,13.1301437361422,8.02821019746012,11.0002586995735,5.20666300640207,8.11073665617726,2.42664481892128,8.44160721699547,4.85898646232198,2.65741629228121,1.80541845186134,-1.41601320526726,0.797815595814265,0.560896456510183,0.75635038123127,-0.538720628500766,0.598533573607464,-0.264103828078109,0.172343090438695,212,1019,148,-145,972,161,165,1009,106,185.744444444444,1016.64444444444,127.1,-172.1,966.788888888889,136.155555555556,152.433333333333,1001.62222222222,102.388888888889,0.529360865287364,0.529360865287364,0.529360865287364,0.529360865287364,0.529360865287364,0.529360865287364,0.529360865287364,0.529360865287364,0.529360865287364,636,197,880,426,148,202,330,143,117,449.332466110851,426.112469336878,436.839568614717,570.505714285714,399.651428571429,538.371428571429,18169.3696311095,4123.6324600459,2077.25877553758,471523.414285715,423776.922857143,445453.054285714,0.291500466877342,7473.28011539599,0,907.398712942992,0.341791967838491,13779.0996149688,0.34781029034128,4508.98538363218,0,357.993528884842,0,2031.29582730582,0,1631.3504084259,0,489.201851825676,0,559.65433081978,1
2416187,202,970,118,-163,953,101,116,971,29,262,1029,198,-90,1000,191,233,1028,106,232,1009,148,-136,972,151,184,1000,67,231.2,1004.09,149.4,-132.57,971.71,154.9,184.36,996.24,64.97,230.658860763017,1003.96830875057,148.108326625576,-130.880659338791,971.626421372438,152.803548424301,181.561310788077,996.137086910838,59.4417239865227,231.466628264206,1004.15054150262,150.041327640087,133.351602915001,971.751887057597,155.896760710414,185.596497811785,996.291523601401,67.5343616242872,124.60606060606,122.81,193.979797979798,209.944545454545,82.2281818181819,312.919191919191,462.071111111111,103.699393939394,343.221313131313,11.1627084798476,11.081967334368,13.9276630480421,14.4894632562613,9.06797561852599,17.6895220941435,21.4958393907079,10.1832899369209,18.5262331069031,3.09396054444429,3.07874651469983,3.46095782742618,2.74055929680923,3.13535290844688,3.01558755684173,3.62601009067292,3.32228881079199,2.16843404392137,-0.192262151969264,-0.431472685974335,0.154320800462786,0.480749394489312,0.273248752052009,-0.152930141736416,-0.699848713458614,0.153883049962672,0.1492483954502,232,1009,158,-145,972,151,203,1000,58,231.222222222222,1004.6,149.222222222222,-133,971.522222222222,155.111111111111,185.377777777778,995.988888888889,64.6888888888889,0.503258334775646,0.503258334775646,0.503258334775646,0.503258334775646,0.503258334775646,0.503258334775646,0.503258334775646,0.503258334775646,0.503258334775646,60,59,80,73,47,90,117,57,77,446.267869837727,425.628649054141,435.273740847858,593.438571428571,426.017142857143,533.815714285714,201.731808062305,356.936155807667,642.175337832086,464746.075714286,422737.791428571,442115.892857143,0,107.687107865318,0,90.2190547105407,0,133.875399521039,0,201.140193869826,0,70.2964579048895,0,285.398037672478,0,470.297784574661,0,99.6668816214029,0,292.550685552211,1
2417750,212,980,118,-172,953,121,165,971,29,272,1029,178,-109,981,222,223,1019,116,232,1000,158,-136,972,151,194,990,67,238.4,1001.93,155.2,-137.35,969.76,149.51,195.91,994.07,67.09,237.724842833036,1001.81121948083,154.299257716709,-136.017712646308,969.692529092247,147.859135267178,195.010422253631,993.963327627655,63.594285381753,238.741701426458,1001.98940613162,155.625190762935,138.016991707543,969.79364815408,150.370974592838,196.350070027999,994.12341789136,68.7321613220478,164.686868686869,120.247575757576,133.49494949495,185.522727272727,65.9216161616162,260.797878787879,174.365555555555,107.277878787879,225.294848484849,12.8330381705529,10.9657455632335,11.5540014494957,13.6206727907518,8.11921277967367,16.1492377153808,13.2047550358027,10.3575035017073,15.0098250650981,2.57188203331981,2.88881546180965,3.7586284729347,2.68627446213391,2.32474144176784,6.11074055733364,2.98193462412769,2.69051967767297,3.76594505620454,0.320628565828384,0.0477873730957194,-0.544916471686981,-0.200983966920527,-0.298236554239798,0.828344249048802,-0.172345964882963,0.167551957982239,0.38715489592075,232,1000,158,-136,972,151,194,990,58,238.222222222222,1001.97777777778,155.555555555556,-137.2,970.066666666667,149,196.022222222222,993.888888888889,66.8333333333333,0.503258334775646,0.503258334775646,0.503258334775646,0.503258334775646,0.503258334775646,0.503258334775646,0.503258334775646,0.503258334775646,0.503258334775646,60,49,60,63,28,101,58,48,87,446.436840918281,424.718232136052,435.261942647709,598.084285714286,420.822857142857,538.744285714286,205.614045761766,273.54693663157,232.295898753952,465085.53,420925.645714286,442096.641428571,0,119.177416685592,0,92.01720212609,0,96.6463787246675,0,166.274986876085,0,60.6778644059261,0,249.027315714706,0,167.563835489977,0,93.2034766329301,0,179.832780584687,1
2419312,212,990,128,-181,944,111,184,971,38,252,1029,188,-127,981,191,213,1009,116,232,1000,148,-145,972,151,194,1000,72,234.4,1004.54,151.1,-147.25,969.02,147.7,194.73,994.71,71.29,234.048155408718,1004.4802049028,149.821634713066,-146.698529576652,968.939937898144,146.279865393268,194.494345196679,994.639924614325,68.0257718036408,234.575361024981,1004.56998760664,151.738591004398,147.526845014729,969.0598639919,148.416306381745,194.847915051714,994.744947210088,72.8545811874586,83.0707070707072,60.8569696969696,195.343434343435,82.4318181818182,78.0399999999999,214.252525252525,46.4011111111111,70.2281818181819,227.803939393939,9.11431330768847,7.80108772524509,13.9765315562708,9.07919700093671,8.83402513014311,14.6373674290333,6.81183610424613,8.38022564243839,15.093175258836,2.65867764841254,3.26759918791438,2.54750556355515,4.08798157737564,2.56157375163762,3.59752606697604,2.80372359441687,2.68601787750148,2.96007880428148,-0.00798065009715883,0.407957440974586,0.149358983980451,-0.255866115749505,-0.445382269533453,0.351494489348305,0.0913408180651085,-0.29251610336038,0.253516010143706,232,1000,148,-145,972,151,194,1000,77,234.333333333333,1004.43333333333,150.777777777778,-147.2,969.344444444444,147.444444444444,194.644444444444,994.833333333333,71.0666666666667,0.503258334775646,0.503258334775646,0.503258334775646,0.503258334775646,0.503258334775646,0.503258334775646,0.503258334775646,0.503258334775646,0.503258334775646,40,39,60,54,37,80,29,38,78,446.856611991312,424.867349988119,435.527545370255,595.731428571429,415.487142857143,540.312857142857,198.353264083334,218.59338448573,227.843735289848,465947.597142857,421229.395714286,442624.718571429,0,70.6673803696424,0,55.5675299747192,0,130.185921659681,0,67.3092549934077,0,54.0039612756357,0,152.611379070936,0,35.4604464863093,0,62.9728494241506,0,164.031363821451,1
2420875,222,970,128,-163,962,121,184,971,48,262,1039,178,-118,990,171,223,1019,106,242,1000,148,-145,972,151,194,990,77,240.4,1002.78,147.3,-144.37,971.76,146.2,196.54,994.63,76.67,239.944817215957,1002.66898785091,146.561321325518,-143.952118389467,971.692856103412,145.26498406994,196.303974002378,994.547770697566,74.54996990595,240.627512973891,1002.83548999823,147.674642373022,144.573268621831,971.793620065495,146.654014605806,196.659299297033,994.670975750273,77.6640843633658,110.545454545455,112.415757575758,111.626262626263,59.3263636363637,66.0024242424243,134.30303030303,47.3822222222222,82.3364646464647,154.970808080808,10.5140598507643,10.6026297481218,10.5653330579903,7.70236091314628,8.12418760507315,11.5889184268002,6.88347457482209,9.07394427173016,12.4487271670966,2.33417333538525,4.0260586687092,2.93975328525332,3.74268203315742,1.9570947783522,2.79691728898678,4.4022819825675,3.5391892276039,3.099818937988,0.0606241138846534,0.00683358880448891,0.346394280922809,0.352074615538598,0.182017474845503,-0.205319945376605,0.428951042305897,-0.347909569508654,0.0139412157668444,242,1000,148,-145,972,141,194,990,77,240.222222222222,1002.92222222222,147.111111111111,-144.6,971.488888888889,146.444444444444,196.433333333333,994.933333333333,76.7222222222222,0.503258334775646,0.503258334775646,0.503258334775646,0.503258334775646,0.503258334775646,0.503258334775646,0.503258334775646,0.503258334775646,0.503258334775646,40,69,50,45,28,50,39,48,58,446.471774007931,425.717454244892,435.796796318349,595.92,417.252857142857,543.36,125.360307212281,142.894206269467,164.698189068082,465166.465714286,422910.715714286,443175.831428572,0,74.1016837442345,0,90.2655007030523,0,93.5209361453351,0,46.1676462754645,0,50.4640376394141,0,112.50077968768,0,38.209971604945,0,69.3843271047276,0,114.603353263163,1
2422437,222,980,118,-172,944,101,174,961,38,262,1019,168,-127,990,171,223,1019,116,242,1000,138,-145,972,141,194,990,77,243.8,1002.57,142.1,-142.75,971.47,144.2,198.41,993.44,79.28,243.484607948569,1002.49066436222,141.002450215398,-142.256476419633,971.399518131894,142.657013468478,198.11447037906,993.354273805369,76.0717515853244,243.957373325751,1002.60960996791,142.648519095012,143.001573417917,971.505054026998,144.939297638701,198.557220971689,993.482712481702,80.6704406830656,77.5353535353535,80.2273737373737,157.767676767677,72.6136363636364,68.7970707070706,215.919191919192,59.0322222222223,85.7236363636363,224.648080808081,8.80541614776687,8.95697346972591,12.5605603683783,8.52136352725527,8.29439996064035,14.694189052792,7.68324294957684,9.25870597673542,14.9882647697484,2.32509848445145,2.66937232177237,2.47068131656635,4.37314024995041,3.32934926692806,2.71286786457026,4.02328361960539,3.78898961324458,2.91392747773134,-0.000499616564009154,-0.147168486002441,0.143412901900829,-0.515794332084014,-0.605394513054141,-0.199938230134706,0.0312408220553421,-0.351731599039157,-0.282358323269643,242,1000,148,-145,972,141,194,990,87,243.555555555556,1002.57777777778,142,-142.6,971.966666666667,144.333333333333,198.4,993.522222222222,79.5333333333333,0.503258334775646,0.503258334775646,0.503258334775646,0.503258334775646,0.503258334775646,0.503258334775646,0.503258334775646,0.503258334775646,0.503258334775646,40,39,50,45,46,70,49,58,78,446.418318412192,425.390665779373,435.55646584135,595.058571428571,416.965714285714,544.77,161.434774038718,223.376128728143,228.195674591075,465038.498571429,422262.394285714,442688.824285714,0,55.0877617762606,0,65.5932323191408,0,120.829410758078,0,53.1616345618423,0,46.7529689997644,0,169.039346381272,0,46.990961972821,0,63.8380818672732,0,163.12761353313,1
2424000,222,980,108,-163,944,121,165,971,29,262,1029,178,-109,981,181,223,1019,106,242,1000,138,-145,972,151,194,990,77,241.7,1003.2,140.6,-143.56,969.07,151.2,197,993.83,74.37,241.313394159144,1003.11310611667,139.471736594842,-142.927982687446,968.99713687432,150.062788807773,196.468374914802,993.761785785287,70.101458488139,241.892124716784,1003.24353972503,141.150982993389,143.862781844367,969.106180972962,151.767585471997,197.262312670211,993.864130553065,76.0096704373858,93.8484848484849,88.2424242424243,156.808080808081,87.9054545454544,70.8334343434343,173.69696969697,104.464646464646,68.5263636363636,249.063737373737,9.68754276627902,9.39374388848367,12.5223033347736,9.37579087573173,8.41626011619379,13.1794146189036,10.2207948059163,8.27806521092723,15.7817533048054,2.7304754007814,3.34141785412389,3.59948462906483,3.86975403750953,3.42911773799592,2.721968805287,3.25051298202518,3.65099164306196,3.44244332572921,-0.0740923583144502,0.252749469443758,-0.00436765628578553,0.431187260379084,-0.777982228149028,0.1493659341137,-0.121684512256746,0.106936691972312,-0.441405715353208,242,1000,138,-136,972,151,194,990,77,241.666666666667,1003.05555555556,140.777777777778,-143.9,969.5,151,197.155555555556,993.844444444444,74.8222222222222,0.503258334775646,0.503258334775646,0.503258334775646,0.503258334775646,0.503258334775646,0.503258334775646,0.503258334775646,0.503258334775646,0.503258334775646,40,49,70,54,37,60,58,48,77,446.383819013543,424.875218503747,435.457800488479,593.785714285714,418.59,542.228571428571,174.367463371544,184.685724076799,276.894500814164,464971.285714286,421241.438571429,442481.057142857,0,80.9885812480177,0,62.4857091879482,0,114.624652848116,0,76.1578278611593,0,49.389233480028,0,140.75381560469,0,93.1478950035719,0,57.1513238312196,0,196.733444194724,1
2425562,222,980,108,-163,944,121,145,980,38,272,1019,168,-118,990,202,223,1019,126,242,1000,138,-136,972,151,174,1000,77,245.9,1003.36,140.7,-139.78,968.65,154.31,179.41,997.71,77.68,245.510361294805,1003.2822938907,139.520626427718,-139.162947462621,968.57756296937,152.63345365329,176.712996340985,997.638005417123,73.5471257124245,246.094697220399,1003.39884392997,141.280571912772,140.082047386523,968.686074019855,155.172903562445,180.766340893431,997.745954639757,79.7047050054136,96.7575757575758,78.7377777777778,165.363636363636,85.3854545454546,70.5934343434343,269.751414141414,493.456464646465,72.4706060606061,321.876363636364,9.83654287631461,8.87343100371992,12.8593793148673,9.24042501974095,8.40198990379269,16.4241107564889,22.2138799998214,8.51296693642153,17.9409131215879,2.50092825916595,2.57208995644546,2.60588042427921,2.90321764108995,3.42578061600329,2.93606903104237,2.00972730160748,2.86725390381445,2.43376705704005,0.0532660981661714,-0.0106260847964316,0.00203661078072479,0.177302901826184,-0.440778659256499,0.480828174437293,0.197299855837075,-0.121746895629475,0.299788801373389,252,1000,138,-136,972,151,184,1000,67,245.777777777778,1003.34444444444,140.666666666667,-140,968.933333333333,153.777777777778,179.122222222222,997.844444444444,77.5333333333333,0.503258334775646,0.503258334775646,0.503258334775646,0.503258334775646,0.503258334775646,0.503258334775646,0.503258334775646,0.503258334775646,0.503258334775646,50,39,60,45,46,81,78,39,88,446.879164902157,424.693192693885,435.893626650586,595.697142857143,421.362857142857,537.771428571429,171.976836196184,275.050699464508,673.319469027856,465999.445714286,420880.422857143,443368.414285714,0,69.2503064421864,0,55.8162820933849,0,124.601848869195,0,70.5542970990338,0,55.5966027330917,0,229.59105599667,0,425.237217845522,0,54.5640309908888,0,234.294514095032,1
2427125,60,960,59,-300,888,-191,48,895,38,303,1058,217,-63,1055,292,223,1142,174,232,1000,168,-136,972,171,135,1004.5,106,223.19,1003.2,168.59,-152.98,966.48,172.49,142.54,1003.62,107.14,210.787046079105,1002.94635547717,163.204566389377,-142.615024694158,965.722785946018,177.913493833971,131.279758727709,1002.51860078609,99.5272115480043,226.830795969154,1003.32722478761,170.629393716323,158.955213818232,966.858872845463,182.323092338848,147.308859204055,1004.16605200534,110.017089581574,1654.98373737374,257.858585858586,698.789797979798,1882.70666666667,739.888484848485,3524.15141414141,1396.2105050505,1107.4298989899,631.091313131313,40.6814913366477,16.057975770893,26.4346325486056,43.3901678570925,27.2008912509955,59.3645636229343,37.3659002976043,33.2780693398806,25.1215308675907,5.73842873023267,3.72756502074494,5.01446740685892,4.77981525799335,5.99151761737916,19.7024039807612,3.13021422882658,6.72716645047366,3.56167226625524,-1.54773267811785,0.245317407911017,-0.581016989188105,-1.26504392741,0.170063545565331,-3.08775400219925,0.131210195732826,-0.0647930726507411,-0.30866509733035,242,1009,168,-136,972,171,135,1000,106,226.6,1002.95555555556,169.355555555556,-149.922222222222,966.1,176.655555555556,142.477777777778,1004.28888888889,107.666666666667,0.509889142343121,0.509889142343121,0.509889142343121,0.509889142343121,0.509889142343121,0.509889142343121,0.509889142343121,0.509889142343121,0.509889142343121,243,98,158,237,167,483,175,247,136,446.814108398136,427.061906247618,437.342820380954,597.848571428571,422.567142857143,537.128571428571,1719.09652480068,4545.63351633493,2191.95270907677,465956.622857143,425710.521428572,446637.051428572,0,1538.64552672293,0,225.829423633895,0,709.092919375339,0,1931.44680973681,0,817.431564734931,0,3730.17320993735,0,1428.51162183513,0,1230.65315696557,0,651.198903498845,1
2428687,-1151,29,-475,-681,796,-626,29,819,-77,2969,1813,1009,809,1462,656,359,1238,223,151,1029,118,-218,953,227,174,990,101.5,231.81,996.98,91.11,-143.99,970.81,137.88,179.5,998.91,96.95,0,563.688639155757,0,0,963.328999613388,0,142.020251051422,991.643274282189,125.913848503256,590.107846075614,1034.65348788858,232.731712493162,310.329647310727,975.202250817747,292.334226528472,194.75877387168,1002.69930188467,111.233942661402,297466.054444444,77311.837979798,46326.2807070707,76334.717070707,8633.71101010101,67119.6016161616,5768.41414141414,7661.31505050505,3003.72474747475,545.404487004319,278.050063801104,215.235407651879,276.287381309221,92.9177647713343,259.07450977694,75.9500766386324,87.5289383604363,54.8062473398311,14.8404150538989,6.64657429442285,8.43747189530404,5.30408835470563,12.4675588518608,3.19928213841633,2.70002657157043,3.45692463458501,3.42104822388414,2.62871058168292,-1.1360555598035,0.820744778025549,1.44378109075906,2.34804104244885,-0.733676967305275,0.461780975216517,0.687497672462682,-0.0831212374493092,131,1009,138,-254,953,232,174,980,116,183.822222222222,1010.96666666667,85.2888888888889,-164.033333333333,962.777777777778,147.6,177.5,995.644444444444,97.1333333333333,0.636961071347527,0.636961071347527,0.636961071347527,0.636961071347527,0.636961071347527,0.636961071347527,0.636961071347527,0.636961071347527,0.636961071347527,4120,1784,1484,1490,666,1282,330,419,300,489.699742704219,453.199544758619,438.812354686509,565.671428571429,413.442857142857,546.582857142857,330286.826028517,125079.564077771,8009.43995528074,631242.497142857,485478.522857142,452447.082857143,1.34826743298313,312331.038640417,0.406915665034271,88444.0190468575,1.32692280983541,54246.5418482544,0.312768642766398,88696.7742900778,0.537759731496225,9539.22631315349,0.259140065908888,79954.6160107121,0.19710384361651,6413.79946673015,0.272452868235968,9044.20375109031,0,3076.86043871687,1
2430250,-939,147,-405,-627,814,-606,19,819,-48,2616,1666,584,581,1324,696,407,1219,252,252,1039,-14,-181,962,232,223,975.5,97,309.07,992.76,-1.56,-92.61,974.78,160.46,219.03,980.99,96.64,253.045903779758,848.836473998787,-761.74629159031,-312.00072814121,968.884520501211,212.156157446755,156.663186401038,974.185865106449,0,539.46359469384,1027.19929906518,166.798081523739,276.805581591123,978.097898985577,295.740832486825,235.450695475719,984.50243778266,113.036365829763,197471.419292929,70268.6690909091,28100.1680808081,68732.0382828283,6544.9006060606,62338.6145454546,7538.27181818182,6973.40393939394,3472.65696969697,444.377563894634,265.082381705969,167.631047484671,262.167958154364,80.9005599860755,249.677020459342,86.8232216528609,83.5069095308522,58.9292539380652,17.6468416861279,4.51252995111559,4.05344190479539,3.03549974402419,8.47774363946817,3.10468787650021,2.30791626085667,2.83912353006725,2.47836258099946,2.66565523044766,-0.751790531288377,0.644458735526604,0.807874030464183,1.8423352501385,-0.509633044555278,-0.268817415866154,0.529074468106325,-0.0313855294778647,222,1058,-138,-218,907,353,291,895,116,282.922222222222,1004.1,-8.24444444444444,-103.8,967.6,167.977777777778,220.877777777778,977.211111111111,96.4888888888889,0.684914381866673,0.684914381866673,0.684914381866673,0.684914381866673,0.684914381866673,0.684914381866673,0.684914381866673,0.684914381866673,0.684914381866673,3555,1519,989,1208,510,1302,388,400,300,480.582851044411,451.623243178008,435.183405933417,557.258571428571,446.841428571429,555.711428571429,216131.660001934,118975.253331221,9178.48102728257,588848.987142857,480325.487142857,444625.414285714,1.06857247497261,217885.920772913,0.329027220816212,81743.2743387089,1.15148439340312,30237.0888101412,0.241068442242656,81674.3654894015,0.442004732173286,7345.64127024783,0.240547758793306,73352.8726105228,0.0877069320327311,8945.50147517798,0.35593171206467,8200.60017694238,0,3625.80720075393,2
2431812,-1757,-294,-920,-800,740,-696,-9,828,-67,3616,2166,1039,872,1398,636,388,1228,320,318,1088,-9,-167.5,972,222,213,980,97,370.84,963.16,-50.23,-83.88,980.43,155.52,197.28,987.41,95.94,417.260041046465,1800.70680402934,0,-1017.13340633122,971.850749436987,0,0,979.865468766696,0,883.288673084853,1067.09072716428,304.893735586679,398.991729237587,984.993416221652,334.658273467129,217.198388575974,991.313860490208,115.443665915459,649168.256969697,213136.802424242,91350.6435353535,153695.500606061,9059.64151515151,88696.6561616162,8339.13292929293,7802.68878787878,4164.4004040404,805.709784581084,461.667415380642,302.242689796385,392.040177285518,95.1821491412729,297.819838428564,91.318853087919,88.3328296154877,64.5321656543495,8.93898098126791,3.64161637380583,5.41483534831456,2.57528787105147,5.98600920687675,2.91027926404465,2.38290436678171,2.71282168376925,4.47308804429953,1.49476051269182,-0.624304539270565,0.160253006627099,0.636555014065468,1.02353578877636,-0.726744300654636,-0.383763846449482,0.538551032834544,0.503592949339067,272,1107,-9,-309,953,272,242,904,106,322.811111111111,975.955555555556,-52.7222222222222,-100.766666666667,975.955555555556,170,199.166666666667,984.6,94.4,0.70609709890515,0.70609709890515,0.70609709890515,0.70609709890515,0.70609709890515,0.70609709890515,0.70609709890515,0.70609709890515,0.70609709890515,5373,2460,1959,1672,658,1332,397,400,387,546.232636065409,474.702797322463,436.220047200594,550.187142857143,450.887142857143,548.841428571429,762612.262761775,214799.383492801,10899.6211791608,862217.867142857,532029.681428571,447088.092857143,2.73900425858439,652579.259874238,0.447749775505537,242239.760640641,0.58692377550143,106041.032448644,0.270539281456658,177988.638122596,0.538795576013096,10047.3992303078,0.152625232823795,104407.908335145,0.181523187477982,9829.3195859758,0.38204505849175,9265.56507042851,1.00709387015354,4349.67057224247,2
2433375,-1626,-568,-910,-1254,750,-696,-87,780,-58,4111,2588,1425,572,1240,535,436,1590,417,181,1044,158,-218,944,191,135,985,165,275.71,1041.97,141.08,-175.95,951.91,168.78,139.64,997.04,153.22,244.169320951583,951.836470766709,0,0,942.195297229523,1028.53119254336,124.638214044982,987.625696175582,0,787.440251701677,1110.09889199116,324.617652015413,355.259074479456,956.932865983816,286.970625674476,163.599388751914,1002.45253254207,171.02473505315,549541.561515152,148099.05969697,86336.4177777777,96212.7348484849,9684.70898989899,54409.5470707071,7338.81858585859,10931.6347474747,5831.40565656565,741.310705113012,384.83640640793,293.830593672234,310.181777105756,98.4109190582985,233.258541259923,85.6669048457955,104.55445828598,76.3636409331408,16.5582811859231,9.59582258612906,9.80486566326459,4.62329283137114,3.07398914358474,5.83180781849375,4.55546484037263,12.0644707447783,6.17290339848624,2.88363286138225,0.379040135825428,-0.354336565683261,-0.192068551747465,0.540614981669074,-1.43733540473555,0.492750423723694,2.03329372406372,0.709997959978727,212,1019,158,-254,953,191,135,1009,165,208.355555555556,1034.67777777778,148.933333333333,-169.833333333333,949.3,190.444444444444,137.7,989.655555555556,150,0.595761096670324,0.595761096670324,0.595761096670324,0.595761096670324,0.595761096670324,0.595761096670324,0.595761096670324,0.595761096670324,0.595761096670324,5737,3156,2335,1826,490,1231,523,810,475,538.080951569025,449.533372895858,439.21245406477,625.182857142857,404.888571428571,552.814285714286,673782.961900747,120498.826245041,15080.25230273,839039.28,481834.997142857,454682.271428572,1.02243067411242,583512.223049486,0.649184560920109,147861.959321698,0.63533842272425,84865.0606970952,1.44197443681423,95090.4537886313,0.607987610945447,10185.4640959667,0.487626510875318,61032.8816884368,0.457494143032393,8573.20104345346,1.05370956965822,12539.2395507972,0.997169984878537,6119.48739654193,2
2434937,-1141,49,-1415,-1627,712,-484,-126,742,-77,3888,2715,693,1045,1259,686,436,1647,446,202,1044,178,-181,967,171,135,990,174,279.51,1082.94,139.69,-133.05,972.24,178.21,143.93,1010.76,162.45,388.624023330558,677.25606184749,0,1655.50530186742,960.480577201628,0,0,994.946662278538,152.368497214008,759.045341201697,1175.09748531771,405.179034502033,485.567739867467,978.089525554793,290.783854434871,174.120217091526,1020.32240002854,180.714387916403,503054.535252525,210197.026666667,146117.933232323,220276.492424242,11523.7397979798,53329.7433333333,9698.99505050505,19618.2044444444,6330.99747474748,709.263375095969,458.472492813546,382.253755027107,469.336225348356,107.348683261509,230.932334967049,98.483476027733,140.065000783366,79.5675654695271,11.5534157915843,4.72057083854603,7.60767065774713,3.66370994118987,3.15951980246775,3.32817339832053,3.8396261159185,9.05956054449013,6.28905726046276,2.17708800352779,0.365043308113871,-1.92400552620364,0.153969610316285,0.217619208713259,-0.314315706217493,0.194467968536305,2.03212544438147,0.279755430741611,212,1019,227,-172,907,30,194,895,174,227.288888888889,1075.75555555556,177.511111111111,-135.733333333333,971.166666666667,186.566666666667,142.677777777778,996.677777777778,161.533333333333,0.592902378512491,0.592902378512491,0.592902378512491,0.592902378512491,0.592902378512491,0.592902378512491,0.592902378512491,0.592902378512491,0.592902378512491,5029,2666,2108,2672,547,1170,562,905,523,571.082891245287,476.787971288893,446.400489042182,643.774285714286,436.028571428571,564.488571428571,684325.074430933,253298.363529488,26015.7908977321,909074.562857142,547281.6,473157.145714285,0.300887966119414,543200.193239611,0.33001267184621,234635.375062915,0.500258493400129,161454.694778133,1.00348450247416,256274.043745945,0.634529484348872,12981.8234593872,0.659455957413152,62267.5951242699,0.707237040503576,11371.2404096294,1.04217387772293,22706.8347497249,1.28452841861179,7238.96167112743,1
2436500,-1676,58,-1465,-1372,740,-404,-126,828,-97,3656,2617,1019,1063,1231,727,368,1438,398,191,1039,148,-209,962,191,160,971,179,199.12,1057.05,194.01,-141.72,976.12,218.52,159.25,986,171.98,510.459961904336,689.403281044967,163.956893980799,-310.58826719523,968.946387502194,0,0,976.523699776731,148.973549174134,613.532819008079,1131.01207332194,421.210861683314,436.082331676027,979.799132475631,300.393208977833,176.107041312947,991.374581074177,184.172310622417,340175.500606061,163468.29040404,141190.616060606,171801.254141414,7268.77333333333,42914.2319191919,5710.2297979798,10734.9090909091,4386.18141414141,583.245660597711,404.312120031097,375.753397936208,414.489148400069,85.2571013660055,207.157505099844,75.5660624750277,103.60940638238,66.2282523862846,17.0147475120398,4.81185568980136,10.6162681931777,3.78855271818036,3.86537419679787,3.53475950714247,5.25245293422845,6.81795879400465,6.57472219570025,2.28336272395963,0.012868893800476,-1.75378715384581,0.437019991034921,0.553397782937419,0.0220179239718096,-0.285489907318268,1.60283394844765,-0.162721048314903,202,1029,128,-227,944,181,126,914,184,165.122222222222,1062.78888888889,221.4,-149.588888888889,974.355555555556,220.255555555556,159.822222222222,977.511111111111,171.822222222222,0.560477556418096,0.560477556418096,0.560477556418096,0.560477556418096,0.560477556418096,0.560477556418096,0.560477556418096,0.560477556418096,0.560477556418096,5332,2559,2484,2435,491,1131,494,610,495,539.276202852495,471.373184910285,436.526130702642,621.505714285714,451.251428571429,564.527142857143,492694.528934517,192299.717177035,12835.2262360326,785584.037142857,531604.38,449038.581428572,0.271257627178582,367655.536302187,0.151495512359487,185630.486001929,0.635032017608746,151619.865492928,0.452495020589924,199271.393143893,0.590766262648887,7943.58035110333,0.25010224156236,47045.6158295299,0.628091257028803,6443.84089332014,0.666377990835459,12664.031538722,0.795542828908287,4777.45132578145,1
2438062,-1363,-78,-2188,-1300,500,-585,-97,771,9,2565,2205,1158,772,1342,1222,320,1504,436,181,1073,188,-209,939.5,181,130.5,971,145,296.78,1147.3,105.22,-169.18,961.67,163.21,126,997.17,157.04,0,1122.90127150621,288.865014842726,0,941.4783520713,0,0,982.394125872957,104.988046745515,667.012563599817,1209.43808440118,465.687083780515,405.918735709501,971.229926433489,291.61181388963,153.599804687376,1005.70850150528,175.086207337985,360431.708686869,147922.414141414,207871.930909091,137523.381414141,18665.0314141414,58989.8443434343,7794.84848484848,17274.3243434343,6054.16,600.359649449285,384.606830596408,455.929743391557,370.841450507008,136.620025670256,242.878250041938,88.2884391347388,131.431823937106,77.808482828031,6.36941714862659,4.34026330790648,11.3213190960454,3.93271555900724,4.04983041513468,6.27397932908298,3.61362030281489,6.09488673978964,4.25438426502292,1.11413400051724,-0.182679874489682,-2.53577003386733,-0.236594388344757,0.180943584707827,0.762037676881353,-0.354014887608211,1.54509837675195,0.898949077291623,181,1029,168,-209,935,181,77,942,145,268.922222222222,1152.48888888889,157.511111111111,-162.733333333333,959.933333333333,155.188888888889,128.033333333333,985.277777777778,152.755555555556,0.647436078125837,0.647436078125837,0.647436078125837,0.647436078125837,0.647436078125837,0.647436078125837,0.647436078125837,0.647436078125837,0.647436078125837,3928,2283,3346,2072,842,1807,417,733,427,582.299707515236,458.949424959537,438.862241366079,663.985714285714,409.585714285714,548.661428571429,495959.175002017,161819.335408008,20515.920467485,910504.585714285,511326.445714286,456727.572857143,0.42056066093663,401712.346235965,0.122595384942862,171258.120137796,0.29454330194715,210430.951050973,0.43360888077657,159316.145878395,0.574822786317783,20249.65479394,0.502353578238423,68598.1868793107,0.300494751757431,8898.54777325338,0.431563557756289,20025.4574911033,0.369758434321054,6268.68307644063,1
2439625,-1181,29,-1722,-900,787,-444,-67,761,-184,1888,2107,881,772,1222,545,330,1514,339,181,1019,168,-200,962,171,155,985,135,224.49,1038.27,138.03,-164.02,964.75,178.93,150.62,993.11,133.87,0,656.905573673628,188.095826792393,-189.068068031502,960.641221094594,0,140.984006097679,985.472242245856,106.983429719479,443.359188469124,1081.42986365275,369.663914928141,329.997151502858,966.846177010594,244.065913228374,164.282500589685,997.43863470391,147.813565006734,147648.090808081,92410.0576767678,118786.999090909,82823.7975757576,4089.86616161616,27830.5304040404,4345.81373737374,8703.39181818182,3967.34656565656,384.250036835497,303.990226284938,344.654898544775,287.791239574379,63.952061433672,166.824849480047,65.9227861772675,93.2919708130438,62.9868761382604,10.0211750128528,6.62619403907736,17.6473621444044,5.45187476272458,5.77309921610131,6.32012978320608,3.55775330993016,12.2017282580196,9.1390045721403,0.973578315274764,-0.335998064029959,-3.38616290505911,0.659025343094134,0.603466329274778,-0.94861667110814,-0.242576734005536,2.01926337762141,-0.823899731966366,171,1019,138,-200,962,151,106,1000,145,209.255555555556,1045.84444444444,182.533333333333,-172.944444444444,963.233333333333,186.344444444444,151.311111111111,987.311111111111,134.766666666667,0.532546308974078,0.532546308974078,0.532546308974078,0.532546308974078,0.532546308974078,0.532546308974078,0.532546308974078,0.532546308974078,0.532546308974078,3069,2078,2603,1672,435,989,397,753,523,502.552954006269,447.322770199511,436.06879911941,600.338571428571,419.854285714286,547.542857142857,259178.56343912,94777.1969921127,9860.76551203825,644018.284285715,472824.78,447309.18,0.130369323417251,167795.63622175,0.138349885473672,104184.288697419,0.379279411820773,137490.256420608,0.482091717845834,91818.2823782866,0.715449880098234,4644.58267694784,0.18121728188234,32050.173533649,0.399922002186383,4606.82734790705,1.59201067062063,9806.45824423515,0,3887.15663001057,1
2441187,-787,823,-1089,-609,842,-80,67,952,67,424,1225,405,36,1101,292,184,1047,213,161,1019,118,-209,972,90,126,1000,145,169.88,1019.34,116.53,-204.18,967.61,97.71,123.31,999.98,148.04,179.307573361484,1017.79796352342,123.554328597715,-331.384120650582,966.884938720093,101.219290192753,118.62923068042,999.733043109544,142.192559351647,205.198245606535,1020.08389851031,193.875294970762,224.597061423341,967.9683104317,107.20984096621,125.415349937717,1000.10261473511,150.403523894888,13380.9147474748,1532.44888888889,24250.8980808081,8842.79555555555,700.543333333334,1966.3695959596,528.943333333333,247.716767676768,712.503434343434,115.675903918987,39.1465054492593,155.726998560969,94.0361396249099,26.4677791537812,44.3437661454189,22.9987680829503,15.7390205437558,26.6927599611474,49.2821585630414,15.8749133599928,40.2940581081285,9.59949207583272,13.4256582477443,9.91621690535878,2.55151788177194,4.57894586499507,3.56223341624774,-5.83164338591534,-0.364235641468816,-5.15577731367576,-1.13357645881604,-0.0865635741058738,-0.173299804447805,-0.219585424063119,-0.388936870309225,-0.51369302980782,161,1019,108,-218,972,90,126,1000,145,176.422222222222,1021,125.433333333333,-201.122222222222,968.077777777778,98.0444444444445,123.466666666667,1000.45555555556,148.8,0.51644904828435,0.51644904828435,0.51644904828435,0.51644904828435,0.51644904828435,0.51644904828435,0.51644904828435,0.51644904828435,0.51644904828435,1211,402,1494,645,259,372,117,95,146,452.583908309248,428.076947374834,436.707026445792,559.607142857143,369.06,544.855714285714,34266.1374674466,9236.85830376577,750.464971842192,480113.618571428,428100.188571428,445095.201428571,1.47589281189296,13464.938366002,0,1267.79238403793,0.959201788511932,27167.7774399739,0.450537978949071,10539.2760786714,0,665.416531995337,0,1858.47752940306,0,584.281376052513,0,248.687437854943,0,625.790498016609,1
2442750,80,960,-108,-263,944,10,97,952,77,282,1068,287,-63,1000,222,194,1057,223,191,1019,158,-172,972,101,126,1000,160,188.23,1013.8,153.33,-175.73,971.37,105.87,136.91,996.46,160.11,182.20312543533,1013.50982590628,144.801408791037,-168.04866460828,971.202468336668,84.8643691511304,132.817066167052,996.216811758009,155.950848611209,190.583393820133,1013.94470263422,163.02867845873,178.46896088676,971.453617009068,113.491893983667,139.124081308737,996.581426678222,161.932362423328,900.502121212121,296.383838383839,3099.25363636364,979.936464646464,164.09404040404,1688.84151515152,617.335252525253,244.452929292929,592.80595959596,30.0083675199455,17.2158019965333,55.6709406815049,31.3039368873384,12.8099196095854,41.0955169714595,24.8462321595298,15.6349905434231,24.3476068556226,5.89944003122873,6.27438464338685,11.8232334227292,5.71794557718883,2.56978890815884,2.98264167600475,2.48301476067961,5.06777424164644,3.82840730557853,-0.448675780617054,-0.0639735481104858,-2.26913939603454,0.657745504536326,-0.111651614211326,0.499722834025718,0.687854646484299,-0.0217882011162293,-0.260599593285483,191,1019,138,-172,962,80,126,1000,165,188.888888888889,1013.97777777778,158.511111111111,-176.511111111111,971.633333333333,104.666666666667,135.977777777778,996.744444444444,160.611111111111,0.513177882605618,0.513177882605618,0.513177882605618,0.513177882605618,0.513177882605618,0.513177882605618,0.513177882605618,0.513177882605618,0.513177882605618,202,108,395,200,56,212,97,105,146,447.608910232367,426.056015384902,436.750193701951,580.868571428571,386.361428571429,554.348571428571,3905.08480155965,1703.07295767359,804.660502436778,467564.674285714,423623.018571429,445179.488571429,0,944.515397722223,0,322.726108957595,0,3215.10123489134,0,1143.15190136859,0,164.647616549978,0,1450.63523929772,0,518.656488351257,0,232.167070082514,0,564.05319902478,1
2444312,151,980,108,-218,953,50,97,971,116,212,1049,158,-127,990,111,155,1009,194,176,1019,128,-181,972,90,135,1000,165,178.53,1016.97,131.7,-175.13,973.07,85.24,130.47,995.11,159.25,177.403183386267,1016.86019109434,130.652840838368,-173.188103786425,972.972608515548,82.5950704497737,129.684101978507,995.035270960558,157.951438887075,179.099944165262,1017.02494069713,132.21270740742,176.024969819625,973.118713210264,86.439805645316,130.844908192868,995.14720016689,159.855278298841,205.88797979798,112.877878787879,136.676767676768,317.447575757576,95.7627272727273,208.06303030303,98.9586868686869,74.7857575757576,195.098484848485,14.3487971550921,10.6244001613211,11.6908839561758,17.8170585607607,9.78584320703777,14.4243901189281,9.94779809147164,8.64787589965059,13.9677659218819,2.76325337116051,3.92387837044584,2.22868895787199,3.59781045532556,2.32117026326784,2.7472658873157,3.42277578787496,3.32492955076184,3.95691720214411,0.300776692312501,0.0966612279901536,-0.103302224641833,0.5124891204235,0.0515661548305117,-0.181607168261004,-0.400653377412323,-0.488373566655832,-0.502417099869142,171,1009,128,-181,972,90,135,1000,165,178.422222222222,1016.8,132,-175.522222222222,973.144444444444,85.5444444444445,130.677777777778,995.477777777778,159.633333333333,0.503258334775646,0.503258334775646,0.503258334775646,0.503258334775646,0.503258334775646,0.503258334775646,0.503258334775646,0.503258334775646,0.503258334775646,61,69,50,91,37,61,58,38,78,446.166790317307,425.418656526123,435.569030878571,568.8,378.505714285714,550.641428571429,241.445712824011,369.42088953286,203.349633419336,464527.165714286,422321.425714286,442710.878571428,0,184.063655445802,0,88.3602110237452,0,102.682790954242,0,294.581784226552,0,78.025790786092,0,154.365393760665,0,84.7890448887583,0,50.1985866035414,0,132.552751006048,1
2445875,161,990,108,-181,944,60,116,971,116,222,1039,168,-118,1000,131,165,1019,203,191,1019,138,-154,981,101,145,990,155,188.96,1015.87,140.8,-149.32,977.02,96.22,144.54,995.43,157.1,188.184240622701,1015.79397089385,139.458771939754,-148.347762682362,976.938539599504,92.7815127687926,143.565470226938,995.346744043331,155.87143088015,189.345134608735,1015.90803225489,141.452465514038,149.799198929767,977.060550836027,97.771775068268,145.009447968055,995.471641986852,157.70935292493,147.170101010101,78.0536363636363,186.020202020202,144.785454545455,80.0399999999999,304.072323232323,137.301414141414,83.7425252525252,193.767676767677,12.1313684722747,8.83479690562473,13.6389223188712,12.0326827659278,8.94650769853801,17.4376696617502,11.7175686104846,9.15109421066821,13.9200458608324,2.90268532773156,3.18034255502907,2.71312219722056,2.53296747316135,3.91136285053924,2.35005058636592,2.35157071122225,2.62036986755179,3.4833540251147,0.026909033366141,0.0748284157393517,-0.0835866971127549,0.0334812547801895,-0.456181906322322,-0.242021256183497,-0.330131563038203,0.0539204652823724,0.14831208544689,191,1019,138,-154,981,111,155,990,155,188.9,1015.91111111111,140.888888888889,-149.4,977.222222222222,96.6333333333333,144.655555555556,995.522222222222,156.944444444444,0.503258334775646,0.503258334775646,0.503258334775646,0.503258334775646,0.503258334775646,0.503258334775646,0.503258334775646,0.503258334775646,0.503258334775646,61,49,60,63,56,71,49,48,87,447.001692721316,425.682926133936,436.381323672398,576.698571428571,395.965714285714,555.887142857143,231.767050245281,343.502603083154,214.877850312402,466255.504285714,422848.474285714,444370.187142857,0,122.002872943507,0,59.4208409216741,0,141.703370600849,0,129.176359883165,0,72.4215049337436,0,244.139269304918,0,103.498519757775,0,55.7590949214527,0,142.028928231519,1
2447437,151,990,128,-200,953,80,116,971,135,191,1029,168,-145,990,141,155,1009,194,171,1019,148,-163,972,101,135,1000,165,173.5,1016.65,149.3,-162.74,972.14,104.59,132.95,995.4,162.02,173.006090852386,1016.5517724205,148.626464667674,-162.044870791888,972.085610997619,103.018199339577,132.50223909608,995.334351814257,161.001691620837,173.744064646825,1016.69889839618,149.625532580506,163.092550412335,972.16722841289,105.339403833513,133.176011353397,995.432730022476,162.52162932976,85.6060606060606,100.431818181818,98.2929292929293,116.032727272727,53.4751515151515,158.91101010101,60.7550505050505,65.8181818181818,164.44404040404,9.25235432774062,10.0215676509126,9.91427906067452,10.7718488326158,7.31267061443024,12.6059910400178,7.79455261737648,8.11284055175386,12.8235736206426,2.46364894144673,2.28091817774128,2.66582134328661,3.38696349441416,3.14087096941265,3.0292182350158,3.8799065204505,2.90035238376254,2.54816283949195,-0.129773336796693,-0.433929279221685,-0.387224976968029,-0.371705153454455,0.184224243681895,-0.128637613161684,0.336294492087416,-0.33680943772396,-0.0466915113655821,171,1019,148,-163,972,111,135,1000,165,173.444444444444,1017,149.444444444444,-162.4,971.911111111111,104.6,132.888888888889,995.6,162.077777777778,0.503258334775646,0.503258334775646,0.503258334775646,0.503258334775646,0.503258334775646,0.503258334775646,0.503258334775646,0.503258334775646,0.503258334775646,40,39,40,55,37,61,39,38,59,446.653135039488,424.858538296329,436.000581702138,574.05,391.71,553.015714285714,133.635510003103,161.234413491234,164.977125928111,465536.335714286,421202.009999999,443586.621428571,0,57.6211030995457,0,77.8505853339076,0,85.2170619613879,0,98.4267271540081,0,37.6362174056815,0,117.401506494398,0,49.6989798479278,0,63.4849161787106,0,120.796174176483,1
2449000,141,1000,128,-209,953,80,116,971,116,181,1039,178,-154,990,161,174,1019,203,161,1019,148,-181,972,111,135,1000,165,162.4,1016.69,152.4,-180.85,971.23,112.06,133.72,997.43,161.31,161.879515810834,1016.61213893501,151.658992858231,-180.433109444422,971.17716520201,109.711583850111,132.971499348507,997.330323618153,159.864956724633,162.664685780289,1016.72892650893,152.77565251047,181.054936414338,971.256407958269,113.212455145183,134.120990154412,997.479638889937,162.012499517784,86.9090909090909,79.9534343434342,115.79797979798,74.9166666666667,51.8152525252525,262.238787878788,108.486464646465,100.025353535354,229.428181818182,9.32250454057765,8.94166843175446,10.7609469749637,8.65544144839919,7.1982812202117,16.1937885585427,10.4156835899745,10.0012675964276,15.1468868688646,2.59565885803171,2.68126016339926,2.72714292601518,4.45155936459809,3.71074973117564,2.96397990838527,4.89157112975318,3.40683485111589,3.3054766973174,0.395806138745799,0.00504518048755245,0.327155956249978,0.176804646720679,-0.0266662070069332,0.172166320260553,1.12998974739973,-0.375692412050636,-0.0471306924509916,161,1019,148,-181,972,101,126,1000,155,162.111111111111,1016.71111111111,152,-181,971.2,111.9,133.2,997.611111111111,161.388888888889,0.503258334775646,0.503258334775646,0.503258334775646,0.503258334775646,0.503258334775646,0.503258334775646,0.503258334775646,0.503258334775646,0.503258334775646,40,39,50,55,37,81,58,48,87,446.097226529868,426.182521316166,436.871231490063,570.638571428571,386.76,553.911428571429,126.63734958249,265.929127219043,243.844435261035,464373.39,423830.125714286,445372.337142857,0,78.1725454231832,0,72.2676062455784,0,94.1803180302716,0,59.9987754004938,0,37.0226410064453,0,174.975919910553,0,84.1705226626876,0,68.3857267246989,0,153.018595899259,1
2450562,-1383,725,-138,-663,833,-70,0,857,0,969,1343,663,263,1148,303,368,1209,213,156,1029,163,-190,962,121,184,990,155,179.73,1029.56,157.2,-182.07,971.23,119.16,193.63,991.02,142.26,0,1025.17154197352,178.058706428206,-279.484378538235,968.275337733052,180.486878498634,0,987.656009986476,0,319.435110781517,1031.63228914182,180.628126270523,210.077580907626,972.706003888122,132.67320754395,209.226647442433,992.74978720723,148.534777072577,70440.3203030303,4314.53171717172,7994.62626262627,11094.0455555556,2898.2394949495,3437.44888888889,6346.6798989899,3466.16121212121,1843.10343434343,265.405953782183,65.6850950914415,89.4126739485307,105.328275195009,53.8352997107799,58.6297611191525,79.6660523622823,58.8741132597444,42.9313805315347,16.6784080146012,13.2221193829547,15.1322392389056,9.21333335293718,4.50037946654399,5.90640404505114,3.03933604332012,5.04730682812125,3.21619918858602,-1.3875876632258,-0.0607215962882308,0.904354480469646,-0.158248291024769,0.188330913761159,-1.048849937955,-0.493157875799874,0.699660481600539,-0.866805809475496,151,1029,158,-190,962,121,155,990,165,180.077777777778,1029.3,159.033333333333,-181.4,971.166666666667,122.733333333333,196.333333333333,989.022222222222,144.533333333333,0.554383065415791,0.554383065415791,0.554383065415791,0.554383065415791,0.554383065415791,0.554383065415791,0.554383065415791,0.554383065415791,0.554383065415791,2352,618,801,926,315,373,368,352,213,466.532872578563,429.691898222018,438.679149101322,585.638571428571,389.28,568.675714285714,75303.4402746941,12956.2408672786,7042.5020602337,513827.352857143,431953.602857143,450595.932857143,0.350417802908649,77411.173312138,1.43691248451149,4750.83300601496,0.477658960054117,9284.95484544209,1.28021592890978,12795.7182878865,0,3334.13254899946,0,3528.81309281567,0.0515301970568957,6816.13702834721,0,4078.23894610224,0,1716.44256832606,1
2452125,-1666,862,-188,-1027,824,-151,0,866,58,515,1323,683,163,1101,414,339,1228,223,121,1029,168,-245,944,161,116,990,116,96.92,1026.41,173.45,-249.47,941.48,157.11,128.64,998.84,123.87,180.079332261323,1024.12342729479,160.401761172928,-435.300195695563,939.099920306316,0,0,996.539738218865,115.73575135425,244.356215390565,1027.63909520804,202.283686934958,283.159937138007,942.686045298221,193.633080851388,147.271789559304,1000.05055872191,128.134733776599,50824.7208080808,2550.12313131313,10943.2196969697,18125.5243434343,2295.34303030303,12939.614040404,5192.65696969697,2444.21656565657,1085.58898989899,225.443387146487,50.4987438587648,104.60984512449,134.631067526906,47.9097383660465,113.75242432759,72.0600927677516,49.4390186558812,32.948277495174,40.2260918920435,16.8391904225054,13.5025666689426,14.7006816191404,3.76113999883122,2.95943328746626,2.41961338558423,7.18528507751067,3.77651966003643,-5.26952754299025,2.0843053433844,2.08217511391661,-2.02557725571016,0.406324719912358,-0.13990609873071,0.409580529857671,1.28880481978419,0.788194991607841,121,1029,168,-272,962,121,77,990,116,119.477777777778,1024.71111111111,164.044444444444,-243.577777777778,940.377777777778,158.4,126.477777777778,995.911111111111,122.155555555556,0.572479800570449,0.572479800570449,0.572479800570449,0.572479800570449,0.572479800570449,0.572479800570449,0.572479800570449,0.572479800570449,0.572479800570449,2181,461,871,1190,277,565,339,362,165,458.324144338265,429.211625499521,436.13203281326,555.762857142857,363.908571428571,536.292857142857,52145.4464416434,23933.4569808915,5538.62312315774,495716.04,431284.414285715,444946.547142857,0.996706633786812,56612.7785407045,0,2621.45806122229,0.392351443737377,12708.8445005597,1.06084537842852,20980.8698231107,0,2462.67831496412,0.380937418570814,15133.7172517948,0.239092293258454,5564.62375501576,0,2803.20944111839,0,1101.24355902085,1
2453687,-121,911,49,-418,861,60,38,828,29,232,1078,277,-63,1018,292,262,1057,203,161,1019,198,-209,953,161,165,1000,101.5,161.59,1016.3,191.44,-213.83,953.08,164.21,162.66,994.65,99.59,198.287415881374,1015.85298878558,182.514475791027,-193.46970100102,951.894984507397,151.183786842332,139.022602721984,992.89044632335,90.0202240944634,167.410244608865,1016.51902097305,194.120426539816,223.14454956373,953.657947064879,170.236453205534,169.983646272222,995.463073147367,103.439402550479,1934.20393939394,449.727272727273,1043.90545454545,4111.33444444444,1113.12484848485,2035.88474747475,2460.77212121212,1634.45202020202,789.436262626263,43.9795854845625,21.2067742178596,32.3095257555021,64.1196884306563,33.363525720236,45.1207795530479,49.606170192952,40.4283566349415,28.0969084175869,20.5596137918415,9.06804096863704,7.58085996155964,4.77344753761228,3.49016726841939,3.46953742174449,3.17641508128767,7.07757731218378,4.24393976958387,-3.28528474884527,-0.800792244781891,-0.886492928226589,-0.790427152670562,-0.622467825582204,0.438013740362171,-0.385319759770473,-1.73376785565873,0.225089994970693,161,1019,198,-218,972,151,155,1000,106,165.877777777778,1016.32222222222,192.411111111111,-211.077777777778,954.388888888889,162.788888888889,164.177777777778,998.544444444444,99.3888888888889,0.509889142343121,0.509889142343121,0.509889142343121,0.509889142343121,0.509889142343121,0.509889142343121,0.509889142343121,0.509889142343121,0.509889142343121,353,167,228,355,157,232,224,229,174,449.220737608813,425.938187082652,434.73527024529,586.855714285714,387.197142857143,538.671428571429,1992.13604562257,5292.97068098769,2585.99159156184,471008.507142857,423530.322857143,441660.377142857,0,2021.57177416714,0,412.294343798253,0,990.775744848774,0.28097222942419,4652.50582022463,0,1271.44763007499,0,2184.22039998249,0,2523.68815370063,0,1861.99617347818,0,823.071356996067,1
2455250,-1313,509,-1198,-1009,759,-202,-29,790,-48,2686,2029,574,390,1250,565,330,1219,320,222,1039,173,-227,953,181,184,985,97,262.69,1033.09,149.94,-188.7,965.09,179.37,156.96,999.89,105.91,213.811562815657,978.010138294483,194.323238673615,-549.547668265555,959.248208291255,0,0,991.822447612568,0,501.352121766728,1062.71145190028,291.780499691121,325.560101978114,968.135853070219,217.244493601104,180.99955801051,1003.95095995771,127.982069056567,184189.812020202,62707.7594949495,63286.7236363637,71092.6161616162,5947.7998989899,15173.3061616162,8206.46303030303,8219.71505050505,5214.62818181818,429.173405536972,250.415174250582,251.568526720581,266.63198638126,77.1219806474775,123.17997467777,90.5895304673947,90.6626441843886,72.2123824687857,22.9513341394317,8.50619243915883,13.5344313518903,3.40976721018456,5.33941385136876,4.10567674411257,2.04419861101689,2.79341545206767,3.39743627357331,3.22352672133925,1.49665558874584,-2.70153353061955,0.247147653759524,0.84402346748065,-0.176654289859152,-0.444581856461868,0.252195453151143,0.398426851102076,222,1039,158,-200,935,262,213,971,58,225.222222222222,1015.24444444444,177.833333333333,-189.144444444444,962.288888888889,180.344444444444,158.555555555556,998.122222222222,104.511111111111,0.554383065415791,0.554383065415791,0.554383065415791,0.554383065415791,0.554383065415791,0.554383065415791,0.554383065415791,0.554383065415791,0.554383065415791,3999,1520,1772,1399,491,767,359,429,368,490.467810781985,445.171043822882,439.023795329025,619.594285714286,409.611428571429,541.182857142857,233327.869924257,73664.3489896549,10413.7850179127,628219.474285714,467344.962857143,453024.762857143,2.50684857310445,189699.862305756,1.27445600844658,63727.6988612609,1.27547114247795,72901.762053775,0.599857033368164,78080.4347272009,1.96139759309501,6664.22920353696,1.08658344113984,15130.2148520571,0.291437493382967,9694.22321325051,0.727359029443891,9619.13102454535,0.635345748950721,5270.33618584302,1
2456812,-1313,294,-1970,-954,759,-505,-19,771,-165,2858,2362,772,545,1157,535,407,1314,368,247,1039,193,-227,953,222,184,1000,116,255.16,990.52,130.66,-151.33,959.75,188.17,168.85,1000.68,102.56,0,884.643486905866,206.976076916773,0,953.68124610867,0,0,990.010261528826,0,529.145651026256,1030.64104323474,456.204975860632,316.383548876992,962.821265864023,258.601218094579,194.386599332361,1005.95797128906,130.658409603056,217059.085252525,81910.1915151515,192980.751919192,77977.5566666667,5964.37121212121,31784.485959596,9369.52272727274,10697.9571717172,6619.25898989899,465.896002614881,286.199565889174,439.295745391635,279.244617972606,77.2293416527761,178.282040485283,96.7962950079844,103.430929473331,81.3588285922246,16.7163904975817,8.29703415727628,11.0641932669185,3.1846070140126,3.20201412596631,5.30069390473812,2.67286828901996,3.07545831852638,5.3544667311851,2.27714669822783,0.661961677403542,-2.67042981485653,0.347531018183224,0.343489978056566,-1.22532879915819,0.171283802313908,0.126499514121997,-0.254921241895046,272,1039,198,-272,916,232,184,961,135,229.177777777778,986.044444444444,185.977777777778,-154.2,958.533333333333,200.766666666667,167.133333333333,1000.3,103.611111111111,0.601435386429077,0.601435386429077,0.601435386429077,0.601435386429077,0.601435386429077,0.601435386429077,0.601435386429077,0.601435386429077,0.601435386429077,4171,2068,2742,1499,398,1040,426,543,533,496.279326911651,446.675529866042,440.67877931613,589.86,427.11,545.181428571429,345789.270214394,85081.6399012966,13822.0961279874,664431.025714286,468856.255714286,457203.947142857,3.07888398897574,180935.161598909,0.832491491579951,79553.3080259317,1.00523105766199,222829.331021027,0.387905294651203,83292.9607728667,2.09371930543876,6768.011812476,0.86451260617118,37073.8051731478,0.239390455382888,11017.0535725219,1.1179616569355,12223.9700141648,1.02284920356744,6897.80081258377,1
2458375,-1848,274,-2079,-1418,648,-484,-97,714,-203,1515,2009,1663,463,1342,1191,417,1247,262,277,1014,84,-245,920.5,222,203,961,38,173.8,1018.95,113.13,-275.02,903.18,231.27,205.17,969.27,56.27,0,971.777332511516,0,0,882.51195290562,0,176.188694032662,961.893953070893,0,456.784150337991,1038.84915651889,546.700823119922,410.759929886059,913.179609934431,306.108493838378,230.691417265576,973.000354573419,122.29460331511,180247.797979798,41362.0883838384,288973.124343434,94027.9995959596,18346.3511111111,40622.8253535353,11236.1627272727,7318.54252525253,11908.7445454545,424.556000993742,203.376715441661,537.562205092057,306.639853241485,135.448702877182,201.551049001327,106.000767578696,85.5484805549025,109.127194344281,12.1096743358952,11.4938107573574,8.00647557727963,4.76413576845003,3.07524928728996,9.06079877605671,3.16970764311236,3.58600024701605,1.90072141811181,-2.08870652823121,1.36703889439465,-0.783078182302565,-0.398888691796974,0.0915763729746754,0.730359268638723,-0.152523263605979,0.372506701282547,-0.0273352537851928,282,1009,128,-572,842,222,203,895,135,210.733333333333,1007.92222222222,131.422222222222,-271.544444444444,901.311111111111,227.688888888889,206.744444444444,967.477777777778,56.1333333333333,0.717461324411975,0.717461324411975,0.717461324411975,0.717461324411975,0.717461324411975,0.717461324411975,0.717461324411975,0.717461324411975,0.717461324411975,3363,1735,3742,1881,694,1675,514,533,465,514.108510584111,441.802626207269,430.210790449764,559.662857142857,368.327142857143,527.447142857143,446332.190494176,97191.722152724,14273.2780097803,680031.908571429,469852.77,434958.938571429,0.934711014241975,212238.205068949,1.61145388584218,48500.1373852987,0.541860640577988,342372.640586538,0.548669174021958,97854.6436013125,0.318910160641402,18583.2079987939,0.420621029400986,44176.1331064673,0.481159532647576,13023.8917046702,0.653511287840497,8482.11560788472,0.328664489026196,10399.490886277,1
2459937,-191,980,0,-900,287,252,-310,876,-126,80,1098,257,-563,657,656,184,1257,456,-101,1019,188,-718,402.5,525,-194,971,281,-95.09,1023.68,162.92,-721.04,429.8,506.84,-158.14,992.32,240.05,0,1023.23242604633,0,-716.979066143155,414.46575557298,489.269259017574,-270.711421466242,986.731422029431,383.30487967349,108.126731200014,1023.90767161888,176.162084456332,723.067977440572,438.952844847826,513.44686190491,196.971368477756,995.434819563792,272.993205043642,2676.04232323232,470.886464646465,4535.50868686869,2958.2004040404,8031.87878787878,6808.98424242424,13928.7478787879,6254.03797979798,17072.0075757576,51.730477701567,21.6999185400882,67.3461853921117,54.3893409046332,89.6207497618647,82.5165695022778,118.020116415753,79.0824758072102,130.659892758863,4.17136447348526,3.89999967735302,3.06169072647658,5.4330929706893,3.91761597282861,4.02534888571965,5.1718973449151,5.29740293906724,4.69274506424509,0.964907754693933,0.872516030732439,-1.09390978968787,-0.32620014267778,1.27448345314155,-1.22496130539661,1.82551831760613,1.59972968891927,-1.51276190178951,-131,1019,198,-718,388,525,-194,961,300,-97.8222222222222,1022.53333333333,166.666666666667,-720.188888888889,424.611111111111,511.911111111111,-168.922222222222,984.833333333333,249.788888888889,0.910320912280462,0.910320912280462,0.910320912280462,0.910320912280462,0.910320912280462,0.910320912280462,0.910320912280462,0.910320912280462,0.910320912280462,271,118,257,337,370,404,494,381,582,447.604338309768,423.971378332881,448.972171319054,467.79,92.4,460.384285714286,6080.53208779173,13145.6384522088,29843.3263861568,467619.167142858,419629.105714286,473234.352857143,0,2925.55088629821,0,517.759049053179,0.0671143621698663,4598.13176168578,0,3346.43122806827,0.0887589808685094,8303.74066625372,0.0405013548416882,6834.794977577,0.0700437093872198,13989.5218982814,0.0729941327204912,6345.51030464607,0.0578831708505922,15396.2083973591,1
2461500,-444,931,89,-754,259,474,-281,895,203,171,1098,366,-609,472,676,-135,1009,300,-85,1009,227,-695,388,585,-184,971,271,-76.42,1016.14,226.29,-692.3,386.88,584.63,-188.13,967.47,268.47,0,1015.12153134489,217.983277511084,-691.429628150249,382.242620200255,582.279883837172,-185.457365533637,967.177530600027,266.729689043803,141.559951963823,1016.65502506996,230.009108515293,692.723985437201,388.860077662904,585.779881866901,189.626079430019,967.613326696155,269.279427361245,14342.6298989899,1057.51555555556,1714.16757575757,593.161616161617,1551.54101010101,1359.42737373737,570.861717171717,280.150606060605,439.665757575757,119.760719349,32.5194642568963,41.4025068776949,24.3549094878551,39.3896053559948,36.8704132569378,23.8927126373653,16.7377001425108,20.9682082585937,3.72152530918236,3.29550305345754,5.00632138480381,3.79194897348304,5.01631891046103,3.70597150349533,6.85060829890531,6.26731100838076,3.52546450831252,-0.251187159969016,0.432599841987699,0.299248903250108,0.641010364903669,-1.11691569578402,-0.147734391221865,-1.42312406277181,-1.07835153718393,-0.71013517370818,-141,1009,247,-700,388,555,-194,971,262,-73.4555555555555,1015.25555555556,225.311111111111,-693.3,389.477777777778,585,-186.333333333333,968.344444444444,269.577777777778,0.88928815272724,0.88928815272724,0.88928815272724,0.88928815272724,0.88928815272724,0.88928815272724,0.88928815272724,0.88928815272724,0.88928815272724,615,167,277,145,213,202,146,114,97,450.603034968365,422.767216834476,438.016882436305,499.718571428571,119.661428571429,449.061428571429,15242.6179199626,1950.46395958959,709.99367057536,474227.507142857,417521.464285714,447747.861428572,0.351717232079747,16460.6588565455,0,1207.178557613,0,1821.04261156715,0,611.502705716512,0,1732.69432728932,0,1506.48692756298,0,619.166226265203,0,290.380564653436,0,354.517281879886,1
2463062,-30,1000,178,-700,370,555,-213,952,233,10,1049,247,-672,416,616,-155,1000,320,-10,1019,217,-690,388,585,-174,971,262,-13.2,1022.53,213.46,-688.09,393.62,590.14,-179.17,970.5,264.61,0,1022.44449802432,212.746439707025,-688.021559150944,393.359299176234,589.818285092916,-178.670767746422,970.409742557884,263.563677446795,15.9373774505092,1022.57272113038,213.813470108878,688.124283832507,393.750707935872,590.300974080172,179.427116122397,970.545176691946,265.142621998048,80.5656565656564,88.2516161616162,152.553939393939,47.6584848484848,103.955151515151,191.939797979798,93.1324242424244,88.5757575757576,285.007979797979,8.97583737406469,9.39423313323745,12.3512727843708,6.90351250078428,10.1958399121971,13.8542339369522,9.6505141957527,9.41146946952268,16.8821793556987,2.82049558907415,3.08612607326162,3.49318040669919,2.44840234183167,2.26872737020526,2.50335662296903,3.86790576057016,3.26941211707167,2.94476591453248,0.0820749841849454,-0.0550978514137614,-0.00267048185643638,-0.202198568398439,0.145049064169814,0.0722033034497746,-0.698659244582846,0.134152515985917,0.406525658232819,-10,1019,217,-690,388,585,-174,971,271,-13.2222222222222,1022.55555555556,213.455555555556,-688.022222222222,393.488888888889,590.211111111111,-178.833333333333,970.333333333333,263.977777777778,0.916057563986965,0.916057563986965,0.916057563986965,0.916057563986965,0.916057563986965,0.916057563986965,0.916057563986965,0.916057563986965,0.916057563986965,40,49,69,28,46,61,58,48,87,447.759798563062,423.598499294449,437.976478952384,524.052857142857,126.715714285714,452.545714285714,171.591085022599,214.173030536073,298.107517281699,467839.358571429,418718.524285714,447622.56,0,62.1964164204606,0,60.4705631747575,0,95.0627162693027,0,42.2049397609802,0,105.711418320734,0,163.522979865226,0,70.8114295333659,0,70.1398905146422,0,210.299334757431,1
2464625,-1111,813,-89,-836,194,484,-475,771,97,464,1372,990,-500,629,868,58,1114,679,-50,1000,296.5,-672,383.5,616,-165,971,281,-56.83,1002.05,301.15,-660.86,373.44,633.91,-160.93,978.53,274.56,0,997.011321511719,281.295870678935,-654.004411227659,348.664636511713,623.46322887818,0,974.778977612506,249.48132118157,231.158754971556,1004.76130996371,337.534279740592,664.232730298651,384.932383672769,639.287783396492,184.124387303801,980.337140987732,287.086816137558,50711.8394949495,5496.04797979798,23472.7954545454,4514.32363636364,8803.54181818181,6916.14333333333,8084.16676767677,3575.70616161616,7106.71353535353,225.192893970812,74.1353355681215,153.208340029339,67.1887165851799,93.8271912516932,83.1633533074114,89.9119945706732,59.7972086440175,84.3013258220387,11.0878619797461,8.51185440002137,7.4076617309777,3.11674478915031,2.62257760201449,2.58494808599976,4.61294373356954,4.35403784782265,7.90038661406467,-1.76590449070147,1.41721173114459,1.00832022392304,-0.0790839613386406,0.163795175118808,0.432562344265232,-0.448351075442908,-0.37546624858485,1.24230200890001,-10,1019,217,-690,314,595,-184,961,281,-43.9333333333333,998.088888888889,296.577777777778,-660.177777777778,372.088888888889,631.322222222222,-159.288888888889,980.222222222222,270.822222222222,0.882644875290401,0.882644875290401,0.882644875290401,0.882644875290401,0.882644875290401,0.882644875290401,0.882644875290401,0.882644875290401,0.882644875290401,1575,559,1079,336,435,384,533,343,582,462.089940296904,427.261656995995,444.002090786598,534.158571428571,148.495714285714,468.068571428571,64596.168262942,10663.8914423982,9324.14973047212,504389.592857143,427742.97,461734.945714285,0.341386546189029,59587.3483547991,1.13260389972979,5826.0101987337,0.316154728861462,25646.6420524067,0.315368235072462,4496.68013944149,0.143086235060276,8166.21257470662,0.21145196871594,5801.57367241756,0.462975506480456,8440.1774957491,0,3500.00973255584,0.562222959777937,7001.85981623521,1
2466187,-50,980,118,-709,388,484,-203,914,242,90,1068,237,-636,453,646,-48,1019,388,60,1019,188,-663,416,606,-184,961,291,54.6,1024.41,181.44,-664.65,421.1,594.82,-175.84,964.76,295.49,0,1024.26840441884,179.808430535254,-664.379540803187,420.740371545665,593.207524218752,-168.968702269347,964.565857331829,293.74110626232,59.2790013411157,1024.48095638718,182.196322685174,664.787567573281,421.280547853802,595.560693800388,177.606981844746,964.85649710203,296.444615400584,538.222222222225,146.850404040404,277.804444444444,184.734848484848,153.626262626263,890.613737373737,630.842828282828,188.083232323232,570.777676767678,23.1996168550738,12.1181848492422,16.6674666474676,13.5917198501458,12.3946061908502,29.8431522693856,25.1165847256913,13.71434403547,23.890953868937,7.26076269411894,5.53089179986173,4.83798536713662,4.12845544009172,2.88439911602116,5.28648411438249,11.019787153579,6.90147338199682,7.03251671668295,-1.83179192427009,0.246113884381805,-0.409062392278816,-0.901115377472535,0.200833153260787,-1.51100390534944,2.41203492335694,-0.333180873488329,1.46244868056152,70,1019,188,-654,416,616,-184,961,300,57,1024.11111111111,181.877777777778,-663.9,420.922222222222,597.533333333333,-178.955555555556,965.255555555556,293.533333333333,0.774117311341292,0.774117311341292,0.774117311341292,0.774117311341292,0.774117311341292,0.774117311341292,0.774117311341292,0.774117311341292,0.774117311341292,140,88,119,73,65,162,155,105,146,446.649204132827,422.949762110159,439.201780875703,540.192857142857,150.544285714286,464.747142857143,546.716162335994,995.677456318504,806.958843416355,465544.598571428,417476.721428571,450159.304285714,0,472.311861498112,0,92.9705363227102,0,202.202312544047,0,183.716114627386,0,145.311258774295,0,951.442221235139,0,585.938372631725,0,173.806530276204,0,558.611929754607,1
2467750,50,1000,158,-672,398,575,-203,942,262,90,1039,227,-645,435,636,-174,980,320,70,1029,188,-654,416,606,-184,961,291,70.4,1023.42,191.66,-655.08,415.38,608.98,-184.47,964.12,287.92,69.2459881292593,1023.33995854384,190.988593598447,-655.034865923223,415.276336659679,608.722873881749,-184.193070182752,964.047626112313,287.219899763833,70.9647799968407,1023.45990639595,191.989843481368,655.102602650913,415.431655028839,609.107691627679,184.609831807518,964.156159550931,288.266231112838,80.6464646464646,82.5086868686869,127.822626262626,29.9127272727273,43.3490909090909,157.110707070707,52.130404040404,70.429898989899,201.508686868687,8.98033766884434,9.083429246088,11.3058668956709,5.46925289895496,6.58400265105436,12.5343810006999,7.22013878262766,8.39225231924654,14.1953755451797,2.73290870317791,2.70632889188242,3.59400544416479,3.33531881885955,3.61691502506768,3.25003483710489,2.89473767569962,2.38029088648079,2.41597466375369,0.089891143085753,-0.307017981112498,-0.132295332002045,-0.211056252081793,-0.171368856009303,-0.281215562982889,-0.331476752922716,-0.0733104653864415,-0.141974738999856,70,1029,188,-654,416,616,-184,961,291,70.2222222222222,1023.55555555556,191.9,-655.1,415.5,609.144444444444,-184.222222222222,964.022222222222,288.022222222222,0.76420450650862,0.76420450650862,0.76420450650862,0.76420450650862,0.76420450650862,0.76420450650862,0.76420450650862,0.76420450650862,0.76420450650862,40,39,69,27,37,61,29,38,58,447.295776768631,422.676042797579,438.466099474592,550.92,158.262857142857,457.53,136.586894545646,158.813519763894,206.421118161818,466871.262857143,416895.025714286,448617.99,0,55.4673671229925,0,72.5321234612844,0,96.7592071765895,0,23.7661512969933,0,35.7698200533791,0,128.57015450782,0,40.4577915025424,0,56.6514669959381,0,152.368152643697,1
2469312,50,1000,168,-681,388,575,-194,942,242,90,1049,227,-627,435,646,-135,990,310,70,1019,198,-654,416,616,-174,971,281,71.8,1020.93,194.43,-655.35,413.49,612.24,-177.29,968.29,283.31,70.6020788389882,1020.83609675916,193.781316497885,-655.240728472628,413.271353667642,611.960234650358,-176.377371795246,968.175509819923,282.679235003763,72.3740284908889,1020.9770663438,194.754845896065,655.404844351947,413.598658121614,612.379980077729,177.70737182233,968.34739117736,283.618211686062,83.5959595959595,97.0758585858586,127.702121212121,72.6136363636363,90.7776767676768,173.153939393939,149.662525252525,112.268585858586,176.498888888889,9.14308260905257,9.85270818535993,11.3005363240919,8.52136352725527,9.52773198445867,13.1587970344534,12.2336636071344,10.5956871348009,13.2852884383023,2.34309203433689,3.14373021652661,3.68083997773733,4.59252529260067,3.02747834156098,3.4542829566748,4.8621511856521,3.03987719470179,3.0500019865848,-0.123173600485509,0.276593593421053,0.191234735776106,-0.343563876848996,-0.213924933061791,0.0902430656455703,1.01141806355215,0.25867722901194,-0.383253914378834,70,1019,198,-654,416,606,-174,971,291,71.6666666666667,1020.66666666667,194.2,-655.1,413.6,612.1,-178.266666666667,968.211111111111,283.677777777778,0.76420450650862,0.76420450650862,0.76420450650862,0.76420450650862,0.76420450650862,0.76420450650862,0.76420450650862,0.76420450650862,0.76420450650862,40,49,59,54,47,71,59,48,68,446.51102754821,423.300659625126,439.076269195601,551.64,158.734285714286,460.418571428571,131.035246961605,182.339717768385,249.008768626576,465240.694285714,418126.542857143,449878.23,0,64.5005033414386,0,89.1193034861334,0,105.921326973613,0,64.9128772254411,0,84.552553279825,0,157.553629021507,0,145.049572571446,0,90.7009300348659,0,152.755940680384,1
2470875,-595,754,-19,-890,314,404,-223,733,-310,797,1294,504,-436,805,797,398,1171,271,111,1019,168,-645,425,616,0,1000,184,176.8,1016.68,133.12,-615.27,486.11,592.9,9.27,1021.76,177.95,126.946133190007,1013.14099819666,0,-606.005944018062,461.247420170813,585.84822974674,0,1018.13446228893,171.159078184209,256.798909655006,1018.45719595867,164.795934415871,619.696159420082,501.283742006461,596.176618125871,71.5760434782477,1023.49157299902,189.167042584061,35037.8181818182,3653.37131313131,9532.08646464646,5521.37080808081,15133.7958585859,3935.50505050505,5088.07787878788,3577.27515151515,4159.56313131313,187.183915392905,60.4431246142298,97.6324047877878,74.3059271396354,123.019493815354,62.7336038380153,71.3307639016146,59.8103264622018,64.4946752167427,6.82892459689291,12.1578404538584,5.49136593424578,5.58805543172283,2.83255818166178,3.68375559891308,11.2047458307408,7.72768360483319,34.0277016597369,-0.141153752145061,0.739254966875567,0.785109697869448,-0.117512177667382,1.10671072110399,-0.393622915783141,1.31953201216195,-0.288558492009917,-4.45674463134489,111,1019,178,-645,416,626,9,990,184,175.377777777778,1015,128.544444444444,-615.122222222222,479.677777777778,593.977777777778,8.03333333333333,1020.54444444444,183.188888888889,0.687315092830927,0.687315092830927,0.687315092830927,0.687315092830927,0.687315092830927,0.687315092830927,0.687315092830927,0.687315092830927,0.687315092830927,1392,540,523,454,491,393,621,438,581,454.604032019025,425.554497517662,446.503321302561,568.542857142857,198.745714285714,518.134285714286,43886.4263500958,18694.941770015,5711.30166893545,484439.331428572,424600.834285715,466475.271428572,0.396823115993673,38261.402286515,0,3503.10942665403,0.19576321168958,9542.65914248618,0.390671369616901,5982.73426531237,0.137606874799731,13108.3240885502,0,3735.64174871553,0.480201289737821,4292.48765942276,0,3325.5012292349,0,3637.73885979211,1
2472437,40,715,-247,-472,712,282,87,838,-48,858,1205,188,-227,907,535,184,1114,106,252,1000,49,-404.5,814,353,126,942,9,268.23,1003.11,51.84,-403.87,812.87,375.66,130.17,954.81,16.9,241.424883517127,1001.18660795884,0,-400.655719139567,810.704036647497,366.368843995589,125.967948348449,952.271721816141,0,281.541524468417,1003.94174631798,67.4090498375404,405.178738336552,813.944955141317,380.930807365327,132.237022047534,956.108471879629,38.0094725035747,7392.21929292929,1686.2201010101,1875.34787878788,1069.52838383838,1766.41727272727,4028.12565656566,547.879898989899,2506.33727272727,1170.81818181818,85.9780163351615,41.0636104234649,43.3052869611538,32.7036448096903,42.0287672044669,63.467516546385,23.4068344504313,50.0633326170689,34.2172205448979,23.9824839853163,30.8933516266393,25.0594855887072,10.0104643313315,2.96931503152487,3.14650958396688,2.51127660454378,3.18346333891539,3.11810609282745,3.30860533422358,-2.25530644191779,-2.94264767264795,1.57103969555379,-0.029690253375291,1.02759939342213,0.217388010968129,0.552420798636621,0.723436611519274,222,990,49,-400,814,343,116,942,0,262.422222222222,1003.63333333333,53.3333333333333,-405.466666666667,812.711111111111,372.122222222222,129.911111111111,953.333333333333,15.6333333333333,0.634309554640566,0.634309554640566,0.634309554640566,0.634309554640566,0.634309554640566,0.634309554640566,0.634309554640566,0.634309554640566,0.634309554640566,818,490,435,245,195,253,97,276,154,447.241128111854,422.3182919361,413.449497398087,567.077142857143,336.282857142857,472.234285714286,8716.86577410736,5270.9391199541,2535.63084896862,467875.131428571,416479.062857142,399889.182857143,1.69290321379322,6078.75968175508,0,670.530784965513,0,1650.02030744709,0,1031.64566746161,0,1631.3328186318,0,3422.65631380829,0,586.117753303915,0,2628.68849836514,0,1062.4286426492,1
2474000,383,921,-9,-563,490,383,-58,980,-9,464,980,99,-454,814,646,135,1285,203,414,950,29,-545,592,575,-19,1019,135,416.01,950.13,36.14,-541.9,610.77,566.66,-1.35,1034.8,133.3,415.329655475614,950.002139206967,0,-541.194028798855,605.357499477456,562.429771743766,0,1031.94832487475,226.821085261016,416.345613643281,950.194259086004,44.2192265875377,542.223570125829,613.84770912662,568.410291954676,46.1370783643698,1036.43051865525,139.591976846809,282.171616161616,123.346565656566,655.798383838384,354.333333333334,3807.08797979798,2006.77212121212,2148.2904040404,3411.29292929293,1734.37373737374,16.7979646434208,11.1061499024894,25.6085607529667,18.8237438713273,61.7016043535173,44.7970101816195,46.3496537639754,58.4062747424704,41.6458129632949,2.90288202529991,3.57802413137205,2.50081604805539,9.21131449796932,6.09542847697634,7.71818371376769,5.48892950268599,9.79464335828101,5.79144714165789,-0.251572811246438,0.472357908834348,0.386335251519751,2.29300051691363,1.64296471808441,-1.92163443095635,1.90390456213309,2.66061395560891,-1.30559721939963,414,950,39,-554,592,575,-29,1009,126,416.066666666667,949.866666666667,35.6111111111111,-544.3,606.255555555556,570.966666666667,-5.81111111111111,1026.24444444444,136.177777777778,0.751968636868419,0.751968636868419,0.751968636868419,0.751968636868419,0.751968636868419,0.751968636868419,0.751968636868419,0.751968636868419,0.751968636868419,81,59,108,109,324,263,193,305,212,444.990385198994,427.182037093666,447.932761791994,600.977142857143,272.37,500.035714285714,703.011354482433,5536.098909246,4025.678785008,462072.06,425959.572857143,469629.758571428,0,232.00073396333,0,109.150168285336,0,545.85291604401,0,343.501559872142,0.0488788602398608,4141.35582614673,0,2292.6523432679,0,2185.79560061792,0,3452.44275132125,0,1766.64476947334,1
2475562,131,921,0,-745,277,515,-194,666,116,454,1049,178,-527,657,626,9,1200,339,373,970,59,-554,583,575,-38,1019,155,330.12,977.33,72.86,-581.58,547.9,579.55,-58.92,998.31,181.74,289.736917962021,976.033591640272,0,-576.818345576585,526.163312426028,578.721220922798,0,986.927861731136,166.365539474745,346.328976552641,977.984043837117,86.2023201543903,584.177250498511,555.764716404343,579.959352023916,76.736301709165,1002.87176149296,191.139582504514,11075.2985858586,1291.77888888889,2143.69737373737,3058.34707070707,8767.68686868686,479.441919191919,2441.30666666667,9221.12515151515,3540.31555555555,105.23924451391,35.9413256417858,46.3000796299248,55.3023242794285,93.6359272324831,21.8961622023568,49.4095807173737,96.0266897873459,59.5005508844713,1.52813158716195,1.66509125797858,1.97157807472383,3.02041047113378,4.1067839858936,3.18976689893877,2.84558654804603,6.79199626230722,2.52260327077454,-0.385079823748126,0.276801979032491,0.437166012072139,-1.0611285760691,-1.28108977937296,-0.232300213494493,-0.907772279674758,-1.80520278163718,0.950899549624784,424,941,29,-554,592,575,-29,1019,155,334.3,976.7,71.1111111111111,-576.933333333333,556.355555555556,579.888888888889,-55.7555555555556,1007.16666666667,177.611111111111,0.760167502961966,0.760167502961966,0.760167502961966,0.760167502961966,0.760167502961966,0.760167502961966,0.760167502961966,0.760167502961966,0.760167502961966,323,128,178,218,380,111,203,534,223,446.144614709328,425.570548504394,436.994507715102,591.561428571429,233.944285714286,480.484285714286,14261.3689003876,11478.5181205088,9626.65603073513,464497.452857143,422781.57,449217.672857143,0.0278396752665593,7507.02798910883,0,890.714953235236,0,1504.38431261596,0,2460.9677709522,0.0178189723824771,7595.57322806571,0,484.645154641908,0,2192.93989389071,0.0420887023904636,10292.5531915239,0,2921.28511009099,1
2477125,181,980,9,-672,435,464,-242,876,194,252,1049,128,-563,611,656,-116,1114,320,222,1009,79,-636,495,565,-165,971,271,217.19,1013.87,72.69,-631.35,507.79,561.46,-170.4,971.71,265.59,215.40079100125,1013.7234758868,51.3025073408025,-630.697972539939,503.372610251381,556.998871872717,-164.745059539409,969.226295511115,261.388406933279,218.072854798574,1013.94330709365,80.052670161588,631.66463412162,510.079140918348,563.651505808332,173.45414379599,972.989768702631,267.518840458013,388.155454545455,150.154646464646,1135.95343434343,401.401515151515,2353.58171717172,2490.59434343434,1060.78787878788,2513.90494949495,1038.66858585859,19.7016612128382,12.2537605029904,33.7039082947873,20.0350072411146,48.5137271003962,49.9058548011588,32.5697386969542,50.1388566831649,32.2283816822779,1.91440296086853,3.92246611842162,1.64200458429024,4.52970305173932,2.00544510171119,1.89359097663011,2.49226560766521,3.62325379885508,2.38370654871051,-0.0416378301039197,0.0891880032188795,-0.204443121083163,1.01579153464108,0.480670231611881,-0.0973824526456168,-0.670953570279651,0.715083861046152,-0.50943785361574,232,1009,99,-645,481,606,-165,980,271,217.044444444444,1013.91111111111,72.8222222222222,-632.588888888889,506.344444444444,561.955555555556,-169.1,969.666666666667,266.466666666667,0.76420450650862,0.76420450650862,0.76420450650862,0.76420450650862,0.76420450650862,0.76420450650862,0.76420450650862,0.76420450650862,0.76420450650862,71,69,119,109,176,192,126,238,126,445.780852946628,423.541193981069,438.268495008888,558.75,187.671428571429,457.242857142857,1273.28485111864,4335.19797751793,2792.01696824391,463733.67,418664.554285714,449297.897142857,0,298.235049173978,0,147.494399779138,0,874.965902221487,0,402.190392431611,0,2072.69057118696,0,2206.43480884726,0,1087.89027392475,0,2687.95549570169,0,879.374066555483,1
2478687,101,970,0,-709,379,474,-271,800,155,292,1049,158,-509,694,676,-77,1095,330,212,1009,128,-609,481,595,-145,980,257,211.83,1013.55,105.39,-607.33,510.83,589.44,-146.95,978.94,244.01,202.468062467335,1013.34319134243,0,-604.684327293599,497.756444282147,584.10875590486,-138.865029400355,975.553313039418,236.568233595828,215.771615371439,1013.65326912115,114.853167130907,608.62733261003,517.824342803619,591.995033762953,151.243214723835,980.524971635093,247.397433293072,1702.46575757576,211.462121212121,2105.2504040404,1593.43545454546,7267.43545454545,3049.09737373737,1293.13888888889,3137.06707070707,1681.42414141414,41.2609471240755,14.5417372143813,45.8830077919964,39.9178588421957,85.2492548621127,55.2186324870271,35.9602403897539,56.0095266067039,41.0051721300392,3.08422045628656,3.25842458490045,1.87259302315141,3.00563332904719,2.08457179507953,1.84162866889587,4.87330001485432,4.77673201356218,2.05562728105348,-0.345346182771097,-0.0555757086869227,-0.567842836112938,0.15041064044598,0.588448486911456,-0.354187533503731,-0.979570560267785,-0.941949522995262,-0.333853661548426,222,1009,148,-627,444,636,-145,971,262,212.755555555556,1013.66666666667,107.477777777778,-607.388888888889,507.966666666667,590.7,-144.988888888889,981.933333333333,244.744444444444,0.766207532278821,0.766207532278821,0.766207532278821,0.766207532278821,0.766207532278821,0.766207532278821,0.766207532278821,0.766207532278821,0.766207532278821,191,79,158,200,315,202,194,295,175,446.845215258301,426.128628985514,437.619195474316,570.33,211.26,461.142857142857,2808.80796383759,9098.97645208088,3572.13710304522,465960.681428571,423868.885714285,448075.379999999,0,1448.31752275976,0,156.717760278013,0,1570.70784273784,0,1606.40785135504,0.0228594821497821,6410.39429223032,0,2355.56923856424,0,1285.31446509532,0,3402.11591738536,0,1401.93518872815,1
2480250,202,980,108,-627,425,606,-145,952,233,252,1019,168,-600,462,666,-106,990,300,232,1009,138,-618,444,636,-126,980,271,228.3,1006.89,137.8,-615.03,445.7,632.3,-130.06,976.24,270.83,227.889879709405,1006.82816810703,136.981112146305,-614.979846973539,445.572972196316,632.061346336125,-129.580363618845,976.177494989671,270.16144386221,228.504266918585,1006.92085587697,138.205643878968,615.055095093114,445.763502319335,632.419639163744,130.297966215901,976.271109887003,271.156836535611,94.2525252525253,62.7655555555556,113.090909090909,31.1809090909091,57.1818181818182,152.838383838384,62.5822222222221,61.3559595959596,178.930404040404,9.70837397572453,7.92247155599537,10.6344209570107,5.5839868455172,7.56186605156546,12.3627822046004,7.91089263119037,7.83300450631554,13.3764869842722,2.80181636189395,3.2511619812503,2.80899548031815,2.61495225638113,2.71845576053937,3.27232062510704,3.19955043297698,3.81574119439562,2.90753023381146,-0.00400067652830639,-0.228826077820591,0.0398290933556698,-0.0987224667790616,0.0224824898010099,0.182778539514099,-0.0276980986551754,-0.549435069714462,-0.350842470120187,232,1009,128,-618,444,626,-126,980,271,228.333333333333,1007.15555555556,137.777777777778,-614.8,445.5,632.222222222222,-130.122222222222,976.522222222222,271.311111111111,0.76420450650862,0.76420450650862,0.76420450650862,0.76420450650862,0.76420450650862,0.76420450650862,0.76420450650862,0.76420450650862,0.76420450650862,50,39,60,27,37,60,39,38,67,446.445974419761,423.587597042989,437.802182488439,588.424285714286,198.415714285714,478.718571428571,124.888737768479,157.588482334265,183.471246000125,465087.69,418693.915714285,447260.944285714,0,62.1285871704721,0,45.9909747631263,0,84.7719095207584,0,24.9926973609301,0,45.2386740323917,0,122.387998405218,0,43.9063885735298,0,51.5380184897955,0,152.103210161079,1
2481812,202,990,108,-627,425,606,-184,961,203,252,1029,168,-600,472,666,-77,1000,320,232,1009,138,-618,444,636,-126,980,271,228.2,1005.91,139.5,-615.66,446.24,631.8,-128.14,976.94,268.42,227.80098339732,1005.83692826873,138.513108800077,-615.603052654984,446.087432662354,631.449840586254,-126.994167378023,976.862974743619,267.360393464543,228.396147077835,1005.94651448275,139.982141718149,615.688443938978,446.316591670083,631.97594890945,128.685974371724,976.97852586431,268.931552630033,90.4646464646466,74.2039393939393,136.111111111111,35.3781818181818,69.0529292929293,224.606060606061,141.636767676768,76.0367676767677,277.660202020202,9.51129047315066,8.61417084773336,11.6666666666667,5.94795610425815,8.30980922121136,14.9868629341187,11.9011246391578,8.71990640298207,16.6631390206108,3.09400810393365,2.72387640441335,3.19835399162195,2.85549235341587,3.49588950302875,2.59275483415069,9.53721274069867,2.59167085152734,4.7961219927356,-0.311651787977625,-0.0519256851312872,-0.0637704884635715,0.0884594014491173,0.267439781797397,0.252075036848358,-0.342121991204991,0.0550134103735428,-0.292133394784612,232,1009,138,-618,444,636,-126,980,271,228.444444444444,1005.95555555556,139.666666666667,-615.6,446.1,631.444444444444,-127.988888888889,976.988888888889,268.544444444444,0.76420450650862,0.76420450650862,0.76420450650862,0.76420450650862,0.76420450650862,0.76420450650862,0.76420450650862,0.76420450650862,0.76420450650862,50,39,60,27,47,60,107,39,117,446.131696095331,423.735372524388,437.749494995744,588.69,198.162857142857,478.808571428571,139.328364564568,232.556532149,335.300739398209,464437.795714286,418999.011428571,447159.128571429,0,75.463650376658,0,53.1731699629481,0,115.450861433276,0,26.0499167729441,0,57.620108652362,0,195.401216482302,0,94.3744676913493,0,66.1035853708148,0,190.592258144705,1
2483375,202,980,99,-654,407,555,-233,923,213,252,1029,168,-600,490,686,-58,1019,378,232,1009,128,-618,444,626,-145,971,286,227.6,1007.98,131.82,-622.14,449.17,625.15,-147.94,968.91,289.53,227.094812016863,1007.87320972099,130.450252533221,-621.947798032042,448.582259054252,624.067139547168,-142.768370442236,968.664748816258,286.424405879572,227.85170615995,1008.03334270251,132.494301764265,622.236884152651,449.467896517649,625.676393992933,150.321322506157,969.032120210677,291.09543108747,115.79797979798,108.625858585859,180.027878787879,121.778181818182,270.405151515152,665.078282828284,717.430707070706,239.052424242424,918.110202020201,10.7609469749637,10.4223729824766,13.4174468058524,11.0353152115461,16.4440004717572,25.7891117107256,26.7848969957083,15.4613202619448,30.3003333648361,2.65044419522091,2.6043612140693,3.01475492042762,2.56863970920944,3.50825577391115,3.5322923184083,5.50571151305893,4.04114843487458,3.67985538902363,0.0150164818551288,-0.0763877713423665,0.0815293678213954,-0.489397791004538,0.469194568842594,-0.576114933053962,-0.558783169828034,-0.208283363554983,0.372250360933843,232,1009,128,-618,444,636,-145,971,281,227.555555555556,1007.92222222222,131.777777777778,-621.6,448.744444444444,625.888888888889,-147.044444444444,969.2,289.077777777778,0.76420450650862,0.76420450650862,0.76420450650862,0.76420450650862,0.76420450650862,0.76420450650862,0.76420450650862,0.76420450650862,0.76420450650862,50,49,69,54,83,131,175,96,165,446.51551112945,424.377854952256,438.362299307058,586.028571428571,193.791428571429,475.928571428571,193.416053660692,846.124480537715,1471.2093455326,465258.154285714,420287.605714286,448438.414285714,0,87.781803612982,0,95.8818802928934,0,141.740520412644,0,114.042045518907,0,299.251712982485,0,725.791893511827,0,754.614209415211,0,148.795977690383,0,798.767683225699,1
2484937,202,980,99,-636,398,575,-194,942,242,242,1029,158,-600,490,676,-97,1000,349,232,1009,138,-618,453,626,-135,971,291,228.5,1008.05,131.91,-618.72,449.78,627.93,-140.2,969.61,290.59,228.015657423884,1007.96841210745,130.893654475477,-618.606029980734,449.353470846235,627.347538896058,-138.76802579929,969.510079859492,289.440520713499,228.737841206915,1008.090794522,132.383420412074,618.777181221157,449.992666606913,628.217979685396,140.931472709257,969.660017738176,291.181163539127,109.848484848485,83.0782828282828,126.385757575758,71.4763636363636,193.284444444444,365.399090909091,207.717171717172,97.9776767676767,347.395858585858,10.480862791225,9.11472889494157,11.2421420368077,8.4543694996353,13.9026775998167,19.1154150075035,14.4123964598942,9.89836737890026,18.6385583827145,2.33739199365834,3.29320062296892,3.25698427698002,2.89954916877993,5.49465447310108,3.39250825531579,5.21221014956519,3.30200783400996,3.69004607897243,-0.322067072859837,0.0245510181644403,-0.622573777384787,-0.281466323920629,0.0575159558886747,-0.290231351884983,-0.62866229735801,0.139302545882637,0.610733134151992,232,1009,138,-618,453,626,-135,971,291,228.888888888889,1008.11111111111,132.333333333333,-618.6,449.622222222222,628.311111111111,-139.744444444444,969.455555555556,289.911111111111,0.76420450650862,0.76420450650862,0.76420450650862,0.76420450650862,0.76420450650862,0.76420450650862,0.76420450650862,0.76420450650862,0.76420450650862,40,49,59,36,92,101,97,58,107,446.622212309659,424.24549744089,438.064585541948,586.482857142857,196.71,480,132.701800607864,450.789870510584,456.381521473479,465468.608571429,420015.612857143,447809.442857143,0,91.2861022694061,0,47.3765128157152,0,102.917279287532,0,60.9858604441698,0,197.970724056739,0,349.992727193595,0,187.62504086939,0,94.189754126223,0,355.869615703157,1
2486500,202,990,108,-636,407,565,-271,885,233,252,1029,158,-590,490,676,-58,1000,456,232,1009,128,-618,444,636,-145,961,300,233.6,1007.05,131.5,-616.54,447.64,630,-147.71,963.88,305.26,233.185230588222,1006.96452634107,130.335502762028,-616.401971375217,447.126383542543,629.193500474702,-143.320499567451,963.668074320252,303.360366944107,233.804191579193,1007.09292024123,132.087092480681,616.60879007682,447.899765572611,630.391544994062,149.366495573807,963.983132632517,306.293780544104,96.4040404040404,87.320707070707,156.313131313131,85.6852525252524,234.980202020202,498.484848484848,497.076666666667,200.833939393939,638.598383838385,9.81855592253975,9.34455494235584,12.5025249975008,9.25663289351222,15.3290639642544,22.3267742516658,22.2952162283003,14.1715891626147,25.2705042260416,3.32399882241266,2.8250522880291,2.5398957618338,3.56086304524688,4.17453620674034,3.83552381568291,15.501379647711,12.0270623614928,15.2349628545827,-0.259772298791943,0.481836278651675,0.250510682273207,0.17570887040022,0.448734075963212,-0.731978070217817,-0.531297324446068,-1.69871750038737,1.8663174238243,232,1000,128,-618,444,636,-145,971,300,233.777777777778,1006.77777777778,131.333333333333,-616.6,447.244444444444,631.055555555556,-147.666666666667,964.477777777778,304.388888888889,0.76420450650862,0.76420450650862,0.76420450650862,0.76420450650862,0.76420450650862,0.76420450650862,0.76420450650862,0.76420450650862,0.76420450650862,50,39,50,46,83,111,213,115,223,446.674891415964,423.843341612561,438.16713749755,588.064285714286,197.614285714286,480.612857142857,159.992392749213,607.821385519715,1079.12367679921,465577.521428571,419234.614285714,448024.161428572,0,57.6457263269882,0,77.8991548014299,0,153.155360367571,0,78.5906779723281,0,256.207445560705,0,519.247046874814,0,490.819237366236,0,162.862617085133,0,582.330131016439,1
2488062,212,980,108,-627,435,606,-165,942,271,252,1019,168,-590,462,666,-126,980,349,232,1009,138,-618,444,626,-145,961,305,234,1007.33,137.8,-615.28,448.77,631,-145.51,964.63,305.12,233.668164203455,1007.26087389679,136.809954627217,-615.191897807897,448.627829372849,630.718086826189,-145.138982021062,964.54976161002,304.528201388084,234.162336852022,1007.36441767615,138.277980893561,615.323589666445,448.841208001226,631.141822413948,145.696636886374,964.670052401338,305.41781218521,76.7676767676768,70.0415151515152,133.292929292929,54.1834343434343,64.5627272727272,180.808080808081,54.8988888888889,78.0536363636364,183.662222222222,8.76171654230361,8.36908090243577,11.5452557049608,7.36093977311554,8.03509348251327,13.4464895347478,7.40937844146788,8.83479690562474,13.5522035928561,3.38504155124654,3.25277966814583,2.87592058769129,4.54506139682355,2.24491912612219,3.16859648575263,3.28992746812033,2.91278203143231,3.33798441672113,-0.489017748513566,-0.48996806503058,-0.238024864890632,0.842818390749229,0.123335195531673,0.338224818507859,-0.24488843544238,-0.163125397075195,0.255879216322577,232,1009,138,-618,444,626,-145,961,310,234.333333333333,1007.75555555556,137.888888888889,-615.7,448.8,630.666666666667,-145.333333333333,964.811111111111,304.977777777778,0.76420450650862,0.76420450650862,0.76420450650862,0.76420450650862,0.76420450650862,0.76420450650862,0.76420450650862,0.76420450650862,0.76420450650862,40,39,60,37,27,60,39,38,78,447.170458826392,423.90077863053,438.109653733575,591.055714285714,199.067142857143,481.817142857143,139.104805080883,184.24667534879,183.862670674355,466601.087142857,419323.521428572,447898.225714286,0,52.6636527201698,0,51.1861979635803,0,111.677789589446,0,44.959300630159,0,35.7863613754844,0,154.964769828176,0,47.63949694055,0,68.7437495792509,0,135.355391369108,1
2489625,212,980,108,-627,425,595,-155,942,281,252,1029,168,-590,462,666,-126,980,330,232,1009,138,-618,453,626,-145,971,300,233.7,1007.34,133.8,-614.48,449.39,631.28,-143.23,965.68,302.11,233.423347006427,1007.2538044474,132.828172762014,-614.402479972628,449.290854912691,630.987070961086,-142.85185817301,965.618132494655,301.627718309405,233.837122801321,1007.38297583392,134.271367014714,614.518478159933,449.439194997499,631.425989328916,143.41732810229,965.710795217699,302.350971554583,64.7575757575758,87.4589898989898,127.636363636363,47.7672727272728,44.6645454545454,186.203636363637,54.2394949494949,60.0783838383839,147.129191919192,8.04720919061856,9.35195112791923,11.2976264602953,6.91138717822065,6.68315385536989,13.6456453260238,7.36474676750633,7.75102469602464,12.1296822678581,2.40206872736501,3.02891804146339,3.44836035782539,3.82977793223591,3.92480975985856,3.05755931673486,2.51163325702187,2.82778934570391,2.33440930836673,-0.198460779762621,-0.285965941036625,-0.136422360854944,0.619337573229961,-0.47030065814491,-0.101080278747282,0.0891859213869467,-0.546518247231442,0.0452814706519674,232,1009,138,-618,453,626,-145,971,300,233.777777777778,1007.54444444444,134,-614.7,449.6,631.444444444444,-143.333333333333,965.755555555556,302.066666666667,0.76420450650862,0.76420450650862,0.76420450650862,0.76420450650862,0.76420450650862,0.76420450650862,0.76420450650862,0.76420450650862,0.76420450650862,40,49,60,37,37,71,29,38,49,446.917620358095,423.881863955327,438.009079870297,589.217142857143,199.795714285714,481.954285714286,128.387550713541,189.39732146661,155.598658771257,466083.882857143,419283.141428571,447677.991428571,0,51.2912216538176,0,60.9361210510155,0,104.479798416099,0,38.1811372291625,0,34.4242266003452,0,156.240038956059,0,38.6720660886293,0,42.722393841262,0,107.734262131821,1
2491187,212,990,108,-627,435,606,-155,942,262,262,1029,158,-600,462,666,-126,980,330,232,1009,138,-618,444,626,-145,971,300,235.1,1005.35,135.3,-614.58,448.23,631,-143.23,966.4,300.79,234.738430521116,1005.2624046678,134.213206495883,-614.522679667467,448.14149873754,630.727423118544,-142.824960387342,966.334780828666,300.221426954447,235.281533487012,1005.39382830809,135.822678518722,614.608704787038,448.274190646751,631.137069106228,143.43127274064,966.432511870332,301.067284838456,86.2525252525252,89.0176767676769,143.141414141414,35.64,40.0172727272728,174.747474747475,58.279898989899,63.4747474747475,168.571616161616,9.28722376453401,9.43491795235533,11.9641721043043,5.96992462263972,6.32592070194314,13.2192085522347,7.63412725790571,7.96710408333841,12.983513244173,2.83518885079147,2.58871717909573,2.83271632538762,2.63486100676183,2.74662168079508,2.86093755220689,2.31819842776081,2.87031374276196,3.58019153734842,0.185134000514223,0.0919527654882952,-0.25043268839477,-0.178979881459199,-0.0685678333523744,0.316419574170051,0.0316095316347476,-0.348839403371317,-0.459093962088308,232,1009,138,-618,444,626,-145,971,300,234.888888888889,1005.22222222222,135.555555555556,-614.4,448.2,630.777777777778,-143.333333333333,966.555555555556,301.255555555556,0.76420450650862,0.76420450650862,0.76420450650862,0.76420450650862,0.76420450650862,0.76420450650862,0.76420450650862,0.76420450650862,0.76420450650862,50,39,50,27,27,60,29,38,68,446.319063780248,423.602368096654,438.134498566251,589.607142857143,199.135714285714,481.697142857143,143.535810608715,178.103436720367,170.458862089903,464837.978571429,418726.118571428,447945.36,0,61.4688465382248,0,79.330145025167,0,103.829408023034,0,29.3408899650764,0,32.1827790737982,0,151.035271285639,0,42.7826983849972,0,41.6908117814217,0,138.187162612583,1
2492750,212,980,99,-627,435,606,-165,942,252,262,1029,158,-600,462,656,-135,980,330,242,1000,138,-609,453,636,-145,971,300,237.9,1005.41,137.21,-612.42,449.13,632.7,-145,966.66,303.65,237.526198688059,1005.330040894,136.145131305941,-612.351633145987,449.027459430551,632.48379761166,-144.656858283381,966.605777734033,303.006004103591,238.085278839327,1005.45009324183,137.714087877748,612.454096239057,449.18095462742,632.807553684373,145.17231140958,966.687053808005,303.959980918541,89.0808080808081,81.4362626262626,139.985757575757,42.1854545454546,46.2354545454545,137.484848484849,50.5050505050505,52.8327272727273,190.25,9.43826298006196,9.024204265544,11.8315576986193,6.49503306731032,6.79966576718698,11.7253933189829,7.10669054518701,7.26861247231735,13.7931142241337,3.36131816592789,3.42529473872357,3.21336461526141,2.55063703678737,2.79041624265149,2.49300296744583,2.48,3.28105885806253,4.24026943153829,-0.116328638144172,0.341311772408941,-0.40714765029757,0.223256967525206,-0.380208841531098,-0.243443167519595,-0.169705627484771,-0.264067881103579,-0.680737467786786,242,1000,138,-618,453,626,-145,971,310,238,1005.28888888889,137.444444444444,-612.5,449.2,633,-144.888888888889,966.844444444444,304.211111111111,0.76420450650862,0.76420450650862,0.76420450650862,0.76420450650862,0.76420450650862,0.76420450650862,0.76420450650862,0.76420450650862,0.76420450650862,50,49,59,27,27,50,30,38,78,446.724073621508,423.663730018101,438.713702646478,591.651428571429,201.175714285714,482.275714285714,142.353357175627,137.732491730921,191.378775525348,465676.997142857,418846.692857143,449121.655714286,0,71.7480771267387,0,66.1862156319071,0,111.630540186646,0,34.3376026796508,0,35.7107554764841,0,126.183872407365,0,42.2419719893599,0,39.7318110057435,0,146.700492568149,1
2494312,212,980,108,-627,425,606,-165,942,271,272,1029,178,-600,462,666,-116,990,339,232,1009,138,-609,453,636,-145,961,300,235.8,1005.28,139.4,-612.33,449.66,634.2,-144.26,965.33,303.27,235.441028791135,1005.19976188758,138.391363098543,-612.259404621469,449.562436163588,633.878913455642,-143.723467160114,965.259024599181,302.573788488477,235.981355195702,1005.32010822424,139.908541554831,612.36525864879,449.70855006326,634.361411184508,144.519410461017,965.365448936308,303.614410066453,86.4242424242425,81.4561616161617,143.474747474747,43.6172727272727,44.1054545454546,206.828282828283,75.6690909090909,69.1324242424242,211.128383838384,9.29646397423464,9.02530673252503,11.978094484297,6.60433741773334,6.6411937590658,14.3815257475792,8.69879824510782,8.31459104480937,14.5302575282885,4.27162094200602,2.8794150168048,3.62748964063177,2.60846101739573,3.88633510728996,2.48653322653604,3.54642100200939,3.4719860716136,2.82940018792523,0.391378296516916,-0.0111588852989897,0.331211391965692,0.083224568873435,-0.277555049069515,0.276974705147532,0.385774849915704,-0.104206754358936,-0.124841963346315,232,1000,138,-609,453,636,-145,961,310,235.555555555556,1005.36666666667,139.222222222222,-612.3,449.7,633.888888888889,-144.566666666667,965.366666666667,303.377777777778,0.76420450650862,0.76420450650862,0.76420450650862,0.76420450650862,0.76420450650862,0.76420450650862,0.76420450650862,0.76420450650862,0.76420450650862,60,49,70,27,37,60,49,48,68,446.590244936645,424.158556237902,438.089580787793,591.634285714286,202.084285714286,481.86,153.398395237326,209.172011230689,211.447159627844,465398.622857143,419847.167142857,447856.294285714,0,75.2221985527908,0,60.9476747330631,0,110.927009152704,0,35.7314492923034,0,37.8040811270868,0,189.111121938122,0,67.5594757317711,0,51.3157988363399,0,177.729574837027,1
2495875,232,990,99,-636,425,595,-223,923,262,262,1029,168,-600,472,666,-135,1000,368,242,1004.5,133,-618,453,636,-174,952,330,242.5,1006.5,131.82,-616.74,450.02,631.19,-176.77,952.34,324.97,242.197203859421,1006.4254141305,130.302873465936,-616.64022716976,449.856874858697,630.96243693377,-173.161203482689,952.061696707062,322.755452755286,242.65407476488,1006.53748067322,132.554667967597,616.789931824442,450.100855364662,631.303801667628,178.537755110789,952.479900050389,326.044092110254,75.5050505050505,76.2121212121212,196.189494949495,62.2145454545455,73.5147474747474,145.125151515152,634.441515151516,269.176161616162,706.312222222223,8.68936421753919,8.72995539576928,14.0067660417919,7.8876197584915,8.57407414679552,12.0467900917693,25.1881225015188,16.4065889695623,26.5765351809114,2.69747541973803,2.78961749713778,2.77889385326863,2.49905764041794,3.38964295412207,3.16881933216352,1.60902398713035,2.81148157785399,2.19849566464576,0.553557637219859,0.597827055140374,-0.0847369039786997,-0.0936725518226221,-0.41016425276916,0.055331956929513,0.0205237903867123,0.346533940426265,-0.250214211266139,242,1000,138,-618,453,636,-203,961,300,242,1006.27777777778,131.777777777778,-616.8,450.3,631,-176.855555555556,951.877777777778,325.666666666667,0.76420450650862,0.76420450650862,0.76420450650862,0.76420450650862,0.76420450650862,0.76420450650862,0.76420450650862,0.76420450650862,0.76420450650862,30,39,69,36,47,71,88,77,106,447.338830027701,424.586731545114,438.158104978976,591.78,199.058571428571,471.66,201.564638225549,164.447265982331,1305.54723069229,466958.331428571,420670.752857142,448027.902857143,0,56.3985996846028,0,56.005035809871,0,161.732348508299,0,42.259681451427,0,52.0785724884683,0,101.557868037301,0,450.088180012359,0,174.437211171137,0,531.950341877921,1
2497437,232,980,99,-636,444,575,-223,914,310,282,1029,148,-609,481,646,-184,961,378,252,1000,118,-618,462,616,-203,942,349,251.8,1002.8,121.12,-621.51,458.22,618.3,-205.55,938.43,350.9,251.5006653424,1002.70484115553,120.291511634347,-621.445188414353,458.086636826165,617.967868089261,-205.280787568919,938.355366814751,350.364523625048,251.950788845759,1002.84764545767,121.534110438181,621.54244424657,458.287486191801,618.463499327163,205.681914615748,938.467255688764,351.167851603759,76.7272727272727,96.5252525252527,101.500606060606,40.7372727272727,62.4763636363636,204.252525252525,54.7954545454546,70.6314141414141,189.949494949495,8.75941052396066,9.82472658781163,10.0747509180429,6.38257571261577,7.9041991141648,14.291694275086,7.4023951897649,8.40424976672006,13.782216619597,3.63024606781486,2.69158892587257,2.53251491437795,2.81312772935343,4.13896533982958,3.61270895382541,2.98171122828175,3.20808838517735,2.99414842191877,0.310535945011955,0.161049974463993,0.140876069977139,-0.137017125819956,0.75106839893217,-0.614381621323882,0.484358496427343,-0.161466201685004,0.100690467175853,252,1000,118,-618,453,616,-203,942,349,251.666666666667,1002.72222222222,121,-621.4,457.844444444444,618.833333333333,-205.888888888889,938.533333333333,350.888888888889,0.76420450650862,0.76420450650862,0.76420450650862,0.76420450650862,0.76420450650862,0.76420450650862,0.76420450650862,0.76420450650862,0.76420450650862,50,49,49,27,37,71,39,47,68,446.182266551325,423.992218041501,438.371859559222,589.594285714286,195.004285714286,464.477142857143,116.331423033665,206.842427087153,190.45819153603,464551.345714286,419502.655714286,448433.442857143,0,58.0385181007636,0,69.9480075831755,0,78.1358097083919,0,38.94959230588,0,60.094617851932,0,176.842833007038,0,38.8356104488233,0,42.5789975188652,0,150.553933728507,1
2499000,-717,-421,-148,-936,-74,222,-271,780,-87,656,4686,980,-54,1500,737,184,1276,436,262,1000,118,-609,462,606,-169.5,952,334.5,266.28,1011.56,122.73,-540.4,565.74,542.5,-86.66,987.7,243.03,229.951910706173,1012.98538801903,122.761316884836,-468.522896228971,559.191466107432,502.205126921295,-1766.36590300742,980.429912952305,188.289499808636,296.815666702416,1093.89728951122,183.781854381764,556.928110261998,604.667230797238,556.132106607773,181.088762765667,991.604719633786,291.1,17368.1834343434,175108.733737374,18902.1384848485,18319.9595959596,46020.9216161616,15127.9494949495,25538.5701010101,7806.69696969697,25934.9788888889,131.788404020777,418.459954759561,137.485048222883,135.351245269335,214.524874119906,122.995729580134,159.807916265153,88.3555146535686,161.043406847002,33.2989954269681,62.1820281224415,31.1358209564306,4.18144122860324,5.46649129694758,3.26234326464978,1.58645173098928,3.74134990043197,1.6936681854824,-3.78995962458093,6.49482987346467,4.76727747313499,0.754017240026638,0.952124252099234,-1.08034241650869,0.544197999525964,1.00853027703629,-0.638112450594509,252,1000,118,-618,462,626,-213,942,349,270.988888888889,984.777777777778,110.066666666667,-546.144444444444,558.577777777778,550.644444444444,-91.2111111111111,981.922222222222,249.433333333333,0.728544874833431,0.728544874833431,0.728544874833431,0.728544874833431,0.728544874833431,0.728544874833431,0.728544874833431,0.728544874833431,0.728544874833431,1373,5107,1128,882,1574,515,455,496,523,461.775183953824,422.970816471027,448.192859911171,600.244285714286,243.36,490.315714285714,178489.300403612,62806.5876799126,50896.6691680766,565065.681428571,422174.7,471776.687142857,1.89671305498599,13921.0619216743,2.63330415690563,122688.261744444,2.46751529089112,20908.5821827556,0.254725486903671,15335.4148941307,0.218761793005872,31627.2861185201,0.048023773964461,13258.8027875143,0.0336212908475011,18164.6161462373,0.20234762380173,6565.40605350168,0.0385944151929803,19171.775429197,1
2500562,-2959,-3088,-1851,-3454,500,-424,-126,685,-174,5111,4794,851,1100,1490,777,291,1523,640,186,1039,183,-263,907,222,106,961,130.5,223.02,1072.21,146.23,-227.83,935.04,228.57,100.91,982.56,125.73,556.73258846605,933.364418162994,307.611388272566,0,912.87118475285,0,0,967.223961253487,0,809.475855106253,1257.06705071766,399.958810379269,511.364537292136,946.674569215842,323.42125780474,135.9384051694,991.012714348307,167.702027417679,611629.534949495,434932.612020202,139983.673838384,211704.223333333,22114.0791919192,52885.9243434343,8380.22414141414,16850.5519191919,12440.3405050505,782.067474678173,659.494209239325,374.143921290169,460.113272285568,148.708033380578,229.96939871086,91.543564172552,129.809675753358,111.536274391117,19.3324811758339,26.7557868194437,13.3164951853972,25.9520153020685,5.70524278050627,3.37537864091746,2.93113436805373,6.09472670822661,7.2826371187678,1.93096642444181,-0.728572847246512,-2.64526141185672,-3.1514046040568,0.977485295370499,-0.0602872398916531,-0.420811466096067,1.24074575115705,0.876029215271414,181,1009,178,-290,907,212,126,923,165,198.544444444444,1077.77777777778,186.9,-209.022222222222,929.011111111111,228.277777777778,103.7,974.433333333333,122.988888888889,0.667771492132412,0.667771492132412,0.667771492132412,0.667771492132412,0.667771492132412,0.667771492132412,0.667771492132412,0.667771492132412,0.667771492132412,8070,7882,2702,4554,990,1201,417,838,814,572.954773289902,460.445801183098,430.9891856538,617.768571428571,401.048571428571,518.228571428571,1010407.88952912,227748.19424344,17251.3107052838,1026615.33428571,540980.46,440875.465714286,1.25266661890039,463541.757008114,1.01779081058622,249879.682299192,0.386460881522233,131633.620854226,1.00714073146889,167163.692277564,0.797628113749344,24070.3423736221,0.384580772715467,60906.1927168921,0.256478343697637,9336.3514727216,0.334089819118956,18996.6096172056,0.365981186294805,10108.7260424476,1
2502125,-1202,29,-1811,-1109,611,-404,-106,761,-97,2010,1950,871,809,1481,808,388,1504,524,161,1058,198,-218,939.5,196.5,106,970.5,155,207.27,1132.05,170.84,-179.66,972.45,192.76,113.23,994.95,156.14,247.643175585932,725.715048299098,212.754833022736,0,954.011964398436,0,0,974.822194097639,0,526.119482627283,1190.68814976886,338.191099823754,387.367370850979,982.404270145443,297.700789384241,146.629771874609,1006.09100483008,177.821820933203,236202.885959596,137576.835858586,86047.3882828283,118965.418585859,19655.7045454545,51989.2347474748,8766.92636363636,22518.7954545455,7314.04080808081,486.007084268939,370.913515335564,293.338351196751,344.913639315494,140.198803652009,228.01147942039,93.6318661761922,150.062638436572,85.5221655951298,7.35821038980457,3.95071085161072,24.6933109557842,3.88307782413533,4.87023379471819,4.35913341600637,3.64650815473697,3.67020124458115,6.11170062117104,1.30049643046615,-0.121283654159938,-3.80041581259113,-0.129974941110133,1.00449388308672,-0.29285679673137,0.539763228387619,0.982967574897809,0.366364209353479,131,1009,198,-272,925,181,106,914,155,179.233333333333,1142.2,201.911111111111,-174.677777777778,964.488888888889,196,109.288888888889,986.088888888889,155.711111111111,0.618119489100038,0.618119489100038,0.618119489100038,0.618119489100038,0.618119489100038,0.618119489100038,0.618119489100038,0.618119489100038,0.618119489100038,3212,1921,2682,1918,870,1212,494,743,621,546.364872081823,463.051115661982,437.384485277646,647.211428571429,422.378571428571,541.851428571429,331247.208738899,138579.074635778,25538.193038355,775248.514285714,515913.167142857,456574.285714286,0.277439354826481,270080.416393248,0.0932057181311883,160932.768810849,0.252127908382622,85012.2827156934,0.0748052089596187,136986.589979364,0.561363997574001,22541.1129449916,0.216122562924053,58394.3868950885,0.184391382390341,10139.6766766396,0.275189631792858,26684.3558993348,0.582757998083441,8062.70167886154,1
2503687,-1070,-117,-2455,-1118,611,-323,-203,800,-126,1787,2186,762,836,1435,1090,388,1476,310,166,1063,217,-36,953,151,121,975.5,145,210.61,1148.46,109.99,-110.98,970.63,169.44,104.04,997.66,141.67,0,845.418617055337,369.314638957406,-1891.67276639007,945.125741268932,0,0,983.619381546997,105.81136555209,569.184495572393,1246.05409192378,524.066551117318,434.092087004589,983.614665405107,313.91419209714,141.668909786163,1005.31668642274,159.113575787863,282438.805959596,236050.937777778,265199.949393939,177898.363232323,25631.5283838384,70537.5822222222,9339.1498989899,15491.0751515152,5299.73848484848,531.449721008108,485.850736109124,514.975678448934,421.779993873967,160.098495882498,265.589122936581,96.6392772064749,124.463147764771,72.799302777214,4.15725074742576,2.62033129006604,11.9973057419677,2.58271434792996,3.1375311062346,4.0377198139931,4.17968392322646,4.24862310877209,3.99144968624834,0.584243471652497,-0.330696872001187,-2.88427350639635,-0.363552159465379,0.462004958904698,0.822486870276756,-0.267268682074022,1.00233557405136,-0.639948007154494,151,990,217,-218,814,-90,29,1038,155,195.966666666667,1161.38888888889,180.633333333333,-103.122222222222,965.988888888889,156.277777777778,105.344444444444,990.122222222222,144.833333333333,0.644836841689628,0.644836841689628,0.644836841689628,0.644836841689628,0.644836841689628,0.644836841689628,0.644836841689628,0.644836841689628,0.644836841689628,2857,2303,3217,1954,824,1413,591,676,436,583.161448425112,470.110383198418,437.079175678861,629.597142857143,441.038571428571,532.872857142857,549224.834274391,207850.780038996,19323.5972925132,921971.802857142,537632.515714286,452592.364285715,0.175509300139651,322910.750565706,0.0781808492260838,279402.78167134,0.271128438596431,278086.466630788,0.130271465236333,209364.219536405,0.264684897199783,29588.9044718034,0.299949047493589,83002.6321611707,0.427815740057555,10850.3800897715,0.27363561301634,18473.1586690477,0.721066767875592,5807.76766373844,1
2505250,-1444,666,-2118,-1654,703,-181,-126,800,-135,1848,2009,792,1054,1583,464,466,1504,320,202,1000,257,-149.5,944,232,126,980,126,170.28,1025.34,193.65,-140.33,964.23,204.76,128.45,1006.25,122.22,239.824524721548,999.557276935268,284.670216703588,-202.250497095251,952.581003661384,0,0,994.462522666126,0,388.143504389807,1041.26415476573,457.102559607797,318.646277241709,971.098115537251,245.459406012481,168.983934147599,1013.16130502502,144.557531799626,122888.991515152,33241.3377777778,173174.169191919,82669.6374747475,13426.3203030303,18508.7498989899,12177.946969697,14097.7449494949,6019.34505050505,350.555261713687,182.322071559583,416.14200604111,287.523281622111,115.871999650607,136.046866553368,110.353735639973,118.733925015115,77.5844381980372,12.9435867913292,12.378770435103,20.0131381788992,12.55182935721,11.2672308911486,3.61676475984984,2.9368096233207,7.79710799408219,4.41735516088829,-0.57235173184717,2.29532121775989,-3.87076592805907,-0.645508176532003,2.11932523889092,-0.957400207630904,0.161160486547636,1.84969502760265,-0.831596986950599,202,1000,247,-309,916,282,77,952,155,183.233333333333,1007.41111111111,251.577777777778,-135.633333333333,954.344444444444,212.133333333333,127.077777777778,994.933333333333,126.388888888889,0.60425113944325,0.60425113944325,0.60425113944325,0.60425113944325,0.60425113944325,0.60425113944325,0.60425113944325,0.60425113944325,0.60425113944325,3292,1343,2910,2708,880,645,592,704,455,493.627668695982,444.347494136274,441.682516125591,595.401428571429,440.854285714286,538.68,203555.454537893,83442.9208384755,14332.6610599925,618783.93,473493.137142856,461120.691428571,1.40454754154431,142534.680363429,0.662059346559758,34130.8452801274,0.715671959792076,170550.781160885,1.77550646776084,93935.2270635875,1.52628144694274,14402.6465213579,0.587961460022999,20592.7837426293,0.223239654151543,14210.3692659155,0.514069397095925,16604.358557469,0.730007059079787,6548.99915600487,1
2506812,-3373,-68,-1386,-1609,546,-292,-116,819,-87,4737,2441,1188,1100,1444,747,388,1409,533,146,1088,217,-136,957.5,181,116,980,165,217.97,1100.01,172.71,-113.6,976.93,171.47,110.75,999.41,165.28,529.087001436909,1163.56640185837,0,-833.212539561856,950.787215794795,0,0,987.691530981089,0,893.699496475185,1181.49297501085,334.960131956028,413.545547672805,989.62677308165,249.415777367832,144.602316717264,1005.88903463553,183.810826666984,758775.625353535,187781.464545455,83201.5615151515,159712.080808081,25221.1364646465,33137.6455555556,8731.58333333333,13123.6382828283,6534.28444444444,871.077278634643,433.337587275157,288.446808814297,399.639938955156,158.811638316109,182.037483929974,93.4429415918256,114.558449198775,80.8349209466085,13.790823946873,3.7289723729309,12.451268687329,4.81049916881711,3.40369038150058,4.02242121143723,3.56965211158851,4.18758784008959,7.39041493736741,1.54167793466009,-0.379437537545063,-1.72617549875684,-0.341295252211172,0.274716372961773,0.556256817523504,0.116268042699276,1.15292694977998,0.287179620401626,131,1009,198,-290,879,181,165,990,155,158,1112.34444444444,190.588888888889,-108.033333333333,974.011111111111,165.922222222222,109.666666666667,992.088888888889,166.188888888889,0.636961071347527,0.636961071347527,0.636961071347527,0.636961071347527,0.636961071347527,0.636961071347527,0.636961071347527,0.636961071347527,0.636961071347527,8110,2509,2574,2709,898,1039,504,590,620,583.36066171177,461.70638593928,439.825890018335,638.867142857143,443.485714285714,546.617142857143,856506.499822089,173115.852495885,15790.2874079376,988638.312857142,519681.128571428,457075.285714286,1.08552417085744,799546.808919186,0.176840315637318,216884.615132025,1.00650777615313,69182.4646902462,0.465565869467009,179920.048797487,0.304467542130256,27136.264247612,0.539375121351106,33921.3662352474,0.206128685264446,10138.1610186395,0.294082021506414,14977.4938752055,1.46518420291708,5762.19326937804,1
2508375,-1626,-117,-2386,-1736,703,-373,-155,828,-87,1949,2078,772,881,1500,1101,427,1704,417,151,1049,217,-240.5,930,207,106,971,155,215.98,1118.81,125.21,-182.88,967,196.47,113.64,1007.86,156.36,0,1018.05979498809,0,0,946.293421040037,430.991743439012,0,990.179478400028,0,581.155865495652,1183.00752744858,438.756572600343,436.483951595016,978.398865494027,307.188557729613,159.052192691582,1018.70547264653,180.264860691151,294035.130909091,149263.63020202,178615.945353535,158659.743030303,22399.3333333333,56327.6253535354,12508.6367676768,22201.0711111111,8128.25292929293,542.250063078918,386.346515710987,422.62979704883,398.321155639897,149.66406827737,237.334416706754,111.842017004687,149.000238627699,90.1568240861053,5.80221605758743,4.31227932100896,19.5548199157659,4.8006090200675,4.38404188892152,5.71462090668847,3.70158030772156,7.32894206773114,3.8038923399991,0.498517494123636,-0.0367554283260738,-3.71290638336421,-0.168286646724782,1.01266170868528,0.571155316825371,0.652338194448979,1.89649128034894,0.0969713655003597,141,1019,217,-272,916,191,116,971,145,202.722222222222,1124.86666666667,182.922222222222,-181.088888888889,958.344444444444,190.466666666667,108.888888888889,993.555555555556,156.155555555556,0.65770477874422,0.65770477874422,0.65770477874422,0.65770477874422,0.65770477874422,0.65770477874422,0.65770477874422,0.65770477874422,0.65770477874422,3575,2195,3158,2617,797,1474,582,876,504,557.449951327954,467.894941563056,443.658293390014,625.714285714286,420.252857142857,547.654285714286,365970.459037435,167219.462725489,26677.9587669549,827038.405714286,532348.881428571,469523.082857143,0.398452545876615,330501.091929819,0.166214631505017,176235.613888429,0.36940113331713,174117.74186315,0.385539856121734,183604.964724806,0.772904572211283,25036.3488846035,0.376873796341887,63585.7049607494,0.525766443066746,14559.5950931169,0.798327914569014,25972.4554465922,0.584400868906617,9310.18849120504,1
2509937,-1979,49,-2544,-1427,666,-272,-174,790,-87,1545,2156,1663,827,1361,858,553,1419,310,202,1029,227,-158.5,935,227,145,961,160,168.31,1074.61,211.78,-127.35,961.05,211.2,146.78,987.63,158.09,1476.00173716316,773.2404930738,377.971196281474,0,943.666747681002,0,128.191897350361,973.952048238198,187.94916825466,510.27542562816,1134.2722468614,543.722760237237,405.184266723179,970.445933578991,292.443088480477,190.240164003293,995.2666828544,176.647473800222,234396.721111111,133118.058484849,253316.84,149450.775252525,18331.5227272727,41330.8282828283,14794.9006060606,15295.7102020202,6274.62818181818,484.145351223278,364.853475363533,503.305910952772,386.588638286907,135.39395380619,203.299848211523,121.634290420344,123.675827072311,79.2125506584542,7.54934727099026,4.24091112244134,14.0010869717811,3.94756221824827,3.82731343090181,3.55769943212138,3.97118188660598,5.08195772219603,2.98654564259566,-0.823597914238617,0.14540579358372,-1.88512510769982,-0.241334970622521,0.892542229994503,0.0336387688748052,0.223635392605984,1.24897238507054,-0.406182908145726,181,1009,207,-354,925,292,77,961,155,180.5,1076.52222222222,239.277777777778,-125.444444444444,954.088888888889,209.311111111111,145.711111111111,977.3,160.255555555556,0.598605402168092,0.598605402168092,0.598605402168092,0.598605402168092,0.598605402168092,0.598605402168092,0.598605402168092,0.598605402168092,0.598605402168092,3524,2107,4207,2254,695,1130,727,629,397,546.099665144424,459.796269084286,437.393411437187,623.442857142857,447.814285714286,553.928571428571,311833.33111042,164653.063710236,19932.0078910023,789680.991428571,510626.811428571,453407.751428571,0.751254523013968,254702.837173673,0.109519930289772,152968.683999043,0.390358473534322,255267.129281116,0.295902918432484,178091.353416445,0.605687801915038,21311.340097246,0.196700236010012,45814.3009344124,0.494620601994445,15872.1742359338,0.493369057094513,17699.6832447389,0.474497626143538,7233.20991100318,1
2511500,-3545,382,-1534,-2009,453,-282,-252,666,-398,1676,2372,613,1036,1685,1252,563,1780,436,282,1009,69,-485.5,694,444,130.5,985,0,248.7,1029.79,64.9,-420.55,767.11,381.43,158.12,1003.69,36.56,287.756272130258,986.273525619479,0,-809.401509799316,704.863984428356,0,123.956463338451,977.681842717402,0,670.035581144763,1059.42632117576,225.156745401953,558.35672289317,803.817970687394,454.128649173337,223.194668395103,1019.1783700609,160.3350866155,391006.050505051,62542.106969697,46953.0808080807,136262.553030303,58248.0584848485,61357.5607070707,25064.5713131313,31647.407979798,24616.8751515151,625.304766098141,250.084199760195,216.686595820048,369.137580084043,241.346345497189,247.704583540698,158.317943749694,177.897183732059,156.89765820915,16.9025217538565,19.2665269510071,31.7579138454236,7.72324341357464,4.11645541121845,4.33433700985548,3.27225354959164,7.87673905533453,3.50627105678727,-2.65145066137216,3.41310908120022,-3.58031338329125,-0.102842378574191,1.08943713607251,-0.340451461703295,0.273311314376058,1.71064278172937,0.222508033774238,272,1000,79,-609,527,545,194,923,-106,297.655555555556,1002.42222222222,68.8111111111111,-416.988888888889,749.733333333333,387.888888888889,155.611111111111,989.144444444444,34.0555555555556,0.751968636868419,0.751968636868419,0.751968636868419,0.751968636868419,0.751968636868419,0.751968636868419,0.751968636868419,0.751968636868419,0.751968636868419,5221,1990,2147,3045,1232,1534,815,1114,834,511.910940714488,447.538222069505,445.787078664981,575.738571428571,311.995714285714,513.587142857143,435032.546357841,162340.970583491,36202.2988192302,695154.587142857,498907.881428572,477534.75,1.4884229945009,424884.818515244,2.14228820698645,65921.8426474638,1.96361158671131,44528.4545648933,1.24799395050837,140900.815134136,0.409243509078382,54025.2134956591,0.519619903612771,60851.2213418283,0.23475977088871,27414.7926071603,0.269340877373048,30574.618451553,0.727266621786845,24011.2947781078,1
2513062,242,980,19,-636,509,505,58,961,38,303,1029,99,-590,564,626,116,1066,223,282,1000,59,-618,537,555,97,1000,155,281.24,999.19,57.9,-617.07,538.94,555.54,96.56,1006.23,149.75,280.880217067734,999.071297376462,52.306287987042,-616.896667169107,538.555637919112,554.394581105323,95.2463089120731,1006.03225153096,141.326395175546,281.416062086015,999.249373279764,60.0516444404314,617.155952738042,539.131894808682,556.113333772892,97.1401050030316,1006.33001048364,152.003651271935,100.06303030303,119.852424242424,256.353535353535,107.156666666667,208.96606060606,643.786262626262,113.501414141414,203.310202020202,686.916666666667,10.0031510187056,10.9477131969386,16.0110441681214,10.3516504320165,14.455658428659,25.3729435152144,10.6537042450696,14.2586886500899,26.2090951134652,4.506845076814,2.65402647903229,2.96427251484076,3.0740023869838,2.37436194418812,2.93627643482663,3.95104273982223,6.61841048031729,8.44750264230294,-0.469851226232861,0.0545854085275075,-0.1758963323629,0.457866307292271,-0.0122068529111754,0.121145827268964,-0.716244183079035,0.886416366374985,-1.47186469044668,282,1000,59,-618,537,555,97,1000,145,281.444444444444,999.044444444444,57.8888888888889,-617.3,539.111111111111,555.222222222222,96.8888888888889,1005.48888888889,151.655555555556,0.503258334775646,0.503258334775646,0.503258334775646,0.503258334775646,0.503258334775646,0.503258334775646,0.503258334775646,0.503258334775646,0.503258334775646,61,49,80,46,55,121,58,105,185,445.630058876365,424.418785868182,438.115722157763,573.57,204.604285714286,536.802857142857,258.16137157724,800.332091536769,692.103388260986,463414.504285715,420345.732857144,447960.6,0,69.1934417351483,0,80.9046119205693,0,200.30282320601,0,91.0436832703088,0,215.534294619432,0,633.397255771886,0,97.255850959285,0,197.500554607893,0,735.612349559315,1
2514625,262,980,39,-627,509,545,87,980,126,313,1019,99,-590,546,606,126,1028,184,282,1000,69,-609,527,575,106,1000,145,286.92,996.9,71.9,-610.15,527.17,576.75,105.52,1001.36,150.06,286.576537037292,996.809420411989,69.8540533581838,-610.077588899926,527.047638154757,576.384315839182,104.807127651535,1001.27610247689,149.085462418939,287.093016285663,996.945434815768,72.8436682217473,610.186029010826,527.231419776933,576.932881711556,105.873320529773,1001.40200718792,150.557962260387,100.316767676768,91.5050505050506,137.969696969697,44.4116161616161,65.4152525252525,213.118686868687,75.4440404040405,84.9802020202021,151.208484848485,10.0158258609447,9.56582722533972,11.7460502710357,6.66420409063349,8.08796961698376,14.598585098176,8.68585288869438,9.21847069855961,12.2966859294887,3.15792604111053,2.74916998293106,2.71688817779267,3.46135379496314,2.66381895215829,2.4304721904785,2.7528641200994,3.78063712123287,3.04058557134158,0.295290867608876,0.353246722518741,-0.126990877644632,0.420933281054299,0.283707193433917,0.0510677350234655,0.05868961025222,0.179446147942026,0.435760769993759,292,990,79,-609,527,575,106,1000,145,286.633333333333,996.611111111111,72.1111111111111,-610.4,526.933333333333,576.666666666667,105.633333333333,1001.25555555556,149.644444444444,0.503258334775646,0.503258334775646,0.503258334775646,0.503258334775646,0.503258334775646,0.503258334775646,0.503258334775646,0.503258334775646,0.503258334775646,51,39,60,37,37,61,39,48,58,445.705574695891,424.928407635777,436.344034963058,581.022857142857,211.615714285714,538.688571428571,157.293711374544,224.73827527646,156.876032062016,463555.2,421350.647142857,444292.645714286,0,75.067596334197,0,64.152113060743,0,100.955010701788,0,44.7685995611779,0,65.2442954708843,0,198.372706308342,0,60.708384078977,0,68.6897055457691,0,127.778043166377,1
2516187,10,147,-69,-618,500,555,-48,961,38,494,3950,1168,-590,546,616,184,1247,252,282,1000,69,-604.5,518,585,106,1000,155,287.91,1002.59,78.8,-603.37,522.39,586.72,99.69,1018.66,162.8,184.637731738969,925.503562305412,0,-603.28592823986,522.28834246914,586.449585354889,92.0055882207018,1016.59515593559,154.229130585939,294.12594241243,1052.51314006049,142.132684488825,603.411791399538,522.440877037775,586.855280286375,103.953499219603,1019.83881079316,165.949871949333,3654.44636363636,103633.537272727,14133.595959596,50.9425252525253,53.6948484848485,160.365252525253,877.003939393939,2427.27717171717,1045.9797979798,60.4520170353013,321.921632191326,118.884801213595,7.13740325696435,7.32767688185338,12.6635402840301,29.6142523017877,49.2674047593048,32.3416109366834,13.1156891762057,72.2837612738593,72.0637795260919,2.50307153198018,3.87638732993794,3.04114158646477,9.39059982480645,12.6961546083993,5.25105773219543,-1.05220834430951,7.53709410794063,7.80724603641759,0.476219572523048,0.111452851783819,0.0740957976587504,-1.56784140833589,3.06414613948415,0.262269540852953,282,990,69,-609,518,585,106,1000,165,288.744444444444,988.988888888889,67.1888888888889,-603.5,522.322222222222,586.522222222222,101.2,1010.83333333333,162.377777777778,0.538867128122059,0.538867128122059,0.538867128122059,0.538867128122059,0.538867128122059,0.538867128122059,0.538867128122059,0.538867128122059,0.538867128122059,484,3803,1237,28,46,61,232,286,214,450.382359327139,424.561867064105,444.573661893738,586.842857142857,216.745714285714,549.064285714286,116223.53613207,168.940665202545,2473.04055403447,520498.148571429,420621.162857142,462178.667142857,0.461064244663144,4227.91239542385,5.23410776183349,60778.3577732515,1.51564408418255,9972.97505116085,0,47.3827631175521,0,48.1722839425633,0,165.191867647585,0,841.371380100174,0,2500.78924672052,0,1041.8355299663,1
2517750,-1050,500,-1000,-1981,388,-121,-155,771,-203,1888,1745,643,736,2203,1393,398,1342,300,217,1029,153,-309,893,252,160,933,48,264.96,1072.2,93.4,-332.47,915.73,304.64,134.68,965.4,56.39,-20225.5297394822,1025.42127578199,0,-469.882593520811,867.870618671929,182.542216810083,1247.54075997088,952.630363666143,0,574.573441780944,1093.46390886942,284.944064686387,480.74035611752,942.231707171861,368.251028511802,184.041082370214,972.718510155944,115.806087922872,262556.402424242,46515.6363636364,73201.5757575758,121792.918282828,49736.5223232323,43235.6468686869,15891.3309090909,14327.4141414141,10334.5635353535,512.402578471501,215.674839431113,270.557897237497,348.988421416568,223.016865557814,207.931832264054,126.060822260887,119.697176831428,101.659055353439,5.92861033880239,4.80792937438415,9.01955119796386,8.98223256062166,13.6636741032013,9.32193504738452,2.72163411973165,4.83135713027975,2.66521101461576,0.773172815891792,0.402149936111853,-2.07337833242297,-0.763849731807441,2.06702980656749,1.60108180610742,-0.341791809558126,1.42872565782879,0.203973133217821,212,1029,178,-309,851,252,174,904,-19,245.255555555556,1069.14444444444,118.966666666667,-329.111111111111,903.033333333333,294.855555555556,136.466666666667,955.588888888889,55.5222222222222,0.721928094887362,0.721928094887362,0.721928094887362,0.721928094887362,0.721928094887362,0.721928094887362,0.721928094887362,0.721928094887362,0.721928094887362,2938,1245,1643,2717,1815,1514,553,571,503,524.455807992107,462.022698882793,423.960950715015,613.097142857143,380.528571428571,495.63,305216.962882567,140341.851065421,24562.0592356973,688710.462857142,537651.728571428,425770.058571429,0.275556358412575,292317.028410185,0.280600180711388,53572.0465458042,0.0805760962008972,78439.5199130967,0.510371917249243,131003.405832519,1.23023082843613,42725.8188157447,0.523347424789801,39840.4935256418,0.0971750233780394,18393.0872758981,0.169831897782385,16236.4414126541,0.198187446214955,11563.4260763236,1
2519312,-2232,39,-1940,-1427,509,-292,-203,828,-184,2272,2421,742,845,1490,929,446,1466,446,126,1049,217,-145,930,186,126,961,135,141.19,1139.36,202.49,-98.51,958.26,151.04,126.29,1003.91,134.54,0,674.909083416926,275.279342213975,0,929.205664592233,0,0,987.380009333802,0,618.496960380566,1243.11902889466,386.826666609219,442.308207023112,972.795990945686,299.623530451131,159.585995626183,1013.264185689,158.218582979371,366266.539292929,249700.717575758,109729.96959596,187810.434242424,28353.3458585859,67637.5539393939,9614.67262626262,19059.6180808081,7002.12969696969,605.199586329113,499.700627952135,331.255142746433,433.371012231349,168.384517870812,260.072209087003,98.0544370554572,138.056575652187,83.67872905924,8.53426842791181,2.76255984370877,23.3594816268468,3.33016107826168,4.76101127954169,3.4514880904963,5.53660394477404,4.2113185992285,5.8935951619794,0.856626452334108,0.0123331404658372,-3.76146381843817,-0.378007532824272,0.658182089127738,0.487915928578277,-0.270712599828125,1.20597088852927,-0.308866132436517,151,1009,198,-254,907,191,165,933,116,108.066666666667,1139.85555555556,237.2,-88.5444444444445,951.955555555556,139.522222222222,128.333333333333,993.088888888889,136.655555555556,0.647436078125837,0.647436078125837,0.647436078125837,0.647436078125837,0.647436078125837,0.647436078125837,0.647436078125837,0.647436078125837,0.647436078125837,4504,2382,2682,2272,981,1221,649,638,630,571.502034819098,464.077295962876,440.574217404583,635.588571428571,433.195714285714,542.031428571429,491688.295010256,213007.96814833,21170.9490312715,890364.977142857,527889.792857143,461659.337142857,0.355414953902272,387872.005452611,0.11403064396109,297170.846158572,0.377110246374232,95421.2938674825,0.166425245521362,200462.275979364,0.515104848585429,29022.6301410988,0.0818070914728466,71771.2364733323,0.440650297056448,11351.9208179835,0.464195907540779,22411.3398640989,0.575544208893775,7707.48920780591,1
2520875,-1333,29,-1960,-1518,509,-333,-262,780,-106,1777,2294,693,663,1407,1090,427,1504,349,161,1058,188,-163,972,181,135,980.5,135,279.25,1184.75,77.22,-167.31,973.32,193.81,122.78,1012.19,119.2,553.985721675086,763.911511361516,191.748325580529,0,945.105241249846,0,0,992.117531368523,0,624.962582879967,1260.39384717635,446.544846571988,433.97961933713,986.685096674719,327.295111481977,175.589122669942,1023.43415518537,153.621482872676,315755.21969697,186828.371212121,195393.304646465,161965.327171717,26460.2602020202,70262.3978787879,15915.7692929293,23120.0746464646,9485.77777777777,561.921008413967,432.23647603149,442.033148809526,402.449160977778,162.666100346754,265.070552643608,126.157715946863,152.052867932389,97.3949576609476,4.37879074213854,3.05125039509409,9.32367984068623,3.77231607081601,3.76658510830581,3.44554587671116,3.46318783410584,3.53754410859224,2.93134717867096,0.543572925295085,0.224143610470743,-2.31448747852934,-0.638618487559218,0.211429508924688,0.447525905357302,-0.248528500594715,1.0416427969366,-0.246909921721688,181,1019,188,-263,888,151,126,876,77,272.911111111111,1182.87777777778,122.866666666667,-151.444444444444,970.088888888889,185.044444444444,123.055555555556,1002.06666666667,120.355555555556,0.687315092830927,0.687315092830927,0.687315092830927,0.687315092830927,0.687315092830927,0.687315092830927,0.687315092830927,0.687315092830927,0.687315092830927,3110,2265,2653,2181,898,1423,689,724,455,586.953498088413,473.911601722895,444.668425023875,660.522857142857,428.494285714286,537.501428571429,515434.932678253,174963.225565302,30496.226618747,933674.22,543860.52,472220.815714285,0.350119233275763,337099.996721141,0.259838493008097,215177.063735181,0.264254866970234,211458.535114395,0.250643378295349,188151.51305362,0.697559836763286,30108.7503639055,0.411115374761447,81487.3325836601,0.601476535896602,18363.4753472953,0.654648038434622,27028.0644085686,0.766243014448611,10580.1169385127,1
2522437,-1020,225,-2603,-1445,666,-262,-97,723,-126,1202,1892,1287,645,1500,656,427,1676,252,202,1019,207,-190,944,207,135,971,101.5,159.02,1052.09,118.1,-160.18,957.69,173.31,124.88,995.7,99.73,302.835113979845,949.849842449485,0,-244.009003511092,943.494998873596,182.873527189554,0,985.11850498058,0,415.220977312081,1086.09829665643,525.020818634842,314.534195279305,965.334827922416,235.582363516457,164.61567361585,1002.26955456105,118.584273830892,148607.171313131,73450.6483838384,264342.676767677,74014.2703030303,14849.6908080808,25719.8928282828,11619.5006060606,13258.3535353535,4157.73444444444,385.49600687054,271.017800861564,514.142661882553,272.055638248926,121.859307433125,160.374227444072,107.793787418666,115.144924053792,64.4804966206406,4.66294145794881,5.57480743324467,18.4682562440124,8.29713217309807,6.45133798127521,3.83316127739432,3.03642988220306,17.9097951401454,4.84881154976456,-0.398014507302654,0.249277967319347,-3.46305049102744,-0.680816576444983,1.09754097497771,-0.650331971338222,0.189759104292356,2.94007657802051,-0.499681056304301,191,990,237,-245,1018,212,145,952,77,164.788888888889,1051.28888888889,179.733333333333,-154.222222222222,952.022222222222,179.888888888889,121.922222222222,986.8,101.744444444444,0.675191440145872,0.675191440145872,0.675191440145872,0.675191440145872,0.675191440145872,0.675191440145872,0.675191440145872,0.675191440145872,0.675191440145872,2222,1667,3890,2090,834,918,524,953,378,517.545745425071,441.769410697721,435.533901661382,569.661428571429,416.065714285714,522.99,292473.713149614,75760.7361480939,13945.3269748717,697570.641428571,465558.06,448159.204285714,0.414707056523626,175186.748011484,0.0737513174227547,84349.4311520198,0.475588336559904,308647.224298454,0.810275973269863,83773.8123511514,1.13793450263656,17003.3462118801,0.540310430103043,29671.4235613757,0.134112314302646,12489.0989623872,1.00457585520167,15480.5387452485,1.13073188277346,4549.36183734525,1
2524000,-1000,-29,-1603,-881,546,-353,-165,838,-194,1545,1784,465,572,1287,717,368,1504,330,191,1029,198,-167.5,944,176,106,990,116,221.27,1102.87,120.05,-176.23,969.85,180.18,105.66,1016.54,106.4,0,1504.19607218595,196.705292713836,0,954.278876425822,0,0,1003.52132443035,0,476.122641763653,1152.40045557089,331.933140858216,340.29127229478,977.152552061345,244.906063624403,149.769356011168,1023.92515351465,132.875430385004,179527.633434344,112832.902121212,96734.9570707071,85597.1081818182,14361.7045454545,27792.0682828283,11380.6307070707,15221.362020202,6398.90909090909,423.707013671409,335.906091223741,311.022438210987,292.569834709285,119.840329378113,166.709532669336,106.68003893452,123.374884073713,79.9931815276095,5.86045601104763,4.11053707020769,19.9643140483833,3.16573868133303,3.89155200225164,4.05216204659631,2.8398492044015,5.62050116587812,4.61977309367824,0.626693640371687,-0.354345673289671,-3.70876469182978,-0.237356240360164,-0.0329054051017616,0.30980860452039,-0.0322270600430836,1.41388440919965,-0.32382319863498,191,1000,188,-245,935,222,106,933,135,211.055555555556,1113.7,160.555555555556,-173.077777777778,969.844444444444,176.044444444444,105.444444444444,1006.57777777778,107.433333333333,0.634309554640566,0.634309554640566,0.634309554640566,0.634309554640566,0.634309554640566,0.634309554640566,0.634309554640566,0.634309554640566,0.634309554640566,2545,1813,2068,1453,741,1070,533,666,524,528.670756654455,450.492991141859,443.739893312463,618.938571428571,417.342857142857,526.542857142857,263751.299069904,93211.5261189482,19320.5142156407,713528.224285714,484544.674285714,466504.054285714,0.133449317610544,203385.449536914,0.174894428826131,128875.31546468,0.327029277924557,96511.338574063,0.261774582210001,100908.405544544,0.465854444396882,16390.4270234793,0.336073319766771,31353.6544413494,0.496264144350682,12618.7507767224,0.477602958553483,17773.0237914877,0.983018855033812,6457.29072861233,1
2525562,-1232,-39,-2118,-1590,611,-303,-116,809,-126,1777,2352,673,581,1370,848,368,1695,514,141,1058,217,-240.5,948.5,191,116,980,116,188.61,1174.84,175.17,-206.87,969.28,211.86,107.41,1005.25,126.56,276.300075381105,1398.38161882154,228.412291817696,-358.956389247868,952.856156489081,0,0,987.707525527864,0,472.793792260431,1239.51557473071,374.472629173348,414.023876123105,977.540485095119,297.667868605263,140.831211029374,1015.96188412755,157.216792996168,189858.826161616,157727.105454545,110651.738484849,129919.770808081,16244.1228282828,44163.1317171717,8380.32515151515,21869.6843434343,8787.56202020202,435.727926763498,397.148719568055,332.643560714541,360.443852504216,127.452433591057,210.150259855113,91.5441158759816,147.884023286609,93.7419970994966,7.76364288417019,3.85787778172075,26.468628087627,4.26172700725889,3.83405033108167,3.34536894375849,3.54030806186994,7.94927476907491,5.25029053088582,1.12384328300092,0.0178718781729162,-4.2477748462957,-0.381832221223765,0.437793316287807,0.0950417757596481,0.264982605574099,1.92990642694326,0.552826802332307,141,1019,207,-245,925,171,135,914,155,163.666666666667,1181.46666666667,219.6,-200.855555555556,965.611111111111,210.833333333333,105.744444444444,989.266666666667,124.888888888889,0.636961071347527,0.636961071347527,0.636961071347527,0.636961071347527,0.636961071347527,0.636961071347527,0.636961071347527,0.636961071347527,0.636961071347527,3009,2391,2791,2171,759,1151,484,886,640,559.440388878666,464.889868570105,439.954145739022,659.408571428571,417.544285714286,531.094285714286,295822.218046632,140590.72697718,23141.8070878599,814355.391428571,520974.57,461455.328571428,0.165599353265581,211576.431132761,0.140009377986852,185503.171660468,0.33202100807047,117413.311965542,0.211582835937788,141060.586363353,0.388031516019812,18592.914765209,0.298990278045348,49335.8445544616,0.650548631240203,9677.49033359961,0.46953899798052,25660.1171928819,0.642726850775934,8501.08190013773,1
2527125,-1535,156,-2128,-1600,555,-222,-310,638,-271,1383,2294,980,736,1425,858,495,1752,359,202,995,217,-31.5,944,181,165,971,126,217.86,1050.58,185.63,-57.72,949.5,199.35,165.57,981.93,137.14,0,874.343728044368,0,0,918.862013983366,165.513130760717,0,960.549247290937,255.341775858012,495.322743269477,1111.99824640149,426.185464322752,382.073265225402,963.969709067666,302.579890276932,233.473103375956,994.160706324687,183.617428366699,199880.444848485,134163.397575758,148662.174848485,144089.274343434,27967.0202020202,52337.5429292929,27369.9647474747,24413.1162626263,15058.5660606061,447.07990879538,366.283220439809,385.567341522184,379.590930270251,167.233430276426,228.773999679362,165.438703898074,156.246972011064,122.713349154059,5.74456946229009,4.85709951598707,15.5339239784135,6.28150143697599,3.63240854380611,3.31029685064637,3.78348392730103,9.89812413777813,3.39892596949748,-0.023627431308707,0.665991904737949,-2.4472925903829,-1.15309823950579,0.189892764614023,0.605364751728234,-0.814999576414698,1.74328247532517,-0.406047253870531,232,980,217,236,972,252,165,914,116,215.8,1039.6,213.5,-38.1777777777778,947.555555555556,189.622222222222,175.111111111111,972.144444444444,141.477777777778,0.623570208212797,0.623570208212797,0.623570208212797,0.623570208212797,0.623570208212797,0.623570208212797,0.623570208212797,0.623570208212797,0.623570208212797,2918,2138,3108,2336,870,1080,805,1114,630,518.785112617969,454.854137781877,439.25622195108,623.172857142857,467.627142857143,550.56,270302.103096952,164958.968799129,40297.3701363267,712936.615714286,500045.215714286,461391.668571428,0.321692667800381,218800.8034728,0.283239549548625,148861.41977437,0.237838981365179,146003.723124518,0.37498921799924,166562.618917764,0.269397409057052,32198.7989377829,0.277127920812441,61660.9238064156,0.339811988782545,29117.9034418984,0.846620131750554,27739.5403207089,0.310160195106464,14904.5700790729,1
2528687,-1848,460,-613,-2172,370,-222,-320,790,-165,919,2509,821,590,1240,767,466,1561,368,222,1009,89,-645,537,525,-130.5,971,223,203.45,1021.4,64.92,-579.5,637.4,469.62,-62.9,995.63,159.74,229.634459602324,998.777577076744,0,-588.881398309536,584.504745707708,351.464958830411,-1290.21280792164,983.194072893109,0,373.827727703551,1037.62661877961,163.853898336292,636.214775056348,670.671171290372,494.485227281867,214.64640691146,1003.66273717818,224.765299812938,99348.7550505045,33748.5252525251,22862.1147474747,69645.4444444444,43960.6666666666,24214.844040404,42542.0909090909,16222.0132323232,25255.1236363636,315.196375376533,183.707716910654,151.202231291323,263.904233472001,209.667991516747,155.611195099851,206.257341467136,127.365667400298,158.918606954515,28.9055242564502,47.0512002429547,15.1670597801059,19.7061048340261,3.77049585233028,7.4230006235884,2.31112537856326,11.7645740954674,1.63869501658816,-4.72598750081664,5.49667367656867,-0.282184113416922,-0.582699208875102,1.2326377499085,-1.71718387586007,0.566244820653617,2.72267842358148,-0.393721677379089,212,1009,108,-654,490,555,-291,923,330,240.433333333333,1007.16666666667,70.1555555555556,-593.488888888889,620.411111111111,483.577777777778,-75.1,979.122222222222,164.222222222222,0.778011303546538,0.778011303546538,0.778011303546538,0.778011303546538,0.778011303546538,0.778011303546538,0.778011303546538,0.778011303546538,0.778011303546538,2767,2049,1434,2762,870,989,786,771,533,467.306594806405,442.430636096462,447.041353150552,552.758571428571,226.08,468.201428571429,109645.785503253,87731.8465809375,62285.1458291869,532827.544285714,471036.3,473113.461428571,0.695836261698052,111497.95281996,3.87420631513577,37721.8037957709,6.06229981921037,23455.4148709033,0.954013288680883,68112.4434287198,0.148904096859177,36283.5697493376,0.187071064569367,22627.0762411242,0.036437574665544,32511.4226511479,0.118545291679168,17158.092478601,0.0569602038679943,19703.0026739549,1
2530250,50,990,69,-727,268,464,-310,685,165,272,1068,217,-609,629,636,-29,1219,359,171,1019,148,-654,481,565,-160,980,266.5,166.7,1017.08,144.17,-656.25,483.91,559.46,-169.97,969.03,269.23,148.467197281003,1016.8826229519,137.726719891721,-655.355846615044,469.302894589045,556.561398660965,-131.332337321992,958.807409412753,261.043530511137,172.177001948576,1017.17945319398,146.831297753578,656.714938158102,490.185913710298,560.860446100454,183.272993100457,973.56487713968,273.021189653844,1874.77777777777,204.357171717172,782.263737373737,616.613636363636,6175.09282828283,1584.79636363636,4746.65565656566,8898.41323232322,2076.54252525252,43.2987041119913,14.2953549000076,27.9689781253041,24.831706271693,78.5817588775082,39.8095009217192,68.8959770709848,94.3314010938204,45.5690961645337,3.89798022429415,3.50120021026873,3.58519235279573,4.23052681061425,3.54097498995182,2.51107019268764,2.44624358070252,4.83058325295572,2.60257730583712,-0.966258998085051,0.587210258552082,-0.356844293574042,-1.14271060309289,-0.387412290738689,-0.359101082598462,-0.119090222844541,-0.843772468373606,-0.104338098361671,171,1009,158,-645,462,565,-155,990,252,168.777777777778,1016.6,144.711111111111,-654.744444444444,487.122222222222,560.4,-170.133333333333,972.833333333333,269.966666666667,0.76420450650862,0.76420450650862,0.76420450650862,0.76420450650862,0.76420450650862,0.76420450650862,0.76420450650862,0.76420450650862,0.76420450650862,222,78,148,118,361,172,281,534,194,446.554615432057,425.509432392616,438.853905260091,569.121428571429,165.908571428571,457.838571428571,2278.89485909782,7354.34201048873,10170.5015990292,465367.881428571,422623.362857143,452553.484285714,0,1806.53755134073,0,176.898912733442,0,810.159212989154,0,651.495508236936,0.0149128021832648,7228.80084238035,0,1600.98507883276,0,3956.81230942808,0.28620073340338,10306.8397956508,0,1770.58384203529,1
2531812,171,980,138,-663,435,545,-174,961,233,212,1029,188,-618,500,646,-135,1000,291,191,1009,168,-636,453,606,-155,971,266.5,192.85,1011.25,166.6,-638.88,457.56,600.83,-152.69,975.27,266.61,192.42198479775,1011.15742572033,165.886453230926,-638.756875945488,457.267115349966,600.261547307545,-152.176353884129,975.208513557644,266.072604939292,193.061777677509,1011.29617323512,166.947896063413,638.941969195951,457.710235847965,601.10667106596,152.942832457098,975.300861273074,266.876656903522,82.5530303030302,94.3308080808081,117.212121212121,79.9854545454544,138.895353535354,335.900101010101,78.0544444444445,60.8051515151516,143.694848484848,9.08586981543485,9.71240485568884,10.8264546926554,8.94345875740781,11.7853872883055,18.3275776088959,8.83484263835211,7.79776580278939,11.9872786104624,2.68659415940307,3.01325003774466,2.87377244305088,3.22621015158539,4.99211644549808,4.33338502617022,2.55411122950377,3.33591276421223,2.80317133293237,-0.131109335370813,-0.236247274804498,-0.247909505396245,-0.505629659063839,1.08834460769678,-0.784329277980296,0.167199641238939,0.501211171981336,-0.0764343090190104,191,1009,168,-636,453,595,-155,971,262,192.888888888889,1011.33333333333,166.666666666667,-638.5,456.9,601.755555555556,-152.888888888889,975.133333333333,266.611111111111,0.76420450650862,0.76420450650862,0.76420450650862,0.76420450650862,0.76420450650862,0.76420450650862,0.76420450650862,0.76420450650862,0.76420450650862,41,49,50,45,65,101,39,39,58,446.98450455139,424.042556591543,438.26925371778,587.442857142857,179.79,466.795714285714,121.437880483502,412.285961623032,151.10629691427,466227.6,419603.455714285,448211.327142857,0,57.484119284715,0,71.7089221613329,0,83.355430626694,0,68.7240283801595,0,126.59691968048,0,284.745021047911,0,64.1547337078681,0,45.913351348974,0,111.095436870052,1
2533375,171,990,138,-645,435,585,-155,952,242,222,1029,207,-618,472,636,-116,990,310,191,1009,168,-636,453,611,-145,971,271,192.6,1010.55,168.69,-632.04,454.66,610.47,-145.22,974.06,269.84,192.104999675311,1010.47546125582,167.918717892673,-631.985397085062,454.548956752294,610.230267751431,-144.865926696107,973.992862222736,269.160787462123,192.850460201681,1010.58723027753,169.080010645848,632.067322363686,454.715603427021,610.589936045461,145.388513989242,974.093517071128,270.177497212481,97.5151515151515,76.0075757575758,133.064545454545,34.8872727272728,51.0751515151515,147.928383838384,49.4662626262626,65.9559595959596,184.095353535354,9.87497602605452,8.71823237575002,11.5353606555905,5.90654490605741,7.14668815012601,12.1625812983258,7.03322562031552,8.12132745282196,13.5681742889511,3.13936742039,2.54233754945104,3.63001317213918,2.7310385125788,3.12616878358462,2.48468608151682,5.13032293094051,2.7578379983752,3.28111224630623,0.349492863291787,-0.106895685249579,0.350647481563897,-0.100676542072169,0.131091988236437,0.0636318961952763,0.801897945525198,-0.169650448286612,0.000181351152376413,191,1009,168,-636,453,616,-145,971,271,192.388888888889,1010.55555555556,168.555555555556,-631.9,454.5,610.244444444444,-145.555555555556,974,269.8,0.76420450650862,0.76420450650862,0.76420450650862,0.76420450650862,0.76420450650862,0.76420450650862,0.76420450650862,0.76420450650862,0.76420450650862,51,39,69,27,37,51,39,38,68,446.824585245403,424.054335975345,437.671975416097,587.931428571429,185.61,470.862857142857,133.888197277627,152.5226389831,184.962052158921,465885.385714286,419612.335714285,446996.52,0,67.6720829151418,0,61.4741175085878,0,108.516804295696,0,26.0120874736635,0,41.9484667019448,0,118.368831185738,0,35.2704189255882,0,58.4576241873059,0,129.001866784668,1
2534937,171,990,148,-645,444,565,-165,961,233,212,1039,198,-618,472,636,-126,1000,300,191,1009,168,-627,453,616,-145,975.5,271,194.71,1009.45,170.9,-630.87,455.76,614.6,-143.12,975.7,269.26,194.351639423877,1009.36326735358,170.24570077817,-630.810585077646,455.676810859324,614.340031677323,-142.756288194898,975.630602386441,268.578750072772,194.886710680847,1009.49351161857,171.223246085337,630.899857346632,455.802062303364,614.728476646397,143.30394272315,975.734748791904,269.590652656949,69.5413131313131,88.7348484848486,111.707070707071,38.0536363636364,38.729696969697,159.535353535353,53.2177777777777,68.4949494949495,179.972121212121,8.33914342911267,9.41991764745577,10.5691565750097,6.16876295245946,6.22331880668965,12.6307305226322,7.29505159527866,8.27616756083089,13.4153688436853,3.18083248738828,4.07931193104092,2.56485493417696,2.98886796342108,3.8921714235516,4.24713305371814,3.53198053653298,2.9453336494283,2.71997566966027,-0.219014961555835,0.390183559425586,-0.0829951138666698,-0.537576819031211,0.860330135628962,-0.498367163181695,-0.35723107016394,0.188855952474015,-0.505053448801179,191,1009,178,-627,453,616,-145,971,281,194.733333333333,1009.22222222222,171,-630.7,455.511111111111,614.944444444444,-142.888888888889,975.611111111111,269.566666666667,0.76420450650862,0.76420450650862,0.76420450650862,0.76420450650862,0.76420450650862,0.76420450650862,0.76420450650862,0.76420450650862,0.76420450650862,41,49,50,27,28,71,39,39,67,446.679908722661,425.043726963911,438.15160712729,589.311428571429,188.352857142857,472.217142857143,119.556910466364,160.735424237911,186.304994823326,465589.448571428,421577.678571429,447974.331428572,0,46.0161742935127,0,65.5999367704157,0,71.4072887737738,0,26.4289865365,0,28.2228392023695,0,104.300620685832,0,34.2621768633246,0,48.3810355372464,0,132.256248845553,1
2536500,171,990,138,-645,435,585,-155,952,242,222,1039,198,-618,472,656,-126,990,300,191,1009,168,-627,453,616,-145,980,271,194.31,1011.02,168.3,-629.79,453.28,613.17,-140.73,976.14,272.79,193.727428904336,1010.94561828166,167.517797595103,-629.73439782307,453.155281158795,612.90805308717,-140.435196947819,976.086802253354,272.21247591042,194.601207601597,1011.05725851704,168.688470263975,629.817902254294,453.341968055021,613.301369638125,140.877712928625,976.166512435251,273.073781238697,114.397878787879,76.100606060606,132.232323232323,35.5009090909091,56.7490909090909,162.748585858586,42.0172727272727,52.2832323232323,156.470606060606,10.6956944041927,8.72356613207041,11.4992314192003,5.95826393263249,7.53319924793516,12.7572953974808,6.48207318126483,7.23071450986915,12.5088211299309,2.53614201831253,3.24654016744648,3.06456227816354,3.21822336217377,2.80529524511258,3.57628932202674,2.61420560299119,3.68050696342633,2.70282191136616,0.0927055886362129,0.232774636382776,0.0615254723340679,-0.408243604065537,-0.347405613832204,0.203139141550848,-0.130247608537574,-0.420534062896271,-0.291128942527897,191,1009,158,-627,453,616,-145,980,271,194.288888888889,1010.74444444444,168.333333333333,-629.7,453.6,613.133333333333,-140.555555555556,976.311111111111,273.166666666667,0.76420450650862,0.76420450650862,0.76420450650862,0.76420450650862,0.76420450650862,0.76420450650862,0.76420450650862,0.76420450650862,0.76420450650862,51,49,60,27,37,71,29,38,58,447.131681228898,423.882531551247,438.583314884867,588.698571428571,187.14,474.942857142857,144.026490063227,162.878663271597,161.238023947068,466526.661428571,419283.471428571,448850.091428571,0,93.3029445555898,0,58.6791963182665,0,100.686858452395,0,21.2912229332383,0,36.9215030776227,0,130.193951052748,0,31.7638181883471,0,36.6210333082378,0,107.175170062498,1
2538062,171,980,148,-636,435,585,-165,952,242,212,1039,198,-618,472,636,-126,990,310,191,1009,168,-627,453,616,-145,971,271,194.64,1009.22,171,-630.33,453.73,612.97,-141.55,972.67,274.44,194.195684773434,1009.12909464662,170.303497504417,-630.281876228577,453.604199593649,612.752092126565,-141.201532212059,972.616724787919,273.743783505859,194.859231241427,1009.26561419678,171.353435915362,630.353971987169,453.792298303971,613.078926403444,141.723498404464,972.696607375599,274.789119144117,86.2529292929293,93.0016161616161,122.222222222222,30.5263636363636,57.1081818181819,134.898080808081,49.6439393939395,52.2839393939394,193.683232323232,9.28724551699423,9.64373455470525,11.0554159678513,5.52506684451542,7.55699555499287,11.6145633068179,7.04584554144777,7.23076340326105,13.9170123346655,2.59894399142281,4.0746154911664,2.44908134690253,2.33535013926724,3.14796539198562,2.7346738723072,3.55880768010183,3.06517330284899,2.48949201556467,-0.19003686464818,0.403799544028401,0.333583771600301,0.415951769256015,-0.542390939485289,0.0241356150008166,-0.0487309654493538,-0.13644224460845,0.144137999995505,191,1009,168,-627,453,616,-145,971,271,194.655555555556,1008.85555555556,170.777777777778,-630.7,454.2,612.911111111111,-141.555555555556,972.677777777778,274.266666666667,0.76420450650862,0.76420450650862,0.76420450650862,0.76420450650862,0.76420450650862,0.76420450650862,0.76420450650862,0.76420450650862,0.76420450650862,41,59,50,18,37,51,39,38,68,446.591651096263,424.063436810933,437.409315535035,589.225714285714,187.015714285714,473.811428571429,128.128682751764,141.009577913015,194.245319991152,465406.799999999,419631.15,446457.128571428,0,76.6001980116911,0,54.8739040390235,0,97.3923132910317,0,20.9629497317682,0,49.292504098823,0,118.354302247095,0,38.7603469062523,0,34.2720852323266,0,147.271846267284,1
2539625,171,980,138,-672,425,585,-165,952,242,222,1029,207,-609,472,646,-126,990,310,191,1009,168,-627,453,616,-145,971,271,193.94,1010.24,171.39,-629.52,452.28,614.09,-142.74,973.57,273.65,193.355744061196,1010.16150539401,170.451962978395,-629.410571317724,452.114183156995,613.800493525311,-142.253591234902,973.492024420228,273.055526753246,194.226465755828,1010.27924852488,171.855317054783,629.575428364227,452.362045269052,614.234800381743,142.986153175753,973.608930731431,273.941946404708,112.319595959596,80.1034343434343,161.331212121212,70.4945454545455,74.9713131313131,179.658484848485,71.0428282828283,76.570808080808,161.482323232323,10.5980939776733,8.95005219780501,12.7016224208253,8.39610299213543,8.65859764230404,13.4036743040289,8.42869078106608,8.75047473459629,12.7075695249848,2.82997079216419,3.57538447350315,3.42669472841885,8.47537909647919,3.6884247308722,2.99009994118857,2.66747724100255,3.29341983065976,3.20433402882746,-0.247427639847742,0.0286439605523166,0.0940797739965081,-1.06820327312666,-0.494387665851526,0.0636185435655641,-0.312012239293401,-0.141001698090803,-0.276155959285975,202,1009,168,-627,453,606,-145,971,281,194.1,1010.1,171.333333333333,-629.2,452.7,614.155555555556,-142.666666666667,973.755555555556,273.911111111111,0.76420450650862,0.76420450650862,0.76420450650862,0.76420450650862,0.76420450650862,0.76420450650862,0.76420450650862,0.76420450650862,0.76420450650862,51,49,69,63,47,61,39,38,68,446.998336485786,423.868162834868,437.758500774572,589.53,187.221428571429,473.348571428571,162.405679497062,186.94360168553,169.500810296216,466252.427142857,419263.298571429,447172.962857143,0,101.101586167031,0,63.7939040919001,0,119.361668531833,0,55.4391670850488,0,59.2368309401607,0,166.907307955537,0,63.6583392739464,0,67.0055450665523,0,129.164120476695,1
2541187,171,980,148,-872,-175,-141,-184,952,252,212,1068,207,-181,685,1464,-126,990,320,191,1009,168,-636,453,606,-165,971,281,194.29,1010.55,169.89,-626.13,444.11,607.12,-158.77,970,279.48,193.847596411031,1010.43518957196,169.088473964248,-608.109930867188,461.707050921502,634.233787039679,-157.921122617556,969.933190987737,278.899906902448,194.511619190217,1010.60811890663,170.303405720496,629.788686783115,450.181841037597,620.561213741239,159.171197143202,970.033432413543,279.7677608303,87.0362626262626,118.65404040404,142.058484848485,4641.42737373737,5484.84636363636,16668.2076767677,128.845555555555,65.5151515151515,162.555151515152,9.32932273138102,10.8928435407859,11.9188290049184,68.1280219420568,74.0597486063541,129.105413042086,11.3510156178007,8.09414303772497,12.7497118208668,2.45261149948542,9.63450635741838,3.46344828529057,30.5126808915121,52.331923322131,32.2287021963491,3.26057864099313,2.80183633260623,3.20521574169836,0.120925776130449,1.23615683035999,0.610984132836033,4.22643506518219,-5.97795566994762,0.844742443645363,0.610756623591105,0.117506385507817,-0.0652793685949492,191,1009,168,-645,453,606,-165,971,281,194.155555555556,1010.23333333333,169.444444444444,-634.055555555556,451.311111111111,607.522222222222,-159.333333333333,969.911111111111,279.644444444444,0.768200289650149,0.768200289650149,0.768200289650149,0.768200289650149,0.768200289650149,0.768200289650149,0.768200289650149,0.768200289650149,0.768200289650149,41,88,59,691,860,1605,58,38,68,447.042368368219,424.128768736422,438.001742277364,589.17,182.185714285714,467.447142857143,144.061913944382,20940.1668624373,191.745269164223,466357.195714286,421883.014285714,447672.998571429,0,68.3524508049201,0,67.2793237305102,0,118.983323229298,0,2471.27942471581,3.93541860356749,5547.24099906708,4.91161845242272,14763.5435584009,0,99.9904256134088,0,46.6813992521711,0,115.97264762929,1
2542750,161,960,128,-4754,-1129,-2757,-194,942,262,242,1058,217,1054,953,1717,-155,990,320,191,1009,168,-745,462,444,-174,971,291,194.35,1011.34,163.09,-763.57,446.58,443.78,-170.19,965.85,290.62,193.391941193916,1011.13718351843,161.449796154844,-893.351602782535,444.641611706627,0,-169.746284675367,965.749362174818,290.122196667572,194.826461241793,1011.44123902479,163.897071358826,926.740907697507,483.364127754636,606.681547436544,170.416577832088,965.90020706075,290.867048666569,187.300505050505,206.852929292929,266.567575757576,278595.52030303,34552.7107070707,172850.314747475,77.9534343434343,97.9671717171716,145.106666666667,13.6857774733665,14.3823826013957,16.3268973095802,527.821485260907,185.883594507613,415.752708647189,8.82912421157581,9.89783671905996,12.0460228568049,3.53545151386948,5.16005695389965,3.11931324400759,38.2593240521373,53.4647878487295,38.610238221789,3.60230134038496,2.85781534561904,2.3672405161471,0.108953804497956,-0.055163985552841,0.0611452171530752,-4.58651339768435,-5.99941933219353,-4.27647124782599,-0.541614054539139,-0.196933837211718,-0.114680698693112,191,1009,168,-736,462,434,-174,971,300,194.444444444444,1011.22222222222,163.111111111111,-737.633333333333,458.8,461.8,-169.822222222222,965.944444444444,290.622222222222,0.768200289650149,0.768200289650149,0.768200289650149,0.768200289650149,0.768200289650149,0.768200289650149,0.768200289650149,0.768200289650149,0.768200289650149,81,98,89,5808,2082,4474,39,48,58,446.952313706649,467.34887821399,438.425979051183,586.62,54.3385714285714,465.548571428571,291.465026627086,294389.62300528,162.687859586166,466214.134285714,625950.895714286,448546.568571429,0,153.989126865112,0,120.255004763685,0,271.636240664092,4.163892819337,290292.781516952,4.04904822316951,26557.6810299009,2.34307632615168,135980.784316056,0,64.6425883363881,0,72.7311570926622,0,112.050061808028,1
2544312,161,990,138,-1336,-9,-1161,-184,942,252,232,1039,198,-300,1287,666,-145,990,310,202,1009,168,-827,435,-141,-165,971,281,198.71,1011.22,171.1,-815.66,489.01,-214.95,-167.12,966.42,285.11,197.956487825128,1011.12145528455,170.10923787189,-753.245802191378,0,0,-166.762837315189,966.358008253382,284.654536113723,199.075940284104,1011.26909376288,171.582633153825,841.335438454841,566.315062487305,416.295075637462,167.294889342143,966.450929949369,285.332875778449,147.036262626263,100.294545454545,167.060606060606,42973.8226262626,82406.0302020202,128381.906565657,59.0763636363636,60.3874747474748,128.422121212121,12.1258510062701,10.014716444041,12.9251926894962,207.301284671038,287.06450529806,358.30420952824,7.68611498979579,7.77093782934047,11.3323484420539,4.18209621372633,3.02568670181818,2.67068211939334,3.40134110055378,3.23693249680319,3.50543420329349,3.39478945584094,3.54354991011915,3.67803388221161,-0.260520980784834,-0.346680398131597,-0.196484006887059,-0.00120907815970747,0.909006823334163,-0.842806817627242,0.333747596954278,-0.243985759248726,-0.42860538849706,202,1019,178,-827,259,111,-165,971,281,198.844444444444,1011.3,171.333333333333,-814.411111111111,477.122222222222,-196.4,-167.188888888889,966.466666666667,285.455555555556,0.883990387745888,0.883990387745888,0.883990387745888,0.883990387745888,0.883990387745888,0.883990387745888,0.883990387745888,0.883990387745888,0.883990387745888,71,49,60,1036,1296,1827,39,48,58,447.778926309809,457.435914640158,437.766453869606,591.87,-232.114285714286,464.747142857143,199.179995091111,153976.040089319,137.027112719816,467887.29,515082.711428572,447184.212857144,0,105.564282325554,0,56.436947528032,0,144.985825120407,0.683917129410762,44137.3069665702,0.236330390121918,79444.4986436913,0.791197364626787,112976.913224791,0,42.4890570658189,0,41.0930934232753,0,86.182496430102,1
2545875,181,990,138,-936,-333,-1303,-184,952,252,222,1039,198,36,814,232,-145,1000,310,202,1009,168,-340.5,402.5,-813,-155,971,281,197.41,1010.27,168,-392.58,385.89,-684.99,-159.12,969.83,284.21,196.968487094035,1010.18256075202,167.183551363644,0,374.278064749141,-779.594094667052,-158.722314457046,969.742908341911,283.695484921165,197.63281610097,1010.31387697091,168.410213466998,480.546480582264,411.953771678328,763.89108516856,159.320055234738,969.873677341539,284.464145368094,88.9110101010102,89.5526262626263,139.393939393939,77581.6804040404,21004.8665656566,115473.02010101,64.3490909090908,85.5768686868686,145.985757575757,9.42926349727327,9.46322493987258,11.8065210538049,278.53488184434,144.93055773596,339.81321354681,8.02178851061849,9.25077665317181,12.0824566035123,2.65424037759018,3.11693375336173,2.99306868304978,1.92573670274294,12.3822069469328,3.26124593403278,3.00512437267186,3.4185592499291,3.06629908049082,0.281990942826933,0.40662142908101,0.2220669210675,-0.234048330246279,-2.11157342042155,0.970241038447861,-0.229480530836298,0.342267408021571,-0.188175719686722,191,1009,168,-763,435,-888,-155,971,281,197.288888888889,1010.02222222222,167.777777777778,-388.111111111111,398.144444444444,-699.944444444444,-158.966666666667,969.588888888889,284.344444444444,0.904381457724494,0.904381457724494,0.904381457724494,0.904381457724494,0.904381457724494,0.904381457724494,0.904381457724494,0.904381457724494,0.904381457724494,41,49,60,972,1147,1535,39,48,58,447.046270364111,421.141052707032,438.498704109415,589.577142857143,-296.434285714286,469.251428571429,145.140138177494,162752.094276563,148.785587711815,466352.082857143,421783.037142857,448696.148571428,0,53.1325801388659,0,74.6949625223803,0,87.6920195118458,0.190904050962281,69541.4478151166,0.356421172601122,20664.8199073758,0.139797266079796,102948.183637103,0,56.8413121046003,0,65.3366731134827,0,100.95699917214,1
2547437,171,990,148,-1145,-83,-1282,-184,952,252,212,1039,198,327,527,363,-145,980,320,191,1009,168,-172,148,-823,-165,971,281,196.48,1008.56,172,-397.32,174.48,-519.73,-160.62,968.2,283.23,196.035831864915,1008.47491654306,171.333765943657,0,0,814.11540190643,-160.24147265347,968.147326755931,282.439143222868,196.700889677703,1008.60281578032,172.336879396141,616.833364856344,216.202636431659,745.005550314895,160.806965023285,968.226306190862,283.623077340332,87.7268686868687,87.2387878787877,117.171717171717,224868.906666667,16464.9591919192,287791.916262626,60.7026262626263,51.4545454545455,225.067777777778,9.36626225806584,9.34017065576361,10.8245885451465,474.203444385073,128.315857133556,536.46240899305,7.79118901469001,7.17318237984686,15.0022590891431,2.48782396917526,3.52469375962174,2.88822829964328,1.33102805820233,3.14575506592219,1.49678722118103,3.07589428084029,2.46108704066726,2.35057580830069,-0.0287801223303203,0.719816587210265,0.307357801120638,-0.151561229822971,0.771809673448167,0.49669642647555,0.143164952264979,-0.144269205993023,-0.0289855225614698,191,1009,168,-45,148,-929,-165,971,281,196.588888888889,1008.12222222222,171.666666666667,-396.933333333333,168.477777777778,-528.333333333333,-160.633333333333,968.344444444444,283.144444444444,0.846207199895705,0.846207199895705,0.846207199895705,0.846207199895705,0.846207199895705,0.846207199895705,0.846207199895705,0.846207199895705,0.846207199895705,41,49,50,1472,610,1645,39,28,68,446.535226425095,422.380308975722,437.834449509598,590.16,-318.244285714286,467.49,124.156637074637,485631.944693255,228.537517767945,465287.52,420968.678571429,447327.047142858,0,68.557888973826,0,76.7043661382475,0,82.7749814495143,0.0566928861486018,162939.666331629,0.340150068243013,16069.0262325265,0.0562700944257159,209487.100131407,0,53.6671529349125,0,37.0384971508341,0,168.37020007695,1
